month,hour,day_type,daylight_savings_status,indoor_dry_bulb_temperature,indoor_relative_humidity,non_shiftable_load,dhw_demand,cooling_demand,heating_demand,solar_generation,occupant_count,indoor_dry_bulb_temperature_set_point,hvac_mode
1,1,1,0,21.33635,15.263559,0.5093824,0.0,0.0,1.6340476,0.0,1.0,21.333334,3
1,2,1,0,21.333387,15.297101,0.5082829,0.0,0.0,1.8828758,0.0,1.0,21.333334,3
1,3,1,0,21.333336,15.317194,0.5071834,0.0,0.0,1.926742,0.0,1.0,21.333334,3
1,4,1,0,21.333334,15.331734,0.50608385,0.0,0.0,2.0283542,0.0,1.0,21.333334,3
1,5,1,0,21.333334,15.337286,0.6406835,14.112486,0.46237418,0.0,0.0,1.0,21.333334,3
1,6,1,0,21.333334,15.437565,0.5049844,1.075868,0.0,1.6780046,0.0,0.0,21.333334,3
1,7,1,0,21.333334,15.436011,0.5071834,0.0,0.0,2.0431108,0.0,0.0,21.333334,3
1,8,1,0,21.333334,15.353371,0.5093824,0.0,0.0,2.1740115,0.0,0.0,21.333334,3
1,9,1,0,21.333334,15.308574,0.51048195,2.1824055,0.0,1.9593024,0.0,0.0,21.333334,3
1,10,1,0,21.333334,15.284279,0.51048195,0.72796226,0.0,1.9949217,0.0,0.0,21.333334,3
1,11,1,0,21.333334,15.220247,0.5093824,0.0,0.0,1.8939496,0.0,0.0,21.333334,3
1,12,1,0,21.333334,15.172255,0.5093824,0.0,0.0,1.4202567,0.0,0.0,21.333334,3
1,13,1,0,21.333334,15.137853,0.5115815,0.0,0.0,1.404836,0.0,0.0,21.333334,3
1,14,1,0,21.333334,15.109676,0.5115815,0.0,0.0,1.3951056,0.0,0.0,21.333334,3
1,15,1,0,21.333334,15.084461,0.5115815,0.0,0.0,1.2867004,0.0,0.0,21.333334,3
1,16,1,0,21.333334,15.036659,0.51048195,0.0,0.0,1.2772373,0.0,0.0,21.333334,3
1,17,1,0,21.333334,14.963334,0.51378053,0.0,0.0,2.0730302,0.0,0.0,21.333334,3
1,18,1,0,21.333334,14.872634,0.54818195,0.0,0.0,2.213976,0.0,0.0,21.333334,3
1,19,1,0,21.333334,14.824896,0.550381,0.0,0.0,1.4719472,0.0,0.0,21.333334,3
1,20,1,0,21.662834,14.480242,0.5181786,0.0,0.0,1.6413786,0.0,0.0,21.666666,3
1,21,1,0,21.666637,14.426804,0.5170791,0.0,0.0,1.6657777,0.0,0.0,21.666666,3
1,22,1,0,21.666666,14.430979,1.181414,0.0,0.0,1.2187418,0.0,1.0,21.666666,3
1,23,1,0,21.666666,15.016321,0.51378053,5.26877,0.76714844,0.0,0.0,0.0,21.666666,3
1,24,1,0,21.666666,15.526888,0.51048195,0.0,0.0,1.6564425,0.0,0.0,21.666666,3
1,1,2,0,20.525473,17.535652,0.72731924,7.646608,2.750988,0.0,0.0,1.0,20.444445,3
1,2,2,0,20.027843,18.262178,0.5082829,2.9007154,0.43512526,0.0,0.0,1.0,20.0,3
1,3,2,0,20.000095,18.288328,0.5071834,2.187596,0.0,0.9447211,0.0,1.0,20.0,3
1,4,2,0,20.000006,18.237751,0.50608385,0.0,0.0,1.2814885,0.0,1.0,20.0,3
1,5,2,0,20.0,18.212954,0.5049844,0.0,0.0,1.4563693,0.0,1.0,20.0,3
1,6,2,0,20.0,18.179043,0.5049844,0.0,0.0,1.4949313,0.0,1.0,20.0,3
1,7,2,0,20.0,18.156082,0.5071834,0.0,0.0,1.4880702,0.0,1.0,20.0,3
1,8,2,0,19.114891,19.160196,0.5093824,0.0,0.0,0.8190947,0.0,1.0,19.11111,3
1,9,2,0,21.638607,16.3867,0.51048195,0.0,0.0,2.5372186,0.0,1.0,21.666666,3
1,10,2,0,21.666231,16.336336,0.51048195,0.0,0.0,2.5985725,0.0,1.0,21.666666,3
1,11,2,0,21.666664,16.317297,0.9922697,0.0,0.0,1.8177874,0.0,1.0,21.666666,3
1,12,2,0,21.666666,16.792433,1.0034647,3.9683003,0.18074153,0.0,0.0,1.0,21.666666,3
1,13,2,0,21.666666,16.71564,1.0177448,0.0,0.0,1.4468001,0.0,1.0,21.666666,3
1,14,2,0,21.666666,16.68085,0.5115815,0.0,0.0,1.5524722,0.0,0.0,21.666666,3
1,15,2,0,21.666666,16.651773,0.5115815,0.0,0.0,1.5802641,0.0,0.0,21.666666,3
1,16,2,0,21.666666,16.608767,0.51048195,0.0,0.0,1.7453896,0.0,0.0,21.666666,3
1,17,2,0,21.666666,16.56544,0.51378053,0.0,0.0,2.6102846,0.0,0.0,21.666666,3
1,18,2,0,21.666666,16.581594,0.54818195,0.0,0.0,2.6014552,0.0,0.0,21.666666,3
1,19,2,0,21.776482,16.449648,0.550381,0.0,0.0,1.80994,0.0,0.0,21.777779,3
1,20,2,0,21.887554,16.318462,0.5181786,0.0,0.0,1.8621455,0.0,0.0,21.88889,3
1,21,2,0,21.997938,16.1941,0.5170791,0.0,0.0,1.9236883,0.0,0.0,22.0,3
1,22,2,0,22.110672,16.45087,1.181414,2.9410028,0.0,0.37407243,0.0,1.0,22.11111,3
1,23,2,0,22.21851,16.188375,0.51378053,0.0,0.0,2.0195386,0.0,1.0,22.222221,3
1,24,2,0,21.00227,17.601831,0.51048195,0.0,0.0,0.99203175,0.0,1.0,21.0,3
1,1,3,0,20.559523,17.920815,0.5093824,0.0,0.0,1.0897715,0.0,1.0,20.555555,3
1,2,3,0,20.555658,18.118773,0.5082829,0.0,0.0,1.4847963,0.0,1.0,20.555555,3
1,3,3,0,20.55556,17.912823,0.5071834,0.0,0.0,1.7088777,0.0,1.0,20.555555,3
1,4,3,0,20.555555,18.123573,0.50608385,0.0,0.0,1.8544756,0.0,1.0,20.555555,3
1,5,3,0,20.555555,18.09509,0.5049844,0.0,0.0,1.9048284,0.0,1.0,20.555555,3
1,6,3,0,20.555555,18.060587,0.6958611,0.0,0.0,1.88494,0.0,1.0,20.555555,3
1,7,3,0,20.555555,19.04949,0.84848166,7.5701427,1.5045474,0.0,0.0,1.0,20.555555,3
1,8,3,0,19.185825,21.275457,0.5093824,5.316533,1.593941,0.0,0.0,0.0,19.11111,3
1,9,3,0,18.341429,22.34461,0.51048195,0.0,0.0,0.4017805,0.0,0.0,18.333334,3
1,10,3,0,19.99345,20.208817,0.51048195,2.1911194,0.0,1.1782091,0.0,0.0,20.0,3
1,11,3,0,20.55482,19.51689,0.5093824,0.73038346,0.0,1.2004081,0.0,0.0,20.555555,3
1,12,3,0,20.555555,19.504208,0.5093824,0.0,0.0,0.55065167,0.0,0.0,20.555555,3
1,13,3,0,20.0016,20.171885,0.5115815,0.0,0.27008522,0.0,0.0,0.0,20.0,3
1,14,3,0,18.356012,22.353298,0.5115815,0.0,1.3645903,0.0,0.0,0.0,18.333334,3
1,15,3,0,18.333551,22.376125,0.5115815,0.0,1.3106622,0.0,0.0,0.0,18.333334,3
1,16,3,0,18.333359,22.372143,0.51048195,0.0,1.291904,0.0,0.0,0.0,18.333334,3
1,17,3,0,20.373758,19.597595,0.51378053,0.0,0.0,0.9188874,0.0,0.0,20.38889,3
1,18,3,0,21.661516,18.764454,3.395036,0.0,0.0,0.9019498,0.0,0.0,21.666666,3
1,19,3,0,21.666666,18.730644,1.3559514,0.0,0.0,0.12474788,0.0,1.0,21.666666,3
1,20,3,0,21.666666,18.76615,1.337997,0.0,0.08648916,0.0,0.0,1.0,21.666666,3
1,21,3,0,21.666666,18.742277,0.5170791,0.0,0.0,0.33929715,0.0,0.0,21.666666,3
1,22,3,0,21.666666,18.783237,1.181414,0.0,0.0,0.09985177,0.0,1.0,21.666666,3
1,23,3,0,21.666666,18.86355,0.96673065,1.4607489,0.0,0.2768644,0.0,1.0,21.666666,3
1,24,3,0,21.666666,18.891605,0.51048195,0.0,0.0,0.78862876,0.0,1.0,21.666666,3
1,1,4,0,21.666666,18.936321,0.5093824,0.0,0.0,0.96037894,0.0,1.0,21.666666,3
1,2,4,0,21.666666,18.977352,0.5082829,0.0,0.0,1.1282921,0.0,1.0,21.666666,3
1,3,4,0,21.666666,19.05464,0.5071834,0.0,0.0,1.3001199,0.0,1.0,21.666666,3
1,4,4,0,21.666666,19.116869,0.50608385,0.0,0.0,1.2650795,0.0,1.0,21.666666,3
1,5,4,0,21.666666,19.154856,0.5049844,0.0,0.0,1.4180533,0.0,0.0,21.666666,3
1,6,4,0,21.666666,19.158236,0.5049844,0.0,0.0,1.464469,0.0,0.0,21.666666,3
1,7,4,0,21.666666,19.162466,0.5071834,0.0,0.0,1.4871383,0.0,0.0,21.666666,3
1,8,4,0,21.666666,19.166256,0.5093824,0.0,0.0,1.5454823,0.0,0.0,21.666666,3
1,9,4,0,21.666666,19.18553,0.51048195,0.0,0.0,1.193068,0.0,0.0,21.666666,3
1,10,4,0,21.666666,19.2419,0.99784863,0.0,0.0,0.28724074,0.0,1.0,21.666666,3
1,11,4,0,22.22202,19.016384,0.9922697,3.2635295,1.081261,0.0,0.0,1.0,22.222221,3
1,12,4,0,22.222221,18.995802,0.5093824,0.0,0.0,0.37815857,0.0,0.0,22.222221,3
1,13,4,0,22.222221,18.982246,0.5115815,0.0,0.0,0.2626601,0.0,0.0,22.222221,3
1,14,4,0,21.66986,19.64073,0.5115815,0.7315195,0.38803047,0.0,0.0,0.0,21.666666,3
1,15,4,0,21.66671,19.636267,0.5115815,0.0,0.14512788,0.0,0.0,0.0,21.666666,3
1,16,4,0,21.666666,19.628168,0.51048195,0.0,0.0957734,0.0,0.0,0.0,21.666666,3
1,17,4,0,21.11402,20.214329,0.51378053,0.0,0.0,0.15963054,0.0,0.0,21.11111,3
1,18,4,0,21.111113,20.163197,0.54818195,0.0,0.0,0.2795646,0.0,0.0,21.11111,3
1,19,4,0,19.79731,21.84049,0.550381,0.0,0.78576505,0.0,0.0,0.0,19.777779,3
1,20,4,0,21.106188,20.126413,0.5181786,0.0,0.0,0.42431185,0.0,0.0,21.11111,3
1,21,4,0,21.111107,20.116966,0.5170791,0.0,0.0,0.17760797,0.0,0.0,21.11111,3
1,22,4,0,21.11111,20.227526,0.5159796,3.6576076,0.10529464,0.0,0.0,0.0,21.11111,3
1,23,4,0,21.11111,20.328974,0.51378053,0.0,0.0,0.23693569,0.0,0.0,21.11111,3
1,24,4,0,21.11111,20.377338,0.7983128,0.0,0.0,0.177767,0.0,1.0,21.11111,3
1,1,5,0,21.11111,20.403292,0.72731924,0.0,0.0,0.3110867,0.0,1.0,21.11111,3
1,2,5,0,21.11111,20.480389,0.5082829,0.0,0.0,0.52654845,0.0,1.0,21.11111,3
1,3,5,0,21.11111,20.469769,0.5071834,0.0,0.0,0.68606067,0.0,0.0,21.11111,3
1,4,5,0,21.11111,20.489801,0.50608385,0.0,0.0,0.72566134,0.0,1.0,21.11111,3
1,5,5,0,21.11111,20.551113,0.5049844,0.0,0.0,0.7663397,0.0,1.0,21.11111,3
1,6,5,0,21.11111,20.67483,0.5049844,0.0,0.0,0.78550076,0.0,1.0,21.11111,3
1,7,5,0,21.11111,20.800129,0.5071834,0.0,0.0,0.78162974,0.0,1.0,21.11111,3
1,8,5,0,21.11111,20.942717,0.5093824,0.0,0.0,0.79880124,0.0,1.0,21.11111,3
1,9,5,0,21.606846,20.385082,0.51048195,0.0,0.0,1.033057,0.0,1.0,21.61111,3
1,10,5,0,21.666601,20.317516,0.51048195,0.0,0.0,0.72285664,0.0,0.0,21.666666,3
1,11,5,0,21.666666,20.32567,0.5093824,0.0,0.0,0.22851619,0.0,0.0,21.666666,3
1,12,5,0,20.947031,21.246723,0.5093824,0.0,0.6264093,0.0,0.0,0.0,20.944445,3
1,13,5,0,21.666008,20.390097,1.0177448,0.0,0.391063,0.0,0.0,1.0,21.666666,3
1,14,5,0,21.666666,20.427383,1.4564524,0.0,0.78528136,0.0,0.0,1.0,21.666666,3
1,15,5,0,21.666666,20.475527,1.5137533,5.754626,1.0056394,0.0,0.0,1.0,21.666666,3
1,16,5,0,21.189144,21.737871,16.893211,0.0,2.3602185,0.0,0.0,1.0,21.11111,3
1,17,5,0,21.22194,21.657627,1.0993351,3.271746,0.92848617,0.0,0.0,1.0,21.222221,3
1,18,5,0,21.666395,21.04282,1.2558856,4.853235,0.36231282,0.0,0.0,1.0,21.666666,3
1,19,5,0,21.666664,21.61172,5.462602,4.7493877,1.9038345,0.0,0.0,1.0,21.666666,3
1,20,5,0,21.666666,22.50608,0.5181786,8.520165,3.7706404,0.0,0.0,0.0,21.666666,3
1,21,5,0,21.666666,22.485617,0.5170791,1.4652115,0.3253578,0.0,0.0,0.0,21.666666,3
1,22,5,0,21.445784,22.788387,0.5159796,0.0,0.2378032,0.0,0.0,0.0,21.444445,3
1,23,5,0,20.046022,24.858852,0.51378053,0.7326076,0.8183964,0.0,0.0,0.0,20.0,3
1,24,5,0,20.000385,24.99011,0.51048195,0.0,0.41525376,0.0,0.0,0.0,20.0,3
1,1,6,0,20.000002,25.024645,0.5093824,0.0,0.13236181,0.0,0.0,0.0,20.0,3
1,2,6,0,20.0,25.079615,0.5082829,0.0,0.0,0.14212969,0.0,0.0,20.0,3
1,3,6,0,20.0,25.132475,0.5071834,0.0,0.0,0.19402012,0.0,0.0,20.0,3
1,4,6,0,20.0,25.207468,0.50608385,0.0,0.0,0.30177137,0.0,1.0,20.0,3
1,5,6,0,20.0,25.316874,0.5049844,0.0,0.0,0.37052032,0.0,0.0,20.0,3
1,6,6,0,20.0,25.424927,0.5049844,0.0,0.0,0.41372368,0.0,0.0,20.0,3
1,7,6,0,20.0,25.547628,0.5071834,0.0,0.0,0.33609754,0.0,0.0,20.0,3
1,8,6,0,20.0,25.718712,0.5093824,0.0,0.0,0.30853736,0.0,0.0,20.0,3
1,9,6,0,20.0,25.848629,1.4366764,0.0,0.3236901,0.0,0.0,1.0,20.0,3
1,10,6,0,20.0,26.018099,0.99784863,0.0,0.15286647,0.0,0.0,1.0,20.0,3
1,11,6,0,20.0,27.214928,16.844337,0.0,1.0858569,0.0,0.0,1.0,20.0,3
1,12,6,0,20.0,27.298256,0.5093824,0.0,0.662244,0.0,0.0,0.0,20.0,3
1,13,6,0,20.0,27.4741,0.5115815,0.0,0.7441768,0.0,0.0,0.0,20.0,3
1,14,6,0,20.0,27.554165,0.5115815,0.0,0.6903416,0.0,0.0,0.0,20.0,3
1,15,6,0,20.0,27.654074,0.5115815,0.7336532,0.5959435,0.0,0.0,0.0,20.0,3
1,16,6,0,20.0,27.748192,0.51048195,0.0,0.53540164,0.0,0.0,0.0,20.0,3
1,17,6,0,21.160805,26.275995,0.51378053,0.0,0.0,0.32044128,0.0,0.0,21.166666,3
1,18,6,0,21.000051,26.931978,0.54818195,0.0,0.0,0.06593754,0.0,0.0,21.0,3
1,19,6,0,22.215937,25.044048,0.550381,0.0,0.0,0.47242057,0.0,0.0,22.222221,3
1,20,6,0,21.669844,25.971548,0.5181786,0.0,0.18440087,0.0,0.0,0.0,21.666666,3
1,21,6,0,22.220633,25.20933,0.5170791,0.0,0.0,0.20340286,0.0,0.0,22.222221,3
1,22,6,0,22.222221,25.451485,0.5159796,0.0,0.0,0.2001575,0.0,0.0,22.222221,3
1,23,6,0,20.059822,29.230858,0.51378053,0.0,1.3931965,0.0,0.0,0.0,20.0,3
1,24,6,0,20.000929,29.47672,0.51048195,0.0,0.5782235,0.0,0.0,0.0,20.0,3
1,1,7,0,20.000013,29.64907,0.72731924,0.0,0.43345508,0.0,0.0,1.0,20.0,3
1,2,7,0,20.0,29.819708,0.5082829,0.0,0.19516917,0.0,0.0,1.0,20.0,3
1,3,7,0,20.0,29.985199,0.5071834,0.0,0.075898215,0.0,0.0,1.0,20.0,3
1,4,7,0,20.0,30.27847,0.50608385,0.0,0.018569762,0.0,0.0,1.0,20.0,3
1,5,7,0,20.0,30.664017,0.5049844,0.0,0.0,0.0459608,0.0,1.0,20.0,3
1,6,7,0,20.0,31.048769,0.5049844,0.0,0.0,0.073422834,0.0,1.0,20.0,3
1,7,7,0,20.0,31.445713,0.84848166,0.0,0.061187617,0.0,0.0,1.0,20.0,3
1,8,7,0,20.0,31.466562,0.5093824,0.0,0.0,0.082305685,0.0,0.0,20.0,3
1,9,7,0,20.0,31.536879,0.51048195,0.0,0.0,0.082878835,0.0,0.0,20.0,3
1,10,7,0,20.0,31.66082,0.51048195,0.0,0.0,0.04591982,0.0,0.0,20.0,3
1,11,7,0,20.0,31.813631,0.5093824,1.469273,0.14875424,0.0,0.0,0.0,20.0,3
1,12,7,0,20.0,31.9766,0.5093824,0.0,0.13810544,0.0,0.0,0.0,20.0,3
1,13,7,0,20.0,32.15388,0.5115815,0.0,0.21970147,0.0,0.0,0.0,20.0,3
1,14,7,0,20.0,32.23577,0.5115815,0.0,0.20225483,0.0,0.0,0.0,20.0,3
1,15,7,0,21.654058,29.26108,1.0026414,0.0,0.0,0.55837065,0.0,1.0,21.666666,3
1,16,7,0,22.213646,28.376282,1.0411448,0.0,0.0,0.67255086,0.0,1.0,22.222221,3
1,17,7,0,22.22212,29.148031,0.51378053,0.0,0.0,0.6953946,0.0,0.0,22.222221,3
1,18,7,0,22.222221,29.631826,0.54818195,0.0,0.0,0.49099857,0.0,0.0,22.222221,3
1,19,7,0,23.32562,27.768276,0.550381,1.4692665,0.0,0.9768919,0.0,0.0,23.333334,3
1,20,7,0,23.884258,26.948112,0.5181786,0.0,0.0,1.3058676,0.0,0.0,23.88889,3
1,21,7,0,23.888844,27.047564,0.5170791,0.0,0.0,0.94078594,0.0,0.0,23.88889,3
1,22,7,0,22.79166,29.307745,0.5159796,0.0,0.26066908,0.0,0.0,0.0,22.777779,3
1,23,7,0,23.329674,28.243212,0.96673065,0.0,0.0,0.23969579,0.0,1.0,23.333334,3
1,24,7,0,22.779408,29.543148,0.7983128,0.0,0.0,0.118198246,0.0,1.0,22.777779,3
1,1,1,0,22.77779,29.783312,0.5093824,0.0,0.0,0.3930426,0.0,1.0,22.777779,3
1,2,1,0,22.777779,29.915552,0.5082829,0.0,0.0,0.622612,0.0,1.0,22.777779,3
1,3,1,0,22.777779,30.019136,0.5071834,0.0,0.0,0.7092551,0.0,1.0,22.777779,3
1,4,1,0,22.777779,30.07367,0.50608385,0.0,0.0,0.8411042,0.0,1.0,22.777779,3
1,5,1,0,22.777779,30.095074,0.5049844,0.0,0.0,0.92962474,0.0,1.0,22.777779,3
1,6,1,0,22.777779,30.122099,0.5049844,0.0,0.0,0.89471376,0.0,1.0,22.777779,3
1,7,1,0,22.777779,30.135033,0.5071834,0.0,0.0,0.891771,0.0,1.0,22.777779,3
1,8,1,0,22.225622,31.187542,0.5093824,0.0,0.0,0.4846565,0.0,1.0,22.222221,3
1,9,1,0,22.775404,30.18163,0.51048195,0.0,0.0,0.6826344,0.0,1.0,22.777779,3
1,10,1,0,22.777777,30.21308,0.51048195,0.0,0.0,0.2869169,0.0,1.0,22.777779,3
1,11,1,0,22.777779,30.25089,0.5093824,0.0,0.09150067,0.0,0.0,1.0,22.777779,3
1,12,1,0,23.332817,29.31,0.5093824,0.0,0.0,0.11540738,0.0,1.0,23.333334,3
1,13,1,0,23.888166,28.391577,1.0177448,0.0,0.0,0.112183556,0.0,1.0,23.88889,3
1,14,1,0,23.888887,28.431145,1.0183564,0.0,0.39831376,0.0,0.0,1.0,23.88889,3
1,15,1,0,23.88889,28.474611,1.0026414,0.0,0.6070642,0.0,0.0,1.0,23.88889,3
1,16,1,0,23.88889,28.469492,0.51048195,0.0,0.501411,0.0,0.0,0.0,23.88889,3
1,17,1,0,23.88889,28.350283,0.51378053,0.0,0.25077742,0.0,0.0,0.0,23.88889,3
1,18,1,0,23.88889,28.299006,1.2558856,0.73558915,0.40781027,0.0,0.0,1.0,23.88889,3
1,19,1,0,23.88889,28.576494,0.550381,6.9170184,1.3389734,0.0,0.0,0.0,23.88889,3
1,20,1,0,23.88889,28.820795,0.5181786,0.0,0.079760045,0.0,0.0,0.0,23.88889,3
1,21,1,0,23.88889,28.76912,0.5170791,0.0,0.047391415,0.0,0.0,0.0,23.88889,3
1,22,1,0,23.335691,29.715336,0.5159796,0.0,0.21586709,0.0,0.0,0.0,23.333334,3
1,23,1,0,22.782658,30.702135,0.51378053,0.0,0.24016915,0.0,0.0,0.0,22.777779,3
1,24,1,0,23.331636,29.673841,0.51048195,0.0,0.0,0.40339637,0.0,0.0,23.333334,3
1,1,2,0,22.237646,31.689148,0.5093824,0.0,0.24243729,0.0,0.0,0.0,22.222221,3
1,2,2,0,22.222242,31.709244,0.5082829,0.0,0.0,0.3260652,0.0,0.0,22.222221,3
1,3,2,0,20.15668,36.584248,0.5071834,4.8319707,2.968109,0.0,0.0,1.0,20.0,3
1,4,2,0,20.003468,36.846146,0.50608385,0.0,0.35412577,0.0,0.0,1.0,20.0,3
1,5,2,0,20.000034,36.798046,0.5049844,0.0,0.07718923,0.0,0.0,1.0,20.0,3
1,6,2,0,20.000004,37.394108,0.6958611,4.81165,2.021777,0.0,0.0,1.0,20.0,3
1,7,2,0,20.0,37.85978,0.84848166,1.4729779,0.14747927,0.0,0.0,1.0,20.0,3
1,8,2,0,20.551374,36.485863,0.9760905,0.0,0.0,0.19182144,0.0,1.0,20.555555,3
1,9,2,0,20.555552,36.467625,0.51048195,0.0,0.0,0.17811464,0.0,0.0,20.555555,3
1,10,2,0,20.555555,36.454056,0.51048195,0.0,0.28221714,0.0,0.0,0.0,20.555555,3
1,11,2,0,20.002245,37.693943,0.5093824,0.0,0.9487812,0.0,0.0,0.0,20.0,3
1,12,2,0,18.95235,40.264874,0.5093824,0.0,1.7287626,0.0,0.0,1.0,18.944445,3
1,13,2,0,21.654085,34.124973,0.5115815,0.0,0.0,0.94491553,0.0,1.0,21.666666,3
1,14,2,0,21.666649,34.15055,1.0183564,0.0,0.7069912,0.0,0.0,1.0,21.666666,3
1,15,2,0,21.666666,34.214485,1.0026414,0.0,0.9260664,0.0,0.0,1.0,21.666666,3
1,16,2,0,21.666666,34.275017,1.0411448,0.0,1.2495228,0.0,0.0,1.0,21.666666,3
1,17,2,0,21.666666,34.158108,0.51378053,0.0,0.79143405,0.0,0.0,0.0,21.666666,3
1,18,2,0,21.115534,35.31507,0.54818195,3.682335,1.1975012,0.0,0.0,0.0,21.11111,3
1,19,2,0,21.666426,34.13501,0.550381,2.2094285,0.70321965,0.0,0.0,0.0,21.666666,3
1,20,2,0,22.774761,31.871136,0.5181786,0.73648715,0.2214817,0.0,0.0,0.0,22.777779,3
1,21,2,0,22.777777,31.813103,0.5170791,0.0,0.0,0.013615988,0.0,0.0,22.777779,3
1,22,2,0,22.777779,31.807117,0.5159796,0.0,0.026785478,0.0,0.0,0.0,22.777779,3
1,23,2,0,22.229881,32.952152,0.96673065,0.0,0.5581575,0.0,0.0,1.0,22.222221,3
1,24,2,0,21.674196,34.241585,0.51048195,0.0,0.3911547,0.0,0.0,1.0,21.666666,3
1,1,3,0,20.05806,38.000885,0.5093824,0.0,1.0224701,0.0,0.0,1.0,20.0,3
1,2,3,0,20.001745,38.21919,0.5082829,0.0,0.5925929,0.0,0.0,1.0,20.0,3
1,3,3,0,20.00015,38.84385,0.64288944,3.5746956,1.8481927,0.0,0.0,1.0,20.0,3
1,4,3,0,20.000002,38.864353,0.50608385,0.0,0.14573811,0.0,0.0,1.0,20.0,3
1,5,3,0,20.0,39.107307,0.5049844,0.0,0.0,0.01952841,0.0,1.0,20.0,3
1,6,3,0,20.0,39.35185,0.5049844,0.0,0.0,0.005431901,0.0,1.0,20.0,3
1,7,3,0,20.0,39.50522,0.5071834,0.0,0.0,0.020136837,0.0,0.0,20.0,3
1,8,3,0,21.10104,36.92993,0.5093824,0.0,0.0,0.5872382,0.0,0.0,21.11111,3
1,9,3,0,21.111002,36.93587,0.51048195,0.0,0.0,0.5630166,0.0,0.0,21.11111,3
1,10,3,0,21.11111,37.010914,0.51048195,0.0,0.0,0.38657513,0.0,0.0,21.11111,3
1,11,3,0,21.11111,37.071045,0.5093824,0.0,0.0,0.2213133,0.0,0.0,21.11111,3
1,12,3,0,21.11111,37.153282,0.5093824,0.0,0.0,0.033929545,0.0,0.0,21.11111,3
1,13,3,0,21.11111,37.254585,0.5115815,0.0,0.06450973,0.0,0.0,0.0,21.11111,3
1,14,3,0,21.610493,36.196785,0.5115815,0.0,0.0,0.09138144,0.0,0.0,21.61111,3
1,15,3,0,22.222075,35.972324,4.884715,0.0,1.0204401,0.0,0.0,1.0,22.222221,3
1,16,3,0,22.222221,36.027107,1.0411448,0.0,0.70917064,0.0,0.0,1.0,22.222221,3
1,17,3,0,22.222221,36.249214,1.0993351,1.4746711,0.76712006,0.0,0.0,1.0,22.222221,3
1,18,3,0,21.56769,37.967484,0.54818195,0.0,0.62112284,0.0,0.0,0.0,21.555555,3
1,19,3,0,22.221264,36.449173,0.550381,0.0,0.24355912,0.0,0.0,0.0,22.222221,3
1,20,3,0,23.328512,34.17732,0.5181786,0.0,0.0,0.4429082,0.0,0.0,23.333334,3
1,21,3,0,23.333328,34.211746,0.5170791,0.7373266,0.0,0.23567326,0.0,0.0,23.333334,3
1,22,3,0,23.333334,34.360336,1.181414,0.0,0.22684808,0.0,0.0,1.0,23.333334,3
1,23,3,0,23.333334,34.621735,0.51378053,0.0,0.017364055,0.0,0.0,1.0,23.333334,3
1,24,3,0,22.784552,36.056175,0.51048195,0.0,0.33733636,0.0,0.0,1.0,22.777779,3
1,1,4,0,22.231127,37.625404,0.5093824,0.0,0.38145652,0.0,0.0,1.0,22.222221,3
1,2,4,0,22.222279,37.78684,0.5082829,0.0,0.10315435,0.0,0.0,1.0,22.222221,3
1,3,4,0,22.222221,38.015747,0.5071834,0.0,0.0,0.010617757,0.0,1.0,22.222221,3
1,4,4,0,22.222221,38.124287,0.50608385,0.0,0.0,0.11029118,0.0,1.0,22.222221,3
1,5,4,0,22.222221,38.398994,0.5049844,0.0,0.0,0.130892,0.0,1.0,22.222221,3
1,6,4,0,22.222221,38.497936,0.5049844,0.0,0.0,0.14308046,0.0,1.0,22.222221,3
1,7,4,0,22.222221,38.582073,0.5071834,0.0,0.0,0.20887917,0.0,0.0,22.222221,3
1,8,4,0,22.222221,38.631374,0.5093824,0.0,0.0,0.20050383,0.0,0.0,22.222221,3
1,9,4,0,22.222221,38.688858,0.51048195,0.0,0.0,0.030897524,0.0,0.0,22.222221,3
1,10,4,0,22.222221,39.842976,0.51048195,0.0,0.23597232,0.0,0.0,0.0,22.222221,3
1,11,4,0,22.222221,38.87419,0.5093824,0.0,0.33902943,0.0,0.0,0.0,22.222221,3
1,12,4,0,22.777212,37.757725,0.5093824,0.0,0.25824678,0.0,0.0,0.0,22.777779,3
1,13,4,0,22.777777,37.77019,0.5115815,0.0,0.33762968,0.0,0.0,0.0,22.777779,3
1,14,4,0,22.777779,37.709064,0.5115815,0.0,0.24660243,0.0,0.0,0.0,22.777779,3
1,15,4,0,22.777779,37.507744,0.5115815,0.0,0.3008583,0.0,0.0,0.0,22.777779,3
1,16,4,0,22.777779,37.333244,0.51048195,0.0,0.085572585,0.0,0.0,0.0,22.777779,3
1,17,4,0,22.777779,36.905857,0.51378053,0.0,0.0,0.5385927,0.0,0.0,22.777779,3
1,18,4,0,23.33185,35.322384,1.2558856,0.0,0.0,0.7139434,0.0,1.0,23.333334,3
1,19,4,0,22.789148,37.12062,1.3559514,6.4434495,3.1705725,0.0,0.0,1.0,22.777779,3
1,20,4,0,22.777779,36.93993,0.5181786,0.0,0.0,0.04837131,0.0,0.0,22.777779,3
1,21,4,0,22.229418,38.539997,3.363933,0.0,0.63380164,0.0,0.0,0.0,22.222221,3
1,22,4,0,22.222292,38.429802,1.181414,0.73812383,0.3515958,0.0,0.0,1.0,22.222221,3
1,23,4,0,21.673056,39.348297,0.96673065,0.0,0.17441945,0.0,0.0,1.0,21.666666,3
1,24,4,0,21.118355,40.56588,0.51048195,0.0,0.12220659,0.0,0.0,1.0,21.11111,3
1,1,5,0,21.111122,40.411587,0.5093824,0.0,0.0,0.2387093,0.0,1.0,21.11111,3
1,2,5,0,20.55583,41.272472,0.5082829,0.0,0.0,0.3072338,0.0,1.0,20.555555,3
1,3,5,0,18.398518,46.95826,0.5071834,0.0,0.6834721,0.0,0.0,1.0,18.333334,3
1,4,5,0,18.334862,46.903286,0.50608385,0.73886096,0.30840242,0.0,0.0,1.0,18.333334,3
1,5,5,0,18.333336,46.371414,0.5049844,0.0,0.019763457,0.0,0.0,1.0,18.333334,3
1,6,5,0,18.333334,45.903393,0.5049844,0.0,0.0,0.1218763,0.0,1.0,18.333334,3
1,7,5,0,20.539593,40.12387,0.84848166,2.418671,0.0,0.6357809,0.0,1.0,20.555555,3
1,8,5,0,20.170721,40.755165,0.5093824,0.0,0.0,1.2154058,0.0,0.0,20.166666,3
1,9,5,0,20.552431,39.55916,0.51048195,0.0,0.0,1.1661042,0.0,0.0,20.555555,3
1,10,5,0,20.555553,39.29681,0.51048195,0.0,0.0,0.5028833,0.0,0.0,20.555555,3
1,11,5,0,20.555555,39.154568,0.9922697,0.73887974,0.2557693,0.0,0.0,1.0,20.555555,3
1,12,5,0,20.555555,38.98621,0.5093824,0.0,0.20013015,0.0,0.0,0.0,20.555555,3
1,13,5,0,20.555555,38.81734,0.5115815,0.0,0.3001786,0.0,0.0,0.0,20.555555,3
1,14,5,0,20.555555,38.70729,0.5115815,0.0,0.5025207,0.0,0.0,0.0,20.555555,3
1,15,5,0,20.007662,40.038307,0.5115815,2.9554367,1.2986785,0.0,0.0,0.0,20.0,3
1,16,5,0,20.0,39.915592,0.51048195,0.0,1.0483077,0.0,0.0,0.0,20.0,3
1,17,5,0,20.0,39.317337,0.51378053,0.0,0.4801891,0.0,0.0,0.0,20.0,3
1,18,5,0,19.558006,39.77597,0.54818195,0.0,0.46423128,0.0,0.0,0.0,19.555555,3
1,19,5,0,19.999744,38.487595,0.550381,0.0,0.31532177,0.0,0.0,0.0,20.0,3
1,20,5,0,20.0,38.252743,0.5181786,0.0,0.2656826,0.0,0.0,0.0,20.0,3
1,21,5,0,20.886497,36.02514,0.5170791,0.0,0.0,0.3172513,0.0,0.0,20.88889,3
1,22,5,0,21.108313,35.84009,1.181414,3.561774,1.47429,0.0,0.0,1.0,21.11111,3
1,23,5,0,21.111107,35.666344,0.51378053,0.0,0.0,0.33160785,0.0,1.0,21.11111,3
1,24,5,0,21.11111,35.546375,0.51048195,0.0,0.0,0.45260024,0.0,1.0,21.11111,3
1,1,6,0,20.285677,37.266727,0.5093824,0.0,0.0,0.18996836,0.0,1.0,20.277779,3
1,2,6,0,20.000011,37.643047,0.5082829,1.4791566,0.0,0.16617484,0.0,1.0,20.0,3
1,3,6,0,20.0,37.55137,0.5071834,0.0,0.0,0.5007532,0.0,1.0,20.0,3
1,4,6,0,20.0,37.22658,0.50608385,0.0,0.0,0.63391614,0.0,1.0,20.0,3
1,5,6,0,20.0,36.93103,0.5049844,0.0,0.0,0.76909924,0.0,1.0,20.0,3
1,6,6,0,20.0,36.81408,0.5049844,0.0,0.0,0.8411034,0.0,1.0,20.0,3
1,7,6,0,20.0,36.65971,0.5071834,0.0,0.0,0.95299286,0.0,1.0,20.0,3
1,8,6,0,20.0,36.480347,0.5093824,0.0,0.0,1.0277854,0.0,0.0,20.0,3
1,9,6,0,21.107048,34.50126,5.105231,3.265834,0.0,0.21521114,0.0,1.0,21.11111,3
1,10,6,0,21.11111,34.449398,1.8191787,0.0,0.0,0.15697582,0.0,1.0,21.11111,3
1,11,6,0,21.11111,34.31753,0.9922697,0.0,0.005391078,0.0,0.0,1.0,21.11111,3
1,12,6,0,21.11111,34.24909,1.0034647,0.7395779,0.28418168,0.0,0.0,1.0,21.11111,3
1,13,6,0,21.11111,34.12665,0.5115815,0.0,0.14041921,0.0,0.0,0.0,21.11111,3
1,14,6,0,21.11111,34.05172,0.5115815,1.4791411,0.39592996,0.0,0.0,0.0,21.11111,3
1,15,6,0,19.912207,36.620846,1.0026414,0.0,1.5459733,0.0,0.0,1.0,19.88889,3
1,16,6,0,21.110401,33.942924,1.0411448,0.0,0.536225,0.0,0.0,1.0,21.11111,3
1,17,6,0,21.11111,33.463882,0.51378053,0.0,0.0,0.058717515,0.0,0.0,21.11111,3
1,18,6,0,21.11111,32.958965,0.54818195,0.0,0.0,0.22352926,0.0,0.0,21.11111,3
1,19,6,0,20.558535,33.90829,0.550381,0.0,0.43892908,0.0,0.0,0.0,20.555555,3
1,20,6,0,21.110424,32.595993,0.5181786,0.0,0.0,0.11154778,0.0,0.0,21.11111,3
1,21,6,0,20.559235,33.541374,0.5170791,0.0,0.28930342,0.0,0.0,0.0,20.555555,3
1,22,6,0,20.555563,33.38703,0.5159796,0.0,0.1388165,0.0,0.0,0.0,20.555555,3
1,23,6,0,20.004955,34.198093,0.51378053,0.0,0.2080425,0.0,0.0,0.0,20.0,3
1,24,6,0,20.111025,33.86242,0.51048195,0.0,0.0,0.12507267,0.0,0.0,20.11111,3
1,1,7,0,20.05563,33.69738,0.5093824,0.0,0.0,0.27943826,0.0,1.0,20.055555,3
1,2,7,0,20.00018,33.739506,0.5082829,0.0,0.0,0.44241738,0.0,1.0,20.0,3
1,3,7,0,20.000002,33.646442,0.5071834,0.0,0.0,0.57648844,0.0,1.0,20.0,3
1,4,7,0,20.0,33.566364,0.50608385,0.0,0.0,0.66211885,0.0,1.0,20.0,3
1,5,7,0,20.0,33.463856,0.5049844,0.0,0.0,0.7446316,0.0,1.0,20.0,3
1,6,7,0,20.0,33.221733,0.5049844,0.0,0.0,0.80855393,0.0,1.0,20.0,3
1,7,7,0,20.0,33.11479,0.5071834,0.0,0.0,0.9029116,0.0,1.0,20.0,3
1,8,7,0,20.0,33.001747,0.5093824,0.0,0.0,0.84970576,0.0,1.0,20.0,3
1,9,7,0,20.88381,31.165096,0.99858046,0.0,0.0,0.9665507,0.0,1.0,20.88889,3
1,10,7,0,21.110886,31.019123,0.99784863,2.801374,0.77339834,0.0,0.0,1.0,21.11111,3
1,11,7,0,21.11111,30.967224,0.9922697,0.0,0.09850267,0.0,0.0,1.0,21.11111,3
1,12,7,0,21.11111,30.894966,0.5093824,0.0,0.08919748,0.0,0.0,0.0,21.11111,3
1,13,7,0,21.11111,30.818216,0.5115815,0.0,0.2963367,0.0,0.0,0.0,21.11111,3
1,14,7,0,21.11111,30.874102,0.5115815,2.220617,0.5772165,0.0,0.0,0.0,21.11111,3
1,15,7,0,21.887512,29.46735,0.5115815,1.4804292,0.3435576,0.0,0.0,0.0,21.88889,3
1,16,7,0,22.221287,28.887865,0.51048195,0.0,0.27267268,0.0,0.0,0.0,22.222221,3
1,17,7,0,22.222221,28.848345,0.51378053,0.0,0.0,0.047980655,0.0,0.0,22.222221,3
1,18,7,0,20.63619,31.735455,1.2558856,0.0,1.0433296,0.0,0.0,1.0,20.61111,3
1,19,7,0,21.66479,29.742374,0.550381,0.0,0.21112202,0.0,0.0,0.0,21.666666,3
1,20,7,0,22.221405,28.687021,0.5181786,0.0,0.0,0.18245384,0.0,0.0,22.222221,3
1,21,7,0,22.222212,29.38218,1.2849743,5.8759294,2.766265,0.0,0.0,1.0,22.222221,3
1,22,7,0,20.485815,32.65868,0.5159796,0.0,1.0958952,0.0,0.0,1.0,20.444445,3
1,23,7,0,21.879967,30.004074,0.51378053,0.0,0.0,0.47034845,0.0,1.0,21.88889,3
1,24,7,0,21.119764,31.509644,0.51048195,0.0,0.23302183,0.0,0.0,1.0,21.11111,3
1,1,1,0,21.11112,31.605675,0.5093824,0.0,0.0,0.18355878,0.0,1.0,21.11111,3
1,2,1,0,21.11111,31.686193,0.5082829,0.0,0.0,0.37023565,0.0,1.0,21.11111,3
1,3,1,0,21.11111,31.780493,0.5071834,0.0,0.0,0.4635364,0.0,1.0,21.11111,3
1,4,1,0,21.11111,31.87875,0.50608385,0.0,0.0,0.63067245,0.0,1.0,21.11111,3
1,5,1,0,21.11111,31.907644,0.5049844,0.0,0.0,0.7018358,0.0,1.0,21.11111,3
1,6,1,0,21.11111,31.990602,0.5049844,0.0,0.0,0.7465681,0.0,1.0,21.11111,3
1,7,1,0,21.11111,32.079693,0.5071834,0.0,0.0,0.7273334,0.0,1.0,21.11111,3
1,8,1,0,21.11111,32.167828,0.5093824,0.0,0.0,0.7476145,0.0,1.0,21.11111,3
1,9,1,0,21.11111,32.219547,0.51048195,0.0,0.0,0.6001858,0.0,1.0,21.11111,3
1,10,1,0,21.11111,32.313347,0.51048195,0.0,0.0,0.1595429,0.0,1.0,21.11111,3
1,11,1,0,21.11111,32.4111,0.9922697,0.0,0.3250482,0.0,0.0,1.0,21.11111,3
1,12,1,0,22.220314,30.388998,1.0034647,0.0,0.0,0.21460392,0.0,1.0,22.222221,3
1,13,1,0,22.777292,29.498285,1.0177448,0.0,0.0,0.1717362,0.0,1.0,22.777779,3
1,14,1,0,22.777779,29.55569,0.5115815,0.0,0.07810118,0.0,0.0,0.0,22.777779,3
1,15,1,0,22.777779,29.601938,0.5115815,0.0,0.18812966,0.0,0.0,0.0,22.777779,3
1,16,1,0,22.777779,29.70497,1.0411448,0.0,0.48530662,0.0,0.0,1.0,22.777779,3
1,17,1,0,22.777779,30.055182,0.51378053,0.0,0.11339883,0.0,0.0,0.0,22.777779,3
1,18,1,0,22.777779,30.343721,1.2558856,0.7408191,0.41430572,0.0,0.0,1.0,22.777779,3
1,19,1,0,22.777779,30.699535,0.550381,0.0,0.2575517,0.0,0.0,0.0,22.777779,3
1,20,1,0,22.777779,30.823826,0.5181786,0.0,0.15399154,0.0,0.0,0.0,22.777779,3
1,21,1,0,22.777779,30.882881,0.5170791,0.0,0.137674,0.0,0.0,0.0,22.777779,3
1,22,1,0,22.777779,30.906464,0.5159796,0.7408213,0.0,0.30500755,0.0,0.0,22.777779,3
1,23,1,0,22.223757,32.045498,0.51378053,2.222405,0.0,0.28057343,0.0,1.0,22.222221,3
1,24,1,0,22.222225,32.029568,0.51048195,0.0,0.0,0.53301555,0.0,1.0,22.222221,3
1,1,2,0,22.222221,32.014397,0.5093824,0.0,0.0,0.87670636,0.0,1.0,22.222221,3
1,2,2,0,22.222221,31.936169,0.5082829,0.0,0.0,1.2010076,0.0,1.0,22.222221,3
1,3,2,0,21.669067,32.973816,0.5071834,0.0,0.0,0.93054783,0.0,1.0,21.666666,3
1,4,2,0,20.02761,36.424885,0.50608385,0.0,0.0,0.36830434,0.0,1.0,20.0,3
1,5,2,0,20.00011,36.253395,0.5049844,0.0,0.0,0.728025,0.0,1.0,20.0,3
1,6,2,0,20.000002,36.25764,0.5049844,0.0,0.0,0.9698255,0.0,1.0,20.0,3
1,7,2,0,20.0,35.844837,0.84848166,0.0,0.0,0.9875791,0.0,1.0,20.0,3
1,8,2,0,20.538092,34.495457,0.5093824,0.0,0.0,1.5778394,0.0,0.0,20.555555,3
1,9,2,0,20.010555,35.027466,0.51048195,0.0,0.0,1.3095506,0.0,0.0,20.0,3
1,10,2,0,19.73673,34.978474,0.51048195,0.0,0.0,1.2228645,0.0,0.0,19.722221,3
1,11,2,0,22.193886,29.927603,0.5093824,2.2240434,0.0,2.7452195,0.0,0.0,22.222221,3
1,12,2,0,22.221748,29.646248,0.5093824,0.0,0.0,2.7521675,0.0,0.0,22.222221,3
1,13,2,0,22.222212,29.405172,0.5115815,0.0,0.0,2.4101496,0.0,0.0,22.222221,3
1,14,2,0,21.559914,30.4114,0.5115815,0.0,0.0,1.4180417,0.0,0.0,21.555555,3
1,15,2,0,21.665907,29.99772,0.5115815,0.0,0.0,1.4622564,0.0,0.0,21.666666,3
1,16,2,0,20.022882,32.960197,0.51048195,0.0,0.0,0.45028412,0.0,0.0,20.0,3
1,17,2,0,20.0,32.207863,0.51378053,0.0,0.0,1.811591,0.0,0.0,20.0,3
1,18,2,0,20.0,31.681242,0.54818195,0.0,0.0,1.823333,0.0,0.0,20.0,3
1,19,2,0,21.273842,29.637558,1.3559514,4.3622007,0.4705449,0.0,0.0,1.0,21.277779,3
1,20,2,0,21.659761,28.671438,1.337997,0.0,0.0,1.6996677,0.0,1.0,21.666666,3
1,21,2,0,21.66662,28.965025,0.5170791,4.5056105,0.17589298,0.0,0.0,1.0,21.666666,3
1,22,2,0,21.666666,28.997984,0.5159796,0.0,0.0,1.6021022,0.0,1.0,21.666666,3
1,23,2,0,21.666666,28.762983,0.51378053,1.4827334,0.0,1.5851842,0.0,1.0,21.666666,3
1,24,2,0,21.666666,28.651978,0.51048195,2.2241087,0.0,1.5639408,0.0,1.0,21.666666,3
1,1,3,0,21.666666,28.311104,0.5093824,0.0,0.0,1.8379524,0.0,1.0,21.666666,3
1,2,3,0,21.666666,28.168718,0.5082829,0.0,0.0,2.0794003,0.0,1.0,21.666666,3
1,3,3,0,21.666666,27.753145,0.5071834,0.0,0.0,2.1369154,0.0,1.0,21.666666,3
1,4,3,0,21.666666,27.345982,0.50608385,0.0,0.0,2.1723187,0.0,1.0,21.666666,3
1,5,3,0,21.666666,27.183077,0.5049844,0.0,0.0,2.3531199,0.0,1.0,21.666666,3
1,6,3,0,21.666666,26.986664,0.6958611,0.0,0.0,2.3401935,0.0,1.0,21.666666,3
1,7,3,0,21.666666,26.933472,0.5071834,3.6368327,0.0,0.9350851,0.0,0.0,21.666666,3
1,8,3,0,21.666666,26.896414,0.9760905,1.1503813,0.0,1.7148408,0.0,1.0,21.666666,3
1,9,3,0,21.666666,26.714853,0.99858046,0.0,0.0,1.810162,0.0,1.0,21.666666,3
1,10,3,0,21.666666,26.545008,0.99784863,0.0,0.0,1.1930976,0.0,1.0,21.666666,3
1,11,3,0,21.222889,27.122467,0.9922697,0.0,0.0,0.44430166,0.0,1.0,21.222221,3
1,12,3,0,21.111254,27.819056,3.850319,1.4837232,0.43309617,0.0,0.0,1.0,21.11111,3
1,13,3,0,21.11111,27.678446,1.0177448,0.0,0.0,0.085928336,0.0,1.0,21.11111,3
1,14,3,0,21.11111,27.54832,0.5115815,0.0,0.0,0.22552276,0.0,1.0,21.11111,3
1,15,3,0,21.664845,26.516237,1.0026414,0.0,0.0,0.26054987,0.0,1.0,21.666666,3
1,16,3,0,20.048021,28.964539,0.51048195,0.0,0.8057872,0.0,0.0,0.0,20.0,3
1,17,3,0,20.607977,27.336306,0.51378053,0.0,0.0,0.88604873,0.0,0.0,20.61111,3
1,18,3,0,21.11066,26.71922,1.2558856,4.8365154,1.0028694,0.0,0.0,1.0,21.11111,3
1,19,3,0,21.11111,26.566465,1.3559514,0.7418628,0.0,0.14834271,0.0,1.0,21.11111,3
1,20,3,0,21.11111,26.316263,1.337997,0.0,0.0,0.2096183,0.0,1.0,21.11111,3
1,21,3,0,21.443785,25.675955,1.2849743,0.0,0.0,0.41029385,0.0,1.0,21.444445,3
1,22,3,0,21.665712,25.21886,0.5159796,0.0,0.0,0.9413512,0.0,1.0,21.666666,3
1,23,3,0,21.167208,25.762419,0.51378053,0.0,0.0,0.75835747,0.0,1.0,21.166666,3
1,24,3,0,20.556192,26.651632,0.51048195,0.0,0.0,0.5389385,0.0,1.0,20.555555,3
1,1,4,0,20.555561,26.570854,0.5093824,0.0,0.0,0.79943573,0.0,1.0,20.555555,3
1,2,4,0,20.555555,26.428429,0.5082829,0.0,0.0,0.9636867,0.0,1.0,20.555555,3
1,3,4,0,20.555555,26.228985,0.5071834,0.0,0.0,1.0985777,0.0,1.0,20.555555,3
1,4,4,0,20.555555,26.014084,0.50608385,0.0,0.0,1.15619,0.0,1.0,20.555555,3
1,5,4,0,20.555555,25.814768,0.6406835,0.0,0.0,1.1124681,0.0,1.0,20.555555,3
1,6,4,0,20.555555,25.600286,0.6958611,0.0,0.0,1.1130751,0.0,1.0,20.555555,3
1,7,4,0,20.555555,25.417482,0.84848166,0.0,0.0,1.0437734,0.0,1.0,20.555555,3
1,8,4,0,20.608463,25.153044,0.5093824,0.0,0.0,1.1873817,0.0,1.0,20.61111,3
1,9,4,0,21.10732,24.343157,0.51048195,0.7423106,0.0,1.367118,0.0,1.0,21.11111,3
1,10,4,0,21.166414,24.17349,0.99784863,0.0,0.0,1.1739756,0.0,1.0,21.166666,3
1,11,4,0,21.666458,23.766243,0.9922697,4.0499487,0.36304617,0.0,0.0,1.0,21.666666,3
1,12,4,0,21.063532,25.35939,1.0034647,2.9836326,0.69790035,0.0,0.0,1.0,21.055555,3
1,13,4,0,21.110882,25.567017,1.0177448,3.0963194,0.8989938,0.0,0.0,1.0,21.11111,3
1,14,4,0,20.557568,26.3224,0.5115815,0.0,0.0,0.19048125,0.0,0.0,20.555555,3
1,15,4,0,20.003826,27.131475,0.5115815,0.0,0.17591628,0.0,0.0,0.0,20.0,3
1,16,4,0,18.401987,29.959375,1.0411448,0.0,1.6362048,0.0,0.0,1.0,18.333334,3
1,17,4,0,18.333334,29.747309,1.0993351,0.0,0.5568853,0.0,0.0,1.0,18.333334,3
1,18,4,0,19.05172,28.119762,0.54818195,0.0,0.0,0.5090388,0.0,0.0,19.055555,3
1,19,4,0,18.45275,29.060738,0.550381,0.0,0.4161181,0.0,0.0,0.0,18.444445,3
1,20,4,0,18.33409,29.131721,0.5181786,0.0,0.33119974,0.0,0.0,0.0,18.333334,3
1,21,4,0,18.333338,29.046797,0.5170791,0.0,0.30396548,0.0,0.0,0.0,18.333334,3
1,22,4,0,18.887602,27.894964,0.5159796,0.0,0.0,0.16805011,0.0,0.0,18.88889,3
1,23,4,0,19.991213,25.974648,0.51378053,0.0,0.0,0.9024358,0.0,0.0,20.0,3
1,24,4,0,20.329258,25.377771,0.51048195,0.0,0.0,1.0811633,0.0,0.0,20.333334,3
1,1,5,0,20.003468,25.836771,0.5093824,0.0,0.0,0.6921589,0.0,0.0,20.0,3
1,2,5,0,20.000042,25.743895,0.5082829,0.0,0.0,0.6731592,0.0,1.0,20.0,3
1,3,5,0,20.0,25.670828,0.5071834,0.0,0.0,0.7179509,0.0,1.0,20.0,3
1,4,5,0,20.0,25.63146,0.50608385,0.0,0.0,0.70432186,0.0,1.0,20.0,3
1,5,5,0,20.0,25.608591,0.5049844,0.0,0.0,0.719114,0.0,1.0,20.0,3
1,6,5,0,20.0,25.591944,0.5049844,0.0,0.0,0.7567948,0.0,1.0,20.0,3
1,7,5,0,20.0,25.612705,0.5071834,0.0,0.0,0.7166855,0.0,1.0,20.0,3
1,8,5,0,20.435398,24.90323,0.5093824,0.0,0.0,1.0562582,0.0,0.0,20.444445,3
1,9,5,0,21.105738,23.876331,0.51048195,0.0,0.0,1.3415548,0.0,0.0,21.11111,3
1,10,5,0,21.1111,23.881048,0.51048195,0.0,0.0,0.94363374,0.0,0.0,21.11111,3
1,11,5,0,21.11111,23.875143,0.5093824,0.0,0.0,0.7101073,0.0,0.0,21.11111,3
1,12,5,0,20.502718,24.80738,0.5093824,0.0,0.0,0.24751094,0.0,0.0,20.5,3
1,13,5,0,20.555483,24.812113,0.5115815,0.0,0.0,0.27395082,0.0,0.0,20.555555,3
1,14,5,0,20.555555,24.966166,0.5115815,0.0,0.0,0.24612036,0.0,0.0,20.555555,3
1,15,5,0,20.004967,25.914108,0.5115815,0.0,0.28809315,0.0,0.0,0.0,20.0,3
1,16,5,0,18.510567,28.53699,0.51048195,0.0,1.0659624,0.0,0.0,0.0,18.444445,3
1,17,5,0,22.189793,23.041061,0.51378053,0.0,0.0,2.6634963,0.0,0.0,22.222221,3
1,18,5,0,22.221695,23.266674,0.54818195,0.0,0.0,1.6241925,0.0,0.0,22.222221,3
1,19,5,0,22.222221,23.331387,0.550381,0.0,0.0,0.7600812,0.0,0.0,22.222221,3
1,20,5,0,22.222221,23.42693,0.5181786,0.0,0.0,0.5684643,0.0,0.0,22.222221,3
1,21,5,0,22.222221,23.617908,0.5170791,2.2281127,0.0,0.33719984,0.0,0.0,22.222221,3
1,22,5,0,22.000069,24.316198,0.5159796,0.0,0.0,0.28555858,0.0,0.0,22.0,3
1,23,5,0,22.221624,24.132765,0.96673065,0.0,0.0,0.276302,0.0,1.0,22.222221,3
1,24,5,0,21.667418,25.108814,0.51048195,0.0,0.0,0.12752604,0.0,1.0,21.666666,3
1,1,6,0,20.048288,27.969385,0.5093824,0.0,0.77611697,0.0,0.0,1.0,20.0,3
1,2,6,0,20.0,28.4283,0.5082829,0.0,0.0,0.015035409,0.0,1.0,20.0,3
1,3,6,0,20.0,28.877743,0.5071834,0.7430481,0.14234115,0.0,0.0,1.0,20.0,3
1,4,6,0,20.0,29.207712,0.50608385,1.4860961,0.059171725,0.0,0.0,1.0,20.0,3
1,5,6,0,20.0,29.47751,0.5049844,0.0,0.0,0.1316576,0.0,1.0,20.0,3
1,6,6,0,20.0,29.892134,0.5049844,0.0,0.0,0.141924,0.0,1.0,20.0,3
1,7,6,0,20.0,30.368055,0.5071834,0.0,0.0,0.11818491,0.0,1.0,20.0,3
1,8,6,0,20.0,30.42828,0.5093824,0.0,0.0,0.12556957,0.0,1.0,20.0,3
1,9,6,0,20.0,30.597061,0.51048195,0.0,0.05752271,0.0,0.0,1.0,20.0,3
1,10,6,0,20.0,31.907433,4.8799224,0.0,1.0375935,0.0,0.0,1.0,20.0,3
1,11,6,0,20.0,33.106125,4.8743434,0.0,1.1780735,0.0,0.0,1.0,20.0,3
1,12,6,0,20.0,34.345505,4.8855386,0.0,1.4499419,0.0,0.0,1.0,20.0,3
1,13,6,0,20.0,35.33493,3.8645988,0.0,1.6391159,0.0,0.0,1.0,20.0,3
1,14,6,0,21.662045,33.021873,1.0183564,0.74304706,0.38344005,0.0,0.0,1.0,21.666666,3
1,15,6,0,21.666653,33.12236,0.5115815,1.4860663,0.5375487,0.0,0.0,0.0,21.666666,3
1,16,6,0,21.666666,33.12869,0.51048195,0.0,0.3071976,0.0,0.0,0.0,21.666666,3
1,17,6,0,22.216948,33.06861,1.0993351,5.1398025,1.7535765,0.0,0.0,1.0,22.222221,3
1,18,6,0,22.222221,33.557915,0.54818195,2.229073,0.10290409,0.0,0.0,0.0,22.222221,3
1,19,6,0,22.222221,34.22142,0.550381,0.0,0.16345237,0.0,0.0,0.0,22.222221,3
1,20,6,0,22.222221,34.2638,0.5181786,0.0,0.14965098,0.0,0.0,0.0,22.222221,3
1,21,6,0,22.222221,34.49356,0.5170791,0.74304384,0.14865738,0.0,0.0,0.0,22.222221,3
1,22,6,0,22.776628,33.445606,0.5159796,0.0,0.0,0.3024052,0.0,0.0,22.777779,3
1,23,6,0,23.33014,32.470016,0.51378053,0.0,0.0,0.71712774,0.0,0.0,23.333334,3
1,24,6,0,22.778004,33.71665,0.51048195,0.0,0.0,0.12596159,0.0,1.0,22.777779,3
1,1,7,0,22.777779,34.067432,0.5093824,0.0,0.0,0.19788164,0.0,1.0,22.777779,3
1,2,7,0,22.777779,34.480274,0.5082829,0.0,0.0,0.3251607,0.0,1.0,22.777779,3
1,3,7,0,22.777779,34.586784,0.5071834,0.0,0.0,0.3762251,0.0,1.0,22.777779,3
1,4,7,0,23.323368,33.871346,0.50608385,0.0,0.0,0.79601383,0.0,1.0,23.333334,3
1,5,7,0,23.333204,34.260986,0.5049844,0.0,0.0,0.7086427,0.0,1.0,23.333334,3
1,6,7,0,23.333334,34.67158,0.5049844,0.0,0.0,0.63524926,0.0,1.0,23.333334,3
1,7,7,0,22.778389,35.930443,0.5071834,0.0,0.0,0.13801418,0.0,1.0,22.777779,3
1,8,7,0,22.777779,36.09864,0.5093824,0.0,0.0,0.23330988,0.0,1.0,22.777779,3
1,9,7,0,22.777779,36.2426,0.51048195,0.0,0.0,0.21184391,0.0,1.0,22.777779,3
1,10,7,0,23.877748,34.292583,1.5457016,0.0,0.0,0.80620396,0.0,1.0,23.88889,3
1,11,7,0,24.436867,33.789898,0.9922697,0.0,0.0,1.0350229,0.0,1.0,24.444445,3
1,12,7,0,24.44441,33.451984,1.0034647,0.0,0.0,0.5954923,0.0,1.0,24.444445,3
1,13,7,0,24.99778,32.59109,1.0177448,0.0,0.0,0.76644754,0.0,1.0,25.0,3
1,14,7,0,24.999994,32.761147,1.0183564,0.0,0.0,0.4645838,0.0,1.0,25.0,3
1,15,7,0,25.0,32.984295,1.0026414,0.0,0.0,0.208845,0.0,1.0,25.0,3
1,16,7,0,25.0,33.487923,1.0411448,0.0,0.0,0.1493947,0.0,1.0,25.0,3
1,17,7,0,25.0,33.932755,1.0993351,0.0,0.0,0.12479569,0.0,1.0,25.0,3
1,18,7,0,25.0,35.030872,0.54818195,0.0,0.0,0.41903764,0.0,0.0,25.0,3
1,19,7,0,25.0,35.00045,0.550381,0.0,0.0,0.30848292,0.0,0.0,25.0,3
1,20,7,0,25.0,35.11616,0.5181786,1.4866253,0.0,0.20879608,0.0,0.0,25.0,3
1,21,7,0,25.0,35.22353,0.5170791,0.0,0.0,0.35948336,0.0,0.0,25.0,3
1,22,7,0,25.0,35.350685,0.5159796,0.0,0.0,0.36515817,0.0,0.0,25.0,3
1,23,7,0,25.0,35.50217,0.51378053,0.0,0.0,0.3751609,0.0,1.0,25.0,3
1,24,7,0,25.0,35.663063,0.51048195,0.0,0.0,0.4629373,0.0,1.0,25.0,3
1,1,1,0,25.0,35.78498,0.5093824,0.0,0.0,0.6345147,0.0,1.0,25.0,3
1,2,1,0,25.0,35.89512,0.5082829,0.0,0.0,0.8112122,0.0,1.0,25.0,3
1,3,1,0,25.0,35.925606,0.5071834,0.0,0.0,0.9311427,0.0,1.0,25.0,3
1,4,1,0,25.0,35.927692,0.50608385,0.0,0.0,1.0445739,0.0,1.0,25.0,3
1,5,1,0,25.0,35.871273,0.5049844,0.0,0.0,1.1049613,0.0,1.0,25.0,3
1,6,1,0,25.0,35.708843,0.6958611,0.5920195,0.0,0.797659,0.0,1.0,25.0,3
1,7,1,0,24.447945,36.753246,0.5071834,0.0,0.0,0.78290546,0.0,0.0,24.444445,3
1,8,1,0,24.444445,36.48125,0.5093824,0.0,0.0,0.9926368,0.0,0.0,24.444445,3
1,9,1,0,24.444445,36.338764,0.51048195,0.0,0.0,0.8029088,0.0,0.0,24.444445,3
1,10,1,0,24.998503,35.077488,0.51048195,2.2306921,0.0,0.76042295,0.0,0.0,25.0,3
1,11,1,0,25.0,34.89556,0.5093824,0.0,0.0,0.5377247,0.0,0.0,25.0,3
1,12,1,0,23.342949,38.42536,0.5093824,0.0,1.1277605,0.0,0.0,0.0,23.333334,3
1,13,1,0,24.44261,35.93873,1.0177448,0.0,0.29154363,0.0,0.0,1.0,24.444445,3
1,14,1,0,24.444443,35.890648,1.0183564,0.0,0.44923124,0.0,0.0,1.0,24.444445,3
1,15,1,0,24.444445,35.650784,0.5115815,0.0,0.20873997,0.0,0.0,0.0,24.444445,3
1,16,1,0,24.444445,35.539974,0.51048195,0.0,0.37129357,0.0,0.0,0.0,24.444445,3
1,17,1,0,24.444445,35.074203,0.51378053,1.4871366,0.10007155,0.0,0.0,0.0,24.444445,3
1,18,1,0,24.444445,34.557236,0.54818195,0.0,0.0,0.16668376,0.0,0.0,24.444445,3
1,19,1,0,23.891048,35.56731,0.550381,0.7435792,0.40836248,0.0,0.0,0.0,23.88889,3
1,20,1,0,23.88889,35.329903,0.5181786,0.0,0.0,0.18137217,0.0,0.0,23.88889,3
1,21,1,0,23.88889,35.20071,0.5170791,0.0,0.0,0.18325117,0.0,1.0,23.88889,3
1,22,1,0,23.335094,36.252792,0.5159796,0.0,0.0,0.18743438,0.0,1.0,23.333334,3
1,23,1,0,23.333336,36.171867,0.51378053,0.0,0.0,0.098574646,0.0,1.0,23.333334,3
1,24,1,0,22.781487,37.303177,0.51048195,0.0,0.1048616,0.0,0.0,1.0,22.777779,3
1,1,2,0,22.777788,37.210197,0.5093824,0.0,0.0,0.25954723,0.0,1.0,22.777779,3
1,2,2,0,22.222927,38.30443,0.5082829,0.0,0.0,0.5848546,0.0,1.0,22.222221,3
1,3,2,0,21.666748,39.487823,0.5071834,0.0,0.0,0.5416594,0.0,1.0,21.666666,3
1,4,2,0,20.028492,43.46666,0.50608385,0.0,0.0,0.2666811,0.0,1.0,20.0,3
1,5,2,0,20.00003,43.37302,0.5049844,0.0,0.0,0.38327768,0.0,1.0,20.0,3
1,6,2,0,20.0,43.29747,0.5049844,0.0,0.0,0.2510077,0.0,0.0,20.0,3
1,7,2,0,20.275303,42.36505,0.5071834,0.0,0.0,0.6940937,0.0,0.0,20.277779,3
1,8,2,0,19.668362,43.547363,0.5093824,0.0,0.0,0.20622891,0.0,0.0,19.666666,3
1,9,2,0,21.10278,39.74327,0.51048195,0.0,0.0,1.0085251,0.0,0.0,21.11111,3
1,10,2,0,21.665968,38.310772,0.51048195,1.4875306,0.0,0.73948884,0.0,0.0,21.666666,3
1,11,2,0,21.666666,38.199955,0.5093824,0.0,0.0,0.04360707,0.0,0.0,21.666666,3
1,12,2,0,22.22186,36.855133,0.5093824,0.0,0.0,0.22095273,0.0,0.0,22.222221,3
1,13,2,0,22.222221,36.79158,0.5115815,0.0,0.1370965,0.0,0.0,0.0,22.222221,3
1,14,2,0,22.777157,35.519173,0.5115815,0.0,0.11498733,0.0,0.0,0.0,22.777779,3
1,15,2,0,22.777777,35.453125,0.5115815,0.0,0.4084705,0.0,0.0,0.0,22.777779,3
1,16,2,0,22.777779,35.403847,0.51048195,0.0,0.50246066,0.0,0.0,0.0,22.777779,3
1,17,2,0,22.777779,34.89472,0.51378053,0.0,0.26561552,0.0,0.0,0.0,22.777779,3
1,18,2,0,22.777779,34.407974,0.54818195,0.0,0.08023976,0.0,0.0,0.0,22.777779,3
1,19,2,0,22.777779,34.253567,0.550381,0.0,0.27448443,0.0,0.0,0.0,22.777779,3
1,20,2,0,22.224262,35.14218,0.5181786,0.0,0.44094387,0.0,0.0,0.0,22.222221,3
1,21,2,0,22.777292,33.897198,1.2849743,0.0,0.35749534,0.0,0.0,1.0,22.777779,3
1,22,2,0,22.225382,34.99712,0.5159796,1.487509,0.41327944,0.0,0.0,1.0,22.222221,3
1,23,2,0,22.222221,34.896133,0.51378053,0.0,0.0,0.06987396,0.0,1.0,22.222221,3
1,24,2,0,20.60468,38.472942,0.51048195,0.0,0.69083,0.0,0.0,1.0,20.555555,3
1,1,3,0,20.555805,38.43587,0.5093824,0.0,0.27787718,0.0,0.0,1.0,20.555555,3
1,2,3,0,20.555555,38.303852,0.5082829,0.0,0.0,0.063294746,0.0,1.0,20.555555,3
1,3,3,0,20.555555,38.290512,0.5071834,0.0,0.0,0.21463361,0.0,1.0,20.555555,3
1,4,3,0,20.555555,38.14598,0.50608385,0.0,0.0,0.38754368,0.0,1.0,20.555555,3
1,5,3,0,20.555555,38.09486,0.5049844,0.0,0.0,0.508405,0.0,1.0,20.555555,3
1,6,3,0,20.555555,37.906605,0.5049844,0.0,0.0,0.61184746,0.0,1.0,20.555555,3
1,7,3,0,20.555555,38.603516,0.84848166,6.4219084,2.1843112,0.0,0.0,1.0,20.555555,3
1,8,3,0,20.555555,38.96855,0.9760905,0.0,0.0,0.43857118,0.0,1.0,20.555555,3
1,9,3,0,20.555555,38.813435,0.51048195,0.0,0.0,0.3705319,0.0,0.0,20.555555,3
1,10,3,0,20.555555,38.69979,0.51048195,0.0,0.107026614,0.0,0.0,0.0,20.555555,3
1,11,3,0,20.555555,38.689735,0.5093824,2.2317078,0.6775684,0.0,0.0,0.0,20.555555,3
1,12,3,0,20.555555,38.60213,0.5093824,0.7439078,0.64234364,0.0,0.0,0.0,20.555555,3
1,13,3,0,20.555555,38.574825,0.5115815,0.7439073,0.706379,0.0,0.0,0.0,20.555555,3
1,14,3,0,20.555555,38.54142,0.5115815,0.0,0.7965422,0.0,0.0,0.0,20.555555,3
1,15,3,0,20.555555,38.500202,0.5115815,0.0,1.0116085,0.0,0.0,0.0,20.555555,3
1,16,3,0,20.555555,38.41355,0.51048195,0.0,1.1689254,0.0,0.0,0.0,20.555555,3
1,17,3,0,20.555555,37.997505,0.51378053,0.0,0.90088165,0.0,0.0,0.0,20.555555,3
1,18,3,0,22.215017,33.928955,0.54818195,0.0,0.0,0.6608733,0.0,0.0,22.222221,3
1,19,3,0,22.222221,33.7794,0.550381,0.0,0.0,0.020209484,0.0,0.0,22.222221,3
1,20,3,0,22.222221,33.614468,0.5181786,0.0,0.0,0.26836565,0.0,0.0,22.222221,3
1,21,3,0,22.776945,32.34101,0.5170791,0.0,0.0,0.72223234,0.0,0.0,22.777779,3
1,22,3,0,21.673847,34.428894,0.5159796,0.0,0.19374365,0.0,0.0,0.0,21.666666,3
1,23,3,0,20.141933,38.19203,0.96673065,3.3393736,2.5855522,0.0,0.0,1.0,20.0,3
1,24,3,0,20.001627,38.427742,0.7983128,0.0,0.6021967,0.0,0.0,1.0,20.0,3
1,1,4,0,20.000011,38.38312,0.5093824,0.0,0.14734162,0.0,0.0,1.0,20.0,3
1,2,4,0,20.0,38.294865,0.5082829,0.0,0.0,0.20078577,0.0,1.0,20.0,3
1,3,4,0,20.0,38.201565,0.5071834,0.0,0.0,0.34455132,0.0,1.0,20.0,3
1,4,4,0,20.0,37.984898,0.50608385,0.0,0.0,0.48890993,0.0,1.0,20.0,3
1,5,4,0,20.0,37.94507,0.5049844,0.0,0.0,0.5331382,0.0,1.0,20.0,3
1,6,4,0,20.0,37.78299,0.5049844,0.0,0.0,0.5927623,0.0,1.0,20.0,3
1,7,4,0,20.0,37.73095,0.5071834,0.0,0.0,0.59575456,0.0,1.0,20.0,3
1,8,4,0,20.0,37.655632,0.5093824,0.0,0.0,0.718758,0.0,1.0,20.0,3
1,9,4,0,20.0,37.629295,0.51048195,0.0,0.0,0.3732863,0.0,1.0,20.0,3
1,10,4,0,20.0,37.58214,0.51048195,0.0,0.11739059,0.0,0.0,0.0,20.0,3
1,11,4,0,21.109507,35.024784,0.5093824,0.0,0.0,0.35827047,0.0,0.0,21.11111,3
1,12,4,0,21.11111,34.961163,0.5093824,0.0,0.14629994,0.0,0.0,0.0,21.11111,3
1,13,4,0,21.11111,34.89778,0.5115815,0.0,0.36609095,0.0,0.0,0.0,21.11111,3
1,14,4,0,21.11111,34.823578,0.5115815,0.0,0.51671225,0.0,0.0,0.0,21.11111,3
1,15,4,0,19.866417,37.563705,0.5115815,0.0,1.3979734,0.0,0.0,0.0,19.833334,3
1,16,4,0,19.63855,38.07341,0.51048195,0.0,1.4751513,0.0,0.0,0.0,19.61111,3
1,17,4,0,20.277618,36.27189,0.51378053,0.0,0.51016194,0.0,0.0,0.0,20.277779,3
1,18,4,0,21.495283,33.350304,0.54818195,0.0,0.0,0.3493488,0.0,0.0,21.5,3
1,19,4,0,21.666597,32.86342,0.550381,0.0,0.11848952,0.0,0.0,0.0,21.666666,3
1,20,4,0,21.115614,33.880295,0.5181786,0.0,0.5993729,0.0,0.0,0.0,21.11111,3
1,21,4,0,21.111137,33.793526,0.5170791,0.0,0.45961434,0.0,0.0,0.0,21.11111,3
1,22,4,0,21.11111,33.756542,0.5159796,0.0,0.40813732,0.0,0.0,0.0,21.11111,3
1,23,4,0,21.666277,32.66743,0.96673065,0.0,0.3291743,0.0,0.0,1.0,21.666666,3
1,24,4,0,21.666666,32.71485,0.51048195,0.0,0.053637683,0.0,0.0,1.0,21.666666,3
1,1,5,0,20.054985,36.20056,0.5093824,0.0,0.99696076,0.0,0.0,1.0,20.0,3
1,2,5,0,20.001427,36.39377,0.5082829,0.0,0.4644491,0.0,0.0,1.0,20.0,3
1,3,5,0,20.000021,36.59055,0.5071834,0.74402696,0.29024374,0.0,0.0,1.0,20.0,3
1,4,5,0,20.0,36.66853,0.50608385,1.4880594,0.24458964,0.0,0.0,1.0,20.0,3
1,5,5,0,20.0,36.724724,0.5049844,0.0,0.08630521,0.0,0.0,1.0,20.0,3
1,6,5,0,20.0,36.782795,0.5049844,0.0,0.070577554,0.0,0.0,1.0,20.0,3
1,7,5,0,20.0,36.81982,1.3595935,4.1126366,0.42465347,0.0,0.0,1.0,20.0,3
1,8,5,0,20.0,37.776493,16.36145,0.0,0.81236684,0.0,0.0,0.0,20.0,3
1,9,5,0,20.0,38.21239,16.362549,0.0,0.89392805,0.0,0.0,0.0,20.0,3
1,10,5,0,20.0,38.75913,4.7377,0.0,0.46755844,0.0,0.0,0.0,20.0,3
1,11,5,0,20.0,38.84101,0.5093824,1.4880345,0.38982418,0.0,0.0,0.0,20.0,3
1,12,5,0,20.0,38.91694,0.5093824,0.0,0.33190894,0.0,0.0,0.0,20.0,3
1,13,5,0,21.107563,36.43433,0.5115815,0.0,0.0,0.2740879,0.0,0.0,21.11111,3
1,14,5,0,21.665436,35.3031,0.5115815,0.0,0.0,0.34882554,0.0,0.0,21.666666,3
1,15,5,0,21.666666,35.393833,0.5115815,0.0,0.06557237,0.0,0.0,0.0,21.666666,3
1,16,5,0,21.666666,35.480343,0.51048195,0.0,0.168554,0.0,0.0,0.0,21.666666,3
1,17,5,0,22.219288,34.96343,0.51378053,0.0,0.0,0.23992006,0.0,0.0,22.222221,3
1,18,5,0,22.22222,35.429867,0.54818195,0.0,0.0,0.102083564,0.0,0.0,22.222221,3
1,19,5,0,22.775986,34.853,0.550381,0.0,0.0,0.24103685,0.0,0.0,22.777779,3
1,20,5,0,22.777777,34.851345,0.5181786,0.0,0.0,0.059192255,0.0,0.0,22.777779,3
1,21,5,0,23.3297,33.62339,0.5170791,0.0,0.0,0.37190005,0.0,0.0,23.333334,3
1,22,5,0,23.333319,33.941597,0.5159796,0.0,0.0,0.1763398,0.0,0.0,23.333334,3
1,23,5,0,22.786142,35.237476,0.51378053,0.0,0.3240314,0.0,0.0,1.0,22.777779,3
1,24,5,0,22.777905,35.401527,0.51048195,0.0,0.201878,0.0,0.0,1.0,22.777779,3
1,1,6,0,22.777779,35.677593,0.5093824,0.0,0.06801591,0.0,0.0,1.0,22.777779,3
1,2,6,0,22.777779,36.01816,0.5082829,0.0,0.0,0.046239153,0.0,1.0,22.777779,3
1,3,6,0,22.234259,37.356064,0.5071834,0.0,0.24124958,0.0,0.0,1.0,22.222221,3
1,4,6,0,21.681305,38.797848,0.50608385,0.0,0.35073638,0.0,0.0,1.0,21.666666,3
1,5,6,0,21.666786,38.99348,0.5049844,0.0,0.23411259,0.0,0.0,1.0,21.666666,3
1,6,6,0,21.666668,39.12878,0.5049844,0.0,0.18200357,0.0,0.0,1.0,21.666666,3
1,7,6,0,21.666666,39.255714,0.5071834,0.0,0.15883899,0.0,0.0,1.0,21.666666,3
1,8,6,0,21.666666,39.603664,0.5093824,0.0,0.13828406,0.0,0.0,1.0,21.666666,3
1,9,6,0,21.666666,39.967613,0.51048195,0.0,0.13905211,0.0,0.0,1.0,21.666666,3
1,10,6,0,21.666666,40.05749,0.51048195,0.0,0.15873364,0.0,0.0,0.0,21.666666,3
1,11,6,0,21.666666,40.300743,0.5093824,0.0,0.15957314,0.0,0.0,0.0,21.666666,3
1,12,6,0,21.666666,40.407337,0.5093824,0.0,0.1310589,0.0,0.0,0.0,21.666666,3
1,13,6,0,21.666666,40.498028,0.5115815,0.0,0.23768066,0.0,0.0,0.0,21.666666,3
1,14,6,0,21.666666,40.616867,0.5115815,0.0,0.3230418,0.0,0.0,0.0,21.666666,3
1,15,6,0,22.221659,39.34995,0.5115815,0.0,0.3217377,0.0,0.0,0.0,22.222221,3
1,16,6,0,22.22222,39.452984,0.51048195,0.0,0.5090736,0.0,0.0,0.0,22.222221,3
1,17,6,0,22.222221,39.760883,0.51378053,0.0,0.18590078,0.0,0.0,0.0,22.222221,3
1,18,6,0,22.222221,40.033737,0.54818195,0.0,0.100502215,0.0,0.0,0.0,22.222221,3
1,19,6,0,22.222221,40.081383,0.550381,0.0,0.27647418,0.0,0.0,0.0,22.222221,3
1,20,6,0,22.77678,38.793213,0.5181786,0.0,0.116399705,0.0,0.0,0.0,22.777779,3
1,21,6,0,22.227676,40.247612,1.2849743,0.0,0.68232477,0.0,0.0,1.0,22.222221,3
1,22,6,0,22.222284,40.345325,0.5159796,0.0,0.3849168,0.0,0.0,1.0,22.222221,3
1,23,6,0,22.776114,39.204006,0.51378053,0.0,0.0,0.09549765,0.0,1.0,22.777779,3
1,24,6,0,22.777775,39.269585,0.51048195,0.0,0.0,0.10006972,0.0,1.0,22.777779,3
1,1,7,0,22.238508,40.74347,0.5093824,2.9757707,0.3986697,0.0,0.0,1.0,22.222221,3
1,2,7,0,22.222239,41.03841,0.5082829,0.0,0.006338406,0.0,0.0,1.0,22.222221,3
1,3,7,0,22.222221,41.172565,0.5071834,0.0,0.0,0.14565873,0.0,1.0,22.222221,3
1,4,7,0,22.222221,41.219063,0.50608385,0.0,0.0,0.22888766,0.0,1.0,22.222221,3
1,5,7,0,22.222221,41.174786,0.5049844,0.0,0.0,0.3155331,0.0,1.0,22.222221,3
1,6,7,0,22.222221,41.121906,0.5049844,0.0,0.0,0.31093532,0.0,1.0,22.222221,3
1,7,7,0,22.222221,41.02315,0.5071834,0.0,0.0,0.38354906,0.0,1.0,22.222221,3
1,8,7,0,22.222221,40.882946,0.5093824,0.0,0.0,0.39088526,0.0,1.0,22.222221,3
1,9,7,0,22.222221,40.846577,0.51048195,0.0,0.0,0.17737469,0.0,1.0,22.222221,3
1,10,7,0,22.222221,40.799633,0.99784863,0.0,0.10691263,0.0,0.0,1.0,22.222221,3
1,11,7,0,22.222221,40.744976,0.5093824,0.0,0.17564492,0.0,0.0,0.0,22.222221,3
1,12,7,0,22.222221,40.762993,0.5093824,0.0,0.4896544,0.0,0.0,0.0,22.222221,3
1,13,7,0,22.777342,39.41932,0.5115815,0.0,0.3160197,0.0,0.0,0.0,22.777779,3
1,14,7,0,22.777777,39.44276,0.5115815,0.0,0.48450926,0.0,0.0,0.0,22.777779,3
1,15,7,0,23.33293,38.136566,0.5115815,0.0,0.3679355,0.0,0.0,0.0,23.333334,3
1,16,7,0,22.81228,39.35556,0.51048195,0.0,0.8739261,0.0,0.0,0.0,22.777779,3
1,17,7,0,22.777992,39.057507,0.51378053,0.0,0.6811483,0.0,0.0,0.0,22.777779,3
1,18,7,0,22.777779,38.74963,1.2558856,0.0,0.88754064,0.0,0.0,1.0,22.777779,3
1,19,7,0,23.886469,36.14003,0.550381,0.0,0.0,0.23001172,0.0,0.0,23.88889,3
1,20,7,0,23.88889,36.03344,0.5181786,0.0,0.094218954,0.0,0.0,0.0,23.88889,3
1,21,7,0,23.88889,35.972195,1.2849743,0.0,0.47924533,0.0,0.0,1.0,23.88889,3
1,22,7,0,23.339256,37.12421,1.181414,0.0,0.774685,0.0,0.0,1.0,23.333334,3
1,23,7,0,22.78678,38.36027,0.51378053,0.7439454,0.6670273,0.0,0.0,1.0,22.777779,3
1,24,7,0,22.777811,38.327644,0.51048195,0.0,0.27442706,0.0,0.0,1.0,22.777779,3
1,1,1,0,22.777779,38.28785,0.5093824,0.0,0.0,0.07993253,0.0,1.0,22.777779,3
1,2,1,0,22.231028,39.543915,0.5082829,0.0,0.1110101,0.0,0.0,1.0,22.222221,3
1,3,1,0,22.222229,39.526226,0.5071834,0.0,0.0,0.09662874,0.0,1.0,22.222221,3
1,4,1,0,22.222221,39.492287,0.50608385,0.0,0.0,0.26310834,0.0,1.0,22.222221,3
1,5,1,0,22.222221,39.435486,0.5049844,0.0,0.0,0.36373496,0.0,1.0,22.222221,3
1,6,1,0,21.6688,40.59555,0.5049844,0.0,0.0,0.15741606,0.0,1.0,21.666666,3
1,7,1,0,21.11576,41.767197,0.5071834,0.0,0.0,0.102582894,0.0,0.0,21.11111,3
1,8,1,0,21.111124,41.501144,0.5093824,0.0,0.0,0.21556747,0.0,0.0,21.11111,3
1,9,1,0,21.665031,40.00783,0.51048195,0.0,0.0,0.2777173,0.0,0.0,21.666666,3
1,10,1,0,22.221508,38.52588,0.51048195,0.0,0.0,0.24893689,0.0,0.0,22.222221,3
1,11,1,0,23.331123,35.904114,0.5093824,0.0,0.0,0.64019,0.0,0.0,23.333334,3
1,12,1,0,23.88829,34.638695,0.5093824,0.0,0.0,0.47774747,0.0,0.0,23.88889,3
1,13,1,0,23.335106,35.754475,0.5115815,0.0,0.47800267,0.0,0.0,0.0,23.333334,3
1,14,1,0,23.333338,35.68112,0.5115815,0.0,0.4488794,0.0,0.0,0.0,23.333334,3
1,15,1,0,23.333334,35.613575,0.5115815,0.0,0.6598093,0.0,0.0,0.0,23.333334,3
1,16,1,0,23.333334,35.482952,0.51048195,0.0,0.7837649,0.0,0.0,0.0,23.333334,3
1,17,1,0,23.333334,35.429447,1.0993351,3.267085,2.0801785,0.0,0.0,1.0,23.333334,3
1,18,1,0,23.333334,34.951836,0.54818195,0.0,0.23326086,0.0,0.0,0.0,23.333334,3
1,19,1,0,23.888224,33.667652,0.550381,0.0,0.16214678,0.0,0.0,0.0,23.88889,3
1,20,1,0,24.443594,32.292255,0.5181786,0.0,0.0,0.25293678,0.0,0.0,24.444445,3
1,21,1,0,24.444445,32.212013,0.5170791,2.231415,0.0,0.03624168,0.0,0.0,24.444445,3
1,22,1,0,23.89146,33.15435,0.5159796,0.0,0.18589294,0.0,0.0,0.0,23.88889,3
1,23,1,0,24.442709,31.956446,0.51378053,0.0,0.0,0.3393172,0.0,0.0,24.444445,3
1,24,1,0,22.802458,34.979416,0.51048195,0.0,0.63932717,0.0,0.0,0.0,22.777779,3
1,1,2,0,22.777784,34.981903,0.5093824,0.0,0.0,0.1401966,0.0,1.0,22.777779,3
1,2,2,0,22.228487,36.114574,0.5082829,0.0,0.0,0.0959626,0.0,1.0,22.222221,3
1,3,2,0,22.222244,36.04401,0.5071834,0.0,0.0,0.30922428,0.0,1.0,22.222221,3
1,4,2,0,20.057215,41.066593,0.50608385,0.0,0.8295679,0.0,0.0,1.0,20.0,3
1,5,2,0,20.000414,41.110756,0.5049844,0.0,0.31539384,0.0,0.0,1.0,20.0,3
1,6,2,0,20.0,40.99702,0.5049844,0.0,0.019295206,0.0,0.0,1.0,20.0,3
1,7,2,0,20.0,40.841507,0.5071834,0.0,0.0,0.06898874,0.0,1.0,20.0,3
1,8,2,0,20.0,40.696735,0.5093824,0.0,0.0,0.1791358,0.0,1.0,20.0,3
1,9,2,0,20.0,40.914932,0.51048195,3.851823,1.7434868,0.0,0.0,0.0,20.0,3
1,10,2,0,20.0,40.7473,0.51048195,0.0,0.44157234,0.0,0.0,0.0,20.0,3
1,11,2,0,21.109335,37.924164,0.5093824,0.0,0.0,0.20824695,0.0,0.0,21.11111,3
1,12,2,0,20.006784,40.475266,0.5093824,0.0,1.2809368,0.0,0.0,0.0,20.0,3
1,13,2,0,20.00002,40.454266,0.5115815,0.74365485,1.1403128,0.0,0.0,0.0,20.0,3
1,14,2,0,21.6614,36.47263,0.5115815,0.0,0.0,0.30847597,0.0,0.0,21.666666,3
1,15,2,0,21.666607,36.395454,0.5115815,0.0,0.63108385,0.0,0.0,0.0,21.666666,3
1,16,2,0,21.666664,36.33985,0.51048195,0.0,0.69564384,0.0,0.0,0.0,21.666666,3
1,17,2,0,21.666666,36.002605,1.0993351,0.0,0.81517273,0.0,0.0,1.0,21.666666,3
1,18,2,0,22.221851,34.571762,0.54818195,1.1463028,0.5424188,0.0,0.0,0.0,22.222221,3
1,19,2,0,22.222221,34.439037,0.550381,0.0,0.29610637,0.0,0.0,0.0,22.222221,3
1,20,2,0,22.222221,34.299644,0.5181786,0.0,0.30269453,0.0,0.0,0.0,22.222221,3
1,21,2,0,22.222221,34.213554,0.5170791,0.743653,0.28623194,0.0,0.0,0.0,22.222221,3
1,22,2,0,22.776478,32.983997,0.5159796,0.0,0.0,0.09244805,0.0,0.0,22.777779,3
1,23,2,0,21.743265,35.088886,0.96673065,0.0,0.7572705,0.0,0.0,1.0,21.722221,3
1,24,2,0,22.204136,34.528587,0.7983128,3.6977792,1.6423073,0.0,0.0,1.0,22.222221,3
1,1,3,0,20.05743,39.350834,0.5093824,0.0,1.0731137,0.0,0.0,0.0,20.0,3
1,2,3,0,20.001722,39.53423,0.5082829,0.0,0.6028572,0.0,0.0,1.0,20.0,3
1,3,3,0,20.000023,39.62665,0.5071834,0.0,0.29305083,0.0,0.0,1.0,20.0,3
1,4,3,0,20.0,39.7026,0.50608385,0.0,0.11564927,0.0,0.0,1.0,20.0,3
1,5,3,0,20.0,39.819294,0.5049844,0.0,0.022643818,0.0,0.0,1.0,20.0,3
1,6,3,0,20.0,39.92123,0.5049844,0.0,0.0,0.05183903,0.0,0.0,20.0,3
1,7,3,0,20.661507,38.327225,0.5071834,0.0,0.0,0.3999255,0.0,0.0,20.666666,3
1,8,3,0,21.107428,37.3696,0.5093824,0.0,0.0,0.6278067,0.0,0.0,21.11111,3
1,9,3,0,21.111107,37.393593,0.51048195,0.0,0.0,0.25727978,0.0,0.0,21.11111,3
1,10,3,0,21.11111,37.445755,0.51048195,0.74343073,0.24425368,0.0,0.0,0.0,21.11111,3
1,11,3,0,21.11111,37.33794,0.5093824,0.0,0.5032722,0.0,0.0,0.0,21.11111,3
1,12,3,0,22.77392,33.90286,0.5093824,0.0,0.0,0.45192856,0.0,0.0,22.777779,3
1,13,3,0,22.777779,33.882477,0.5115815,0.0,0.15238975,0.0,0.0,0.0,22.777779,3
1,14,3,0,22.777779,33.883453,0.5115815,0.0,0.42437524,0.0,0.0,0.0,22.777779,3
1,15,3,0,22.777779,33.850807,0.5115815,0.0,0.5981936,0.0,0.0,0.0,22.777779,3
1,16,3,0,23.329184,32.712902,0.51048195,0.0,0.4390519,0.0,0.0,0.0,23.333334,3
1,17,3,0,23.333221,32.601044,0.51378053,0.0,0.4365394,0.0,0.0,0.0,23.333334,3
1,18,3,0,23.333334,32.462612,0.54818195,0.0,0.37838158,0.0,0.0,0.0,23.333334,3
1,19,3,0,23.333334,32.39899,0.550381,0.0,0.45475733,0.0,0.0,0.0,23.333334,3
1,20,3,0,23.333334,32.392086,1.337997,0.0,0.8007901,0.0,0.0,1.0,23.333334,3
1,21,3,0,23.333334,32.416225,1.2849743,0.0,0.75814027,0.0,0.0,1.0,23.333334,3
1,22,3,0,23.88807,31.419714,0.5159796,0.0,0.23590647,0.0,0.0,1.0,23.88889,3
1,23,3,0,23.88889,31.520735,0.51378053,0.0,0.01804566,0.0,0.0,1.0,23.88889,3
1,24,3,0,23.340067,32.668488,0.51048195,0.0,0.33720502,0.0,0.0,1.0,23.333334,3
2,1,4,0,22.794088,33.962162,0.50927734,2.2294614,0.5133707,0.0,0.0,1.0,22.777779,3
2,2,4,0,22.77786,34.308388,0.50818044,0.0,0.13084081,0.0,0.0,1.0,22.777779,3
2,3,4,0,22.777779,34.346214,0.50708354,0.0,0.0882836,0.0,0.0,1.0,22.777779,3
2,4,4,0,22.777779,34.58785,0.5059867,0.0,0.018634776,0.0,0.0,1.0,22.777779,3
2,5,4,0,22.777779,34.87712,0.5048898,0.0,0.0,0.061195742,0.0,1.0,22.777779,3
2,6,4,0,22.777779,35.169292,0.5048898,0.0,0.0,0.09837384,0.0,1.0,22.777779,3
2,7,4,0,22.777779,35.56651,0.85199654,3.2539313,1.3884321,0.0,0.0,1.0,22.777779,3
2,8,4,0,22.234137,36.837223,0.9799197,0.0,0.42879066,0.0,0.0,1.0,22.222221,3
2,9,4,0,22.222225,36.981483,1.0015279,0.0,0.3225424,0.0,0.0,1.0,22.222221,3
2,10,4,0,22.222221,37.1027,0.9998497,0.0,0.49840143,0.0,0.0,1.0,22.222221,3
2,11,4,0,22.777363,35.96195,0.9943238,0.0,0.5190983,0.0,0.0,1.0,22.777779,3
2,12,4,0,23.331726,35.412663,1.0057143,5.055725,2.514983,0.0,0.0,1.0,23.333334,3
2,13,4,0,23.333332,35.484135,1.020159,0.0,0.59378284,0.0,0.0,1.0,23.333334,3
2,14,4,0,23.888264,34.360405,0.51147115,0.74315757,0.32628962,0.0,0.0,0.0,23.88889,3
2,15,4,0,23.888887,34.40106,0.51147115,0.0,0.3907152,0.0,0.0,0.0,23.88889,3
2,16,4,0,23.88889,34.37455,0.51037425,0.0,0.42004335,0.0,0.0,0.0,23.88889,3
2,17,4,0,24.443316,33.017902,0.5136649,0.0,0.0,0.10606932,0.0,0.0,24.444445,3
2,18,4,0,23.89097,33.920033,0.5480558,0.0,0.2615886,0.0,0.0,0.0,23.88889,3
2,19,4,0,23.888891,33.635044,0.55024964,0.0,0.28837916,0.0,0.0,0.0,23.88889,3
2,20,4,0,24.443573,32.437138,0.5180525,0.0,0.10639828,0.0,0.0,0.0,24.444445,3
2,21,4,0,23.892344,33.53681,1.2900708,0.0,0.6521235,0.0,0.0,1.0,23.88889,3
2,22,4,0,24.443737,32.439,1.2134119,0.0,0.2454649,0.0,0.0,1.0,24.444445,3
2,23,4,0,24.444443,32.398033,0.5136649,0.0,0.0,0.28425986,0.0,1.0,24.444445,3
2,24,4,0,24.444445,32.26229,0.51037425,0.0,0.0,0.38878247,0.0,1.0,24.444445,3
2,1,5,0,24.444445,32.236668,0.50927734,0.0,0.0,0.55003214,0.0,1.0,24.444445,3
2,2,5,0,24.99392,31.054705,0.50818044,0.0,0.0,1.1408621,0.0,1.0,25.0,3
2,3,5,0,24.450089,32.05976,0.50708354,0.0,0.0,0.6464772,0.0,1.0,24.444445,3
2,4,5,0,24.444542,31.890196,0.5059867,0.0,0.0,0.8277067,0.0,1.0,24.444445,3
2,5,5,0,24.444445,31.847948,0.5048898,0.0,0.0,0.98611534,0.0,1.0,24.444445,3
2,6,5,0,23.892319,32.68745,0.5048898,0.0,0.0,0.7717001,0.0,1.0,23.88889,3
2,7,5,0,23.337687,33.70918,0.50708354,0.0,0.0,0.54967713,0.0,1.0,23.333334,3
2,8,5,0,23.333538,34.267437,0.9799197,6.104856,2.1987922,0.0,0.0,1.0,23.333334,3
2,9,5,0,22.780884,35.270477,1.0015279,0.0,0.0,0.108105205,0.0,1.0,22.777779,3
2,10,5,0,22.777805,35.44468,0.9998497,2.168306,0.99275285,0.0,0.0,1.0,22.777779,3
2,11,5,0,22.225489,36.57236,0.9943238,0.0,0.46555668,0.0,0.0,1.0,22.222221,3
2,12,5,0,22.222227,36.57206,1.0057143,2.2284725,0.82868314,0.0,0.0,1.0,22.222221,3
2,13,5,0,22.222221,36.5568,0.51147115,2.971278,0.6353159,0.0,0.0,0.0,22.222221,3
2,14,5,0,22.222221,36.50419,0.51147115,0.0,0.46008298,0.0,0.0,0.0,22.222221,3
2,15,5,0,22.777163,35.22001,0.51147115,0.0,0.2934666,0.0,0.0,0.0,22.777779,3
2,16,5,0,22.247784,36.330814,0.51037425,0.0,0.6402538,0.0,0.0,0.0,22.222221,3
2,17,5,0,22.222252,36.04195,0.5136649,0.0,0.060419638,0.0,0.0,0.0,22.222221,3
2,18,5,0,22.222221,35.689754,0.5480558,0.0,0.0,0.028245162,0.0,0.0,22.222221,3
2,19,5,0,22.222221,35.567574,0.55024964,0.0,0.26421395,0.0,0.0,0.0,22.222221,3
2,20,5,0,22.222221,35.432564,0.5180525,0.0,0.20808598,0.0,0.0,0.0,22.222221,3
2,21,5,0,21.671282,36.515488,0.5169556,0.0,0.3940114,0.0,0.0,0.0,21.666666,3
2,22,5,0,22.221184,35.21631,0.5158587,0.0,0.08851138,0.0,0.0,0.0,22.222221,3
2,23,5,0,22.222158,35.78807,0.9872767,5.653416,2.5871685,0.0,0.0,1.0,22.222221,3
2,24,5,0,22.222221,35.634655,0.8029626,0.0,0.046411928,0.0,0.0,1.0,22.222221,3
2,1,6,0,21.134903,38.00797,0.50927734,0.0,0.38216385,0.0,0.0,0.0,21.11111,3
2,2,6,0,21.114256,38.8459,0.67510384,7.168296,3.1725101,0.0,0.0,1.0,21.11111,3
2,3,6,0,20.57332,39.99957,0.64699054,0.0,0.23343472,0.0,0.0,1.0,20.555555,3
2,4,6,0,20.555637,40.319565,4.612637,0.0,1.1164564,0.0,0.0,1.0,20.555555,3
2,5,6,0,20.555555,40.22649,0.5048898,0.0,0.0,0.03336823,0.0,1.0,20.555555,3
2,6,6,0,20.012405,41.500313,0.5048898,0.0,0.13744186,0.0,0.0,1.0,20.0,3
2,7,6,0,18.398169,45.829105,0.50708354,0.0,0.89696664,0.0,0.0,1.0,18.333334,3
2,8,6,0,19.054876,43.982822,0.50927734,0.0,0.071132295,0.0,0.0,1.0,19.055555,3
2,9,6,0,20.54277,40.11432,1.0015279,0.0,0.0,0.6260503,0.0,1.0,20.555555,3
2,10,6,0,20.83113,39.406918,0.9998497,0.0,0.0,0.6032303,0.0,1.0,20.833334,3
2,11,6,0,21.662996,37.419647,0.50927734,0.0,0.0,1.0662379,0.0,0.0,21.666666,3
2,12,6,0,21.666662,37.39918,0.50927734,0.0,0.0,0.67245287,0.0,0.0,21.666666,3
2,13,6,0,21.666666,37.460068,1.020159,0.0,0.0,0.2609416,0.0,1.0,21.666666,3
2,14,6,0,21.666666,37.660355,1.0207995,0.0,0.0,0.059067313,0.0,1.0,21.666666,3
2,15,6,0,21.777744,37.624424,1.0047919,0.0,0.03497234,0.0,0.0,1.0,21.777779,3
2,16,6,0,22.7699,35.515785,1.0421106,0.0,0.0,0.49832287,0.0,1.0,22.777779,3
2,17,6,0,22.262394,37.349197,0.5136649,4.8711634,1.5142107,0.0,0.0,0.0,22.222221,3
2,18,6,0,23.320135,35.121246,0.5480558,0.0,0.0,1.187748,0.0,0.0,23.333334,3
2,19,6,0,21.159704,40.12425,0.55024964,2.2273464,1.307183,0.0,0.0,0.0,21.11111,3
2,20,6,0,21.112314,40.268997,1.3139426,0.0,0.79353726,0.0,0.0,1.0,21.11111,3
2,21,6,0,21.111141,40.508358,1.2900708,2.2273774,0.84928554,0.0,0.0,1.0,21.11111,3
2,22,6,0,22.765718,36.680855,1.2134119,0.0,0.0,0.3683081,0.0,1.0,22.777779,3
2,23,6,0,22.222605,37.975063,0.5136649,0.0,0.0,0.15004037,0.0,1.0,22.222221,3
2,24,6,0,22.222223,38.031776,0.51037425,0.0,0.0,0.17949007,0.0,1.0,22.222221,3
2,1,7,0,21.67145,39.50822,0.50927734,0.0,0.09729819,0.0,0.0,1.0,21.666666,3
2,2,7,0,22.21714,38.36168,0.50818044,0.0,0.0,0.49316192,0.0,1.0,22.222221,3
2,3,7,0,21.667568,39.71216,0.50708354,0.0,0.0,0.20842762,0.0,1.0,21.666666,3
2,4,7,0,22.212778,38.532433,0.5059867,0.0,0.0,0.6420419,0.0,1.0,22.222221,3
2,5,7,0,22.222086,38.606144,0.5048898,0.0,0.0,0.77630454,0.0,1.0,22.222221,3
2,6,7,0,22.22222,38.652397,0.5048898,0.0,0.0,0.7826235,0.0,1.0,22.222221,3
2,7,7,0,22.222221,38.696392,0.50708354,0.0,0.0,0.7410315,0.0,1.0,22.222221,3
2,8,7,0,22.222221,38.725956,0.50927734,0.0,0.0,0.73488826,0.0,1.0,22.222221,3
2,9,7,0,22.222221,38.76473,1.0015279,0.0,0.0,0.25789702,0.0,1.0,22.222221,3
2,10,7,0,22.222221,39.323303,0.51037425,4.294271,1.8027705,0.0,0.0,0.0,22.222221,3
2,11,7,0,22.222221,39.391575,0.50927734,0.0,0.43538773,0.0,0.0,0.0,22.222221,3
2,12,7,0,22.776737,37.9992,0.50927734,0.0,0.0,0.20221022,0.0,0.0,22.777779,3
2,13,7,0,22.777777,37.96622,0.51147115,2.2260664,0.19022903,0.0,0.0,0.0,22.777779,3
2,14,7,0,23.328232,36.620747,0.51147115,0.0,0.0,0.24851368,0.0,0.0,23.333334,3
2,15,7,0,23.333317,36.5417,0.51147115,0.0,0.1541869,0.0,0.0,0.0,23.333334,3
2,16,7,0,23.333334,36.445,0.51037425,0.0,0.20525876,0.0,0.0,0.0,23.333334,3
2,17,7,0,23.333334,36.487976,0.5136649,0.0,0.22251816,0.0,0.0,0.0,23.333334,3
2,18,7,0,23.887823,35.42551,0.5480558,0.0,0.0,0.3583084,0.0,0.0,23.88889,3
2,19,7,0,23.88889,35.61456,0.55024964,0.0,0.0,0.03290905,0.0,0.0,23.88889,3
2,20,7,0,24.443155,34.45722,0.5180525,0.0,0.0,0.35480556,0.0,0.0,24.444445,3
2,21,7,0,24.444443,34.506115,0.5169556,0.0,0.0,0.29070196,0.0,0.0,24.444445,3
2,22,7,0,24.444445,34.612606,0.5158587,0.0,0.0,0.20839407,0.0,1.0,24.444445,3
2,23,7,0,24.444445,34.731712,0.5136649,0.0,0.0,0.35464308,0.0,1.0,24.444445,3
2,24,7,0,23.900076,36.253284,0.8029626,3.1567407,1.2886429,0.0,0.0,1.0,23.88889,3
2,1,1,0,23.338554,37.41073,1.827047,2.9622295,0.3800651,0.0,0.0,1.0,23.333334,3
2,2,1,0,23.333353,37.342087,0.50818044,0.0,0.0,0.47222465,0.0,1.0,23.333334,3
2,3,1,0,23.333334,37.10064,0.50708354,0.0,0.0,0.6595492,0.0,1.0,23.333334,3
2,4,1,0,22.77907,38.29268,0.5059867,0.0,0.0,0.4192079,0.0,1.0,22.777779,3
2,5,1,0,22.777788,38.032032,0.5048898,0.0,0.0,0.566744,0.0,1.0,22.777779,3
2,6,1,0,22.777779,37.96969,0.5048898,0.0,0.0,0.66493976,0.0,1.0,22.777779,3
2,7,1,0,22.777779,37.71458,0.50708354,0.0,0.0,0.79318154,0.0,1.0,22.777779,3
2,8,1,0,22.226212,38.644592,0.50927734,0.0,0.0,0.5116345,0.0,0.0,22.222221,3
2,9,1,0,22.222242,38.525303,0.51037425,0.0,0.0,0.4776193,0.0,0.0,22.222221,3
2,10,1,0,22.222221,38.36626,0.51037425,0.0,0.0,0.5413057,0.0,0.0,22.222221,3
2,11,1,0,22.222221,38.233654,0.50927734,0.0,0.0,0.570622,0.0,0.0,22.222221,3
2,12,1,0,22.222221,38.122772,0.50927734,0.0,0.0,0.4686134,0.0,0.0,22.222221,3
2,13,1,0,22.222221,38.074886,0.51147115,0.0,0.0,0.2858666,0.0,0.0,22.222221,3
2,14,1,0,22.222221,38.01763,0.51147115,0.0,0.0,0.24970561,0.0,0.0,22.222221,3
2,15,1,0,22.222221,37.953163,0.51147115,0.0,0.0,0.15102021,0.0,0.0,22.222221,3
2,16,1,0,22.222221,37.888863,0.51037425,0.0,0.19036338,0.0,0.0,0.0,22.222221,3
2,17,1,0,22.222221,37.713898,0.5136649,0.0,0.0,0.30047706,0.0,0.0,22.222221,3
2,18,1,0,22.222221,37.66587,1.2395467,0.0,0.0,0.004995738,0.0,1.0,22.222221,3
2,19,1,0,21.673351,38.9132,1.3266804,0.0,0.6693966,0.0,0.0,1.0,21.666666,3
2,20,1,0,21.666687,38.872013,0.5180525,0.0,0.29111528,0.0,0.0,0.0,21.666666,3
2,21,1,0,21.666666,38.811085,0.5169556,0.0,0.2573724,0.0,0.0,0.0,21.666666,3
2,22,1,0,21.666666,39.194275,0.5158587,3.0871,1.3848891,0.0,0.0,1.0,21.666666,3
2,23,1,0,21.666666,39.160683,0.5136649,0.74155504,0.2791021,0.0,0.0,1.0,21.666666,3
2,24,1,0,20.058672,43.296425,0.51037425,0.0,1.0155045,0.0,0.0,1.0,20.0,3
2,1,2,0,21.656324,39.344395,0.50927734,0.0,0.0,0.6324371,0.0,1.0,21.666666,3
2,2,2,0,21.666597,39.39738,0.50818044,0.0,0.0,0.27072403,0.0,1.0,21.666666,3
2,3,2,0,22.213432,38.24559,0.50708354,0.0,0.0,0.62863684,0.0,1.0,22.222221,3
2,4,2,0,22.222122,38.35901,0.5059867,0.0,0.0,0.6127599,0.0,1.0,22.222221,3
2,5,2,0,22.222221,38.53344,0.5048898,0.0,0.0,0.5745572,0.0,1.0,22.222221,3
2,6,2,0,21.66733,39.99375,0.5048898,0.0,0.0,0.21187085,0.0,1.0,21.666666,3
2,7,2,0,21.666668,40.081467,0.50708354,0.0,0.0,0.33342382,0.0,0.0,21.666666,3
2,8,2,0,22.213535,38.781197,0.50927734,0.0,0.0,0.6274845,0.0,0.0,22.222221,3
2,9,2,0,22.222113,38.845108,0.51037425,0.0,0.0,0.6789953,0.0,0.0,22.222221,3
2,10,2,0,22.222221,38.90644,0.51037425,0.0,0.0,0.6711613,0.0,0.0,22.222221,3
2,11,2,0,22.222221,38.937614,0.50927734,0.0,0.0,0.6563999,0.0,0.0,22.222221,3
2,12,2,0,22.222221,38.95456,0.50927734,0.0,0.0,0.57388854,0.0,0.0,22.222221,3
2,13,2,0,22.76587,37.708286,0.51147115,0.0,0.0,0.9774959,0.0,0.0,22.777779,3
2,14,2,0,22.777584,37.70501,0.51147115,0.0,0.0,0.8980367,0.0,0.0,22.777779,3
2,15,2,0,22.777777,37.72734,0.51147115,0.0,0.0,0.8311577,0.0,0.0,22.777779,3
2,16,2,0,23.319332,36.479946,0.51037425,0.0,0.0,1.2182218,0.0,0.0,23.333334,3
2,17,2,0,23.333267,36.399467,0.5136649,0.0,0.0,1.6592351,0.0,0.0,23.333334,3
2,18,2,0,23.333332,36.335636,0.5480558,0.0,0.0,1.6913452,0.0,0.0,23.333334,3
2,19,2,0,23.879673,35.07971,0.55024964,0.0,0.0,1.3748153,0.0,0.0,23.88889,3
2,20,2,0,23.339746,36.150383,0.5180525,0.0,0.0,0.77450645,0.0,0.0,23.333334,3
2,21,2,0,23.880451,34.979134,0.5169556,0.0,0.0,1.2378742,0.0,0.0,23.88889,3
2,22,2,0,23.8887,34.889133,0.5158587,0.0,0.0,1.2442986,0.0,0.0,23.88889,3
2,23,2,0,23.888885,34.89381,0.5136649,0.0,0.0,1.2563715,0.0,1.0,23.88889,3
2,24,2,0,23.88889,34.876194,0.51037425,0.0,0.0,1.2501849,0.0,1.0,23.88889,3
2,1,3,0,23.88889,34.816566,0.50927734,0.0,0.0,1.4104006,0.0,1.0,23.88889,3
2,2,3,0,24.423323,33.597168,0.50818044,0.0,0.0,1.9837626,0.0,1.0,24.444445,3
2,3,3,0,24.443747,33.452213,0.50708354,0.74044794,0.0,1.9065754,0.0,1.0,24.444445,3
2,4,3,0,23.901371,34.422546,0.5059867,0.0,0.0,1.4039588,0.0,1.0,23.88889,3
2,5,3,0,23.888973,34.287407,0.5048898,0.0,0.0,1.6612691,0.0,1.0,23.88889,3
2,6,3,0,23.344217,35.40082,0.5048898,0.0,0.0,1.2225237,0.0,1.0,23.333334,3
2,7,3,0,23.333391,35.32533,0.50708354,0.0,0.0,1.3519583,0.0,1.0,23.333334,3
2,8,3,0,22.785826,36.45406,0.50927734,0.0,0.0,0.9359035,0.0,1.0,22.777779,3
2,9,3,0,22.228638,37.458088,0.51037425,0.0,0.0,0.733282,0.0,1.0,22.222221,3
2,10,3,0,22.222242,37.173313,0.51037425,0.0,0.0,0.9738037,0.0,1.0,22.222221,3
2,11,3,0,21.667635,38.33611,0.50927734,0.0,0.0,0.5607904,0.0,0.0,21.666666,3
2,12,3,0,21.666668,38.180664,0.50927734,0.0,0.0,0.5488886,0.0,0.0,21.666666,3
2,13,3,0,21.11313,39.341255,0.51147115,0.0,0.0,0.14614677,0.0,0.0,21.11111,3
2,14,3,0,21.11111,39.23476,0.51147115,0.0,0.0,0.12910052,0.0,0.0,21.11111,3
2,15,3,0,20.559193,40.286907,0.51147115,0.0,0.3586695,0.0,0.0,0.0,20.555555,3
2,16,3,0,20.555555,39.93023,0.51037425,0.0,0.012993737,0.0,0.0,0.0,20.555555,3
2,17,3,0,20.555555,39.553253,0.5136649,0.0,0.0,0.43069065,0.0,0.0,20.555555,3
2,18,3,0,19.043434,42.999306,0.5480558,0.0,0.5457217,0.0,0.0,0.0,19.0,3
2,19,3,0,19.997463,40.40731,0.55024964,0.0,0.0,0.20013377,0.0,0.0,20.0,3
2,20,3,0,21.489746,36.604855,0.5180525,0.0,0.0,0.8561308,0.0,0.0,21.5,3
2,21,3,0,22.217056,34.895447,0.5169556,0.0,0.0,1.3427794,0.0,0.0,22.222221,3
2,22,3,0,22.222197,34.788624,0.5158587,0.0,0.0,0.9947492,0.0,0.0,22.222221,3
2,23,3,0,20.303188,39.551304,0.9872767,3.8420613,2.514822,0.0,0.0,1.0,20.222221,3
2,24,3,0,20.002651,40.179302,0.51037425,0.0,0.12918608,0.0,0.0,1.0,20.0,3
2,1,4,0,20.000004,40.13316,0.50927734,0.0,0.0,0.26454774,0.0,1.0,20.0,3
2,2,4,0,20.0,40.06812,0.50818044,0.0,0.0,0.495339,0.0,1.0,20.0,3
2,3,4,0,20.0,39.96404,0.50708354,2.219457,0.0,0.4484843,0.0,1.0,20.0,3
2,4,4,0,20.0,39.90611,0.5059867,0.0,0.0,0.7045425,0.0,1.0,20.0,3
2,5,4,0,20.0,39.79931,0.5048898,0.0,0.0,0.7819612,0.0,1.0,20.0,3
2,6,4,0,20.0,39.76142,0.5048898,0.0,0.0,0.74259037,0.0,1.0,20.0,3
2,7,4,0,20.0,39.65488,0.50708354,0.0,0.0,0.74385524,0.0,1.0,20.0,3
2,8,4,0,20.0,39.600346,0.9799197,0.0,0.0,0.49381626,0.0,1.0,20.0,3
2,9,4,0,20.0,39.891544,1.0015279,2.615968,0.89651793,0.0,0.0,1.0,20.0,3
2,10,4,0,20.0,39.83359,0.9998497,0.0,0.2536619,0.0,0.0,1.0,20.0,3
2,11,4,0,19.502005,41.044247,0.9943238,0.0,0.9432051,0.0,0.0,1.0,19.5,3
2,12,4,0,20.554115,38.440456,1.0057143,0.0,0.42081496,0.0,0.0,1.0,20.555555,3
2,13,4,0,20.555553,38.460938,0.51147115,2.2194302,0.57055575,0.0,0.0,0.0,20.555555,3
2,14,4,0,20.555555,38.421604,0.51147115,0.7398164,0.5594887,0.0,0.0,0.0,20.555555,3
2,15,4,0,20.555555,38.449738,0.51147115,1.4796066,0.793487,0.0,0.0,0.0,20.555555,3
2,16,4,0,20.020252,39.677273,0.51037425,0.0,1.1206913,0.0,0.0,0.0,20.0,3
2,17,4,0,20.00012,39.499176,0.5136649,0.0,0.60097367,0.0,0.0,0.0,20.0,3
2,18,4,0,20.0,39.343258,1.2395467,0.0,0.78754073,0.0,0.0,1.0,20.0,3
2,19,4,0,20.0,39.128773,0.55024964,0.0,0.6897784,0.0,0.0,0.0,20.0,3
2,20,4,0,20.0,39.100643,1.3139426,0.0,0.98424584,0.0,0.0,1.0,20.0,3
2,21,4,0,20.0,39.05824,0.5169556,0.0,0.5926426,0.0,0.0,0.0,20.0,3
2,22,4,0,21.656113,35.300465,1.2134119,0.0,0.0,0.29852256,0.0,1.0,21.666666,3
2,23,4,0,20.054781,38.98309,0.9872767,0.0,1.2861447,0.0,0.0,1.0,20.0,3
2,24,4,0,20.001585,39.16448,0.51037425,0.0,0.52557343,0.0,0.0,1.0,20.0,3
2,1,5,0,20.000002,39.248123,0.50927734,0.0,0.36797994,0.0,0.0,1.0,20.0,3
2,2,5,0,20.0,39.296757,0.50818044,0.0,0.18917364,0.0,0.0,1.0,20.0,3
2,3,5,0,20.0,39.376064,0.50708354,0.0,0.10571389,0.0,0.0,1.0,20.0,3
2,4,5,0,20.0,39.09759,0.5059867,0.0,0.056892235,0.0,0.0,1.0,20.0,3
2,5,5,0,20.0,39.623947,0.5048898,0.0,0.021541659,0.0,0.0,1.0,20.0,3
2,6,5,0,20.0,39.756424,0.5048898,0.0,0.0,0.014527593,0.0,1.0,20.0,3
2,7,5,0,20.0,39.870735,0.50708354,0.0,0.008754699,0.0,0.0,1.0,20.0,3
2,8,5,0,20.0,40.566853,0.9799197,4.471388,2.1343796,0.0,0.0,1.0,20.0,3
2,9,5,0,19.946037,40.645874,1.0015279,0.0,0.30327657,0.0,0.0,1.0,19.944445,3
2,10,5,0,20.550146,39.351547,1.6569935,0.0,0.2532649,0.0,0.0,1.0,20.555555,3
2,11,5,0,21.66334,37.58805,16.361345,0.0,0.2745873,0.0,0.0,0.0,21.666666,3
2,12,5,0,21.666658,38.506493,16.361345,0.0,0.8830495,0.0,0.0,0.0,21.666666,3
2,13,5,0,21.666666,38.579216,1.5682756,0.0,0.23334977,0.0,0.0,0.0,21.666666,3
2,14,5,0,21.666666,38.63,0.51147115,0.0,0.18401599,0.0,0.0,0.0,21.666666,3
2,15,5,0,22.220943,37.447033,0.51147115,0.0,0.0,0.10208743,0.0,0.0,22.222221,3
2,16,5,0,22.222221,37.50934,0.51037425,0.0,0.030782286,0.0,0.0,0.0,22.222221,3
2,17,5,0,22.773134,36.564365,0.5136649,0.0,0.0,0.5225297,0.0,0.0,22.777779,3
2,18,5,0,22.777763,36.819935,0.5480558,0.0,0.0,0.41532713,0.0,0.0,22.777779,3
2,19,5,0,22.777779,36.82067,0.55024964,0.0,0.0,0.033957656,0.0,0.0,22.777779,3
2,20,5,0,23.331709,35.65764,0.5180525,0.0,0.0,0.39851955,0.0,0.0,23.333334,3
2,21,5,0,23.33333,35.71571,0.5169556,0.0,0.0,0.26779127,0.0,0.0,23.333334,3
2,22,5,0,22.784563,37.00572,0.5158587,0.0,0.21964023,0.0,0.0,0.0,22.777779,3
2,23,5,0,23.329287,35.87521,0.5136649,0.0,0.0,0.21561846,0.0,0.0,23.333334,3
2,24,5,0,22.783867,37.31089,0.51037425,0.0,0.11418839,0.0,0.0,0.0,22.777779,3
2,1,6,0,22.777779,37.631504,0.50927734,0.0,0.0,0.074271515,0.0,1.0,22.777779,3
2,2,6,0,23.32634,36.49765,0.50818044,0.0,0.0,0.46530223,0.0,1.0,23.333334,3
2,3,6,0,23.333267,36.77411,0.50708354,0.0,0.0,0.48520672,0.0,1.0,23.333334,3
2,4,6,0,23.333332,37.08347,0.5059867,0.0,0.0,0.4355711,0.0,1.0,23.333334,3
2,5,6,0,23.333334,37.1835,0.5048898,0.0,0.0,0.41203752,0.0,1.0,23.333334,3
2,6,6,0,23.333334,37.282894,0.5048898,0.0,0.0,0.46752164,0.0,0.0,23.333334,3
2,7,6,0,23.333334,37.222813,1.8872162,0.0,0.0,0.021720078,0.0,1.0,23.333334,3
2,8,6,0,23.333334,38.216763,0.9799197,0.0,0.0,0.12648098,0.0,1.0,23.333334,3
2,9,6,0,23.333334,38.94481,3.848382,0.0,0.60113573,0.0,0.0,1.0,23.333334,3
2,10,6,0,23.333334,40.015995,4.881923,1.4767916,1.0991627,0.0,0.0,1.0,23.333334,3
2,11,6,0,23.333334,40.057686,0.50927734,0.0,0.072037466,0.0,0.0,0.0,23.333334,3
2,12,6,0,23.333334,40.112976,0.50927734,3.6920526,0.07478887,0.0,0.0,0.0,23.333334,3
2,13,6,0,23.333334,40.075737,0.51147115,0.0,0.0,0.46975502,0.0,0.0,23.333334,3
2,14,6,0,23.333334,40.09019,0.51147115,1.4768211,0.0,0.4354619,0.0,0.0,23.333334,3
2,15,6,0,23.333334,40.106247,0.51147115,0.0,0.0,0.5248284,0.0,1.0,23.333334,3
2,16,6,0,23.333334,40.063522,0.51037425,0.0,0.0,0.55291134,0.0,1.0,23.333334,3
2,17,6,0,23.333334,40.102367,1.0950717,2.7843716,0.3017944,0.0,0.0,1.0,23.333334,3
2,18,6,0,23.333334,39.96725,1.2395467,0.0,0.0,0.7513335,0.0,1.0,23.333334,3
2,19,6,0,23.883741,38.554703,0.55024964,0.0,0.0,0.8886609,0.0,0.0,23.88889,3
2,20,6,0,23.888868,38.3946,0.5180525,0.0,0.0,0.9649437,0.0,0.0,23.88889,3
2,21,6,0,23.88889,38.154713,0.5169556,0.7383997,0.0,0.8975743,0.0,0.0,23.88889,3
2,22,6,0,24.439344,36.813778,0.5158587,0.0,0.0,1.4404768,0.0,0.0,24.444445,3
2,23,6,0,24.4444,36.723194,0.9872767,0.0,0.0,1.2110121,0.0,1.0,24.444445,3
2,24,6,0,24.444445,36.549812,0.8029626,0.0,0.0,1.2748091,0.0,1.0,24.444445,3
2,1,7,0,23.891762,37.58892,0.50927734,0.0,0.0,1.0344179,0.0,1.0,23.88889,3
2,2,7,0,23.888933,37.538395,0.50818044,0.0,0.0,1.3992248,0.0,1.0,23.88889,3
2,3,7,0,23.88889,37.304646,0.50708354,0.0,0.0,1.5913979,0.0,1.0,23.88889,3
2,4,7,0,23.339441,38.321346,0.5059867,0.0,0.0,1.2557398,0.0,1.0,23.333334,3
2,5,7,0,23.33343,38.108723,0.5048898,1.4752579,0.0,1.4202635,0.0,1.0,23.333334,3
2,6,7,0,22.78986,39.26276,0.5048898,0.0,0.0,1.3391722,0.0,1.0,22.777779,3
2,7,7,0,22.778112,38.92313,0.50708354,0.0,0.0,1.4525408,0.0,1.0,22.777779,3
2,8,7,0,22.233559,39.794857,0.50927734,0.0,0.0,1.2643028,0.0,1.0,22.222221,3
2,9,7,0,21.675814,40.646362,0.51037425,0.0,0.0,0.9729109,0.0,1.0,21.666666,3
2,10,7,0,21.666834,40.33661,0.51037425,0.0,0.0,1.6345497,0.0,1.0,21.666666,3
2,11,7,0,21.666672,40.16476,0.50927734,0.0,0.0,1.3423314,0.0,0.0,21.666666,3
2,12,7,0,21.115307,41.330463,0.50927734,0.0,0.0,0.9341725,0.0,0.0,21.11111,3
2,13,7,0,21.111113,41.84763,0.51147115,0.0,0.0,1.1669124,0.0,0.0,21.11111,3
2,14,7,0,20.561325,42.32043,0.51147115,0.0,0.0,0.7234076,0.0,0.0,20.555555,3
2,15,7,0,20.001612,43.673367,0.51147115,0.0,0.0,0.34411317,0.0,0.0,20.0,3
2,16,7,0,20.0,43.519627,0.51037425,0.0,0.0,0.24336883,0.0,0.0,20.0,3
2,17,7,0,20.0,42.78762,0.5136649,0.0,0.0,0.81365436,0.0,0.0,20.0,3
2,18,7,0,20.0,42.34157,0.5480558,0.0,0.0,0.91827404,0.0,0.0,20.0,3
2,19,7,0,22.364992,36.476677,0.55024964,0.0,0.0,1.999337,0.0,0.0,22.38889,3
2,20,7,0,22.7748,35.4054,0.5180525,0.0,0.0,2.2635417,0.0,0.0,22.777779,3
2,21,7,0,22.777765,35.042377,0.5169556,0.0,0.0,1.7085049,0.0,0.0,22.777779,3
2,22,7,0,22.722572,35.006496,0.5158587,0.0,0.0,1.4155842,0.0,0.0,22.722221,3
2,23,7,0,22.77711,34.776695,0.9872767,0.0,0.0,1.210111,0.0,1.0,22.777779,3
2,24,7,0,22.226418,35.669357,0.51037425,0.0,0.0,0.974376,0.0,1.0,22.222221,3
2,1,1,0,21.673458,36.809578,0.50927734,0.0,0.0,0.83944666,0.0,1.0,21.666666,3
2,2,1,0,21.117462,37.75501,0.50818044,0.0,0.0,0.7508887,0.0,1.0,21.11111,3
2,3,1,0,20.56025,38.7903,0.50708354,1.4736049,0.0,0.5736472,0.0,1.0,20.555555,3
2,4,1,0,20.555643,38.528454,0.5059867,0.0,0.0,0.9207753,0.0,1.0,20.555555,3
2,5,1,0,20.006145,39.524582,0.5048898,0.0,0.0,0.7619953,0.0,1.0,20.0,3
2,6,1,0,18.371744,43.60643,0.5048898,0.0,0.30424803,0.0,0.0,1.0,18.333334,3
2,7,1,0,19.543829,40.372982,0.50708354,0.0,0.0,1.0202489,0.0,1.0,19.555555,3
2,8,1,0,19.501625,40.224293,0.50927734,0.0,0.0,0.8028468,0.0,1.0,19.5,3
2,9,1,0,19.997864,38.84951,0.51037425,0.0,0.0,1.2034715,0.0,1.0,20.0,3
2,10,1,0,18.359554,42.889153,0.9998497,0.0,1.0340315,0.0,0.0,1.0,18.333334,3
2,11,1,0,18.333412,42.889233,2.0895636,0.0,1.1871055,0.0,0.0,1.0,18.333334,3
2,12,1,0,18.333334,43.089844,7.3465414,3.2861278,1.0363247,0.0,0.0,1.0,18.333334,3
2,13,1,0,18.333334,43.624283,16.872227,3.5715008,1.480393,0.0,0.0,1.0,18.333334,3
2,14,1,0,18.333334,44.147823,16.363539,2.947133,1.6149168,0.0,0.0,0.0,18.333334,3
2,15,1,0,18.333334,44.570488,16.363539,0.0,1.6120584,0.0,0.0,0.0,18.333334,3
2,16,1,0,19.165638,42.24503,0.51037425,2.210388,0.33678266,0.0,0.0,0.0,19.166666,3
2,17,1,0,21.641436,36.033077,0.5136649,1.4735578,0.0,1.9543126,0.0,0.0,21.666666,3
2,18,1,0,21.444845,36.155262,0.5480558,0.0,0.0,1.5259243,0.0,0.0,21.444445,3
2,19,1,0,20.015017,39.354694,0.55024964,0.0,0.4405247,0.0,0.0,0.0,20.0,3
2,20,1,0,21.107279,36.635838,0.5180525,0.0,0.0,0.73188186,0.0,0.0,21.11111,3
2,21,1,0,20.557219,37.773006,0.5169556,0.0,0.0,0.23684652,0.0,0.0,20.555555,3
2,22,1,0,19.049078,41.386646,0.5158587,0.0,0.643901,0.0,0.0,0.0,19.0,3
2,23,1,0,21.64467,35.17195,0.5136649,0.0,0.0,1.6390389,0.0,0.0,21.666666,3
2,24,1,0,21.28106,35.8976,0.51037425,0.0,0.0,0.9436656,0.0,0.0,21.277779,3
2,1,2,0,20.021603,38.735115,0.50927734,0.0,0.2577524,0.0,0.0,0.0,20.0,3
2,2,2,0,20.00008,38.805016,0.50818044,0.0,0.0,0.26626307,0.0,1.0,20.0,3
2,3,2,0,20.0,38.76143,0.50708354,0.0,0.0,0.39774296,0.0,1.0,20.0,3
2,4,2,0,20.0,38.74853,0.5059867,0.0,0.0,0.530225,0.0,1.0,20.0,3
2,5,2,0,20.0,38.743633,0.5048898,0.0,0.0,0.6063057,0.0,1.0,20.0,3
2,6,2,0,20.0,38.73329,0.5048898,0.0,0.0,0.65559536,0.0,1.0,20.0,3
2,7,2,0,20.0,39.08093,0.85199654,2.4087305,0.5291349,0.0,0.0,1.0,20.0,3
2,8,2,0,19.185312,41.047195,0.9799197,0.0,0.24844046,0.0,0.0,1.0,19.166666,3
2,9,2,0,18.370739,43.22718,1.0015279,0.0,0.51598686,0.0,0.0,1.0,18.333334,3
2,10,2,0,18.333534,43.345543,0.51037425,0.0,0.08211957,0.0,0.0,0.0,18.333334,3
2,11,2,0,18.333334,43.834614,0.50927734,0.0,0.0,0.020040456,0.0,0.0,18.333334,3
2,12,2,0,18.333334,43.371193,1.0057143,0.0,0.23026945,0.0,0.0,1.0,18.333334,3
2,13,2,0,18.333334,44.02084,1.020159,5.507909,1.8878654,0.0,0.0,1.0,18.333334,3
2,14,2,0,18.333334,45.355995,1.0207995,4.8079534,2.3625605,0.0,0.0,1.0,18.333334,3
2,15,2,0,18.333334,45.28265,1.0047919,0.0,0.34413552,0.0,0.0,1.0,18.333334,3
2,16,2,0,18.333334,45.114185,1.0421106,0.0,0.3412007,0.0,0.0,1.0,18.333334,3
2,17,2,0,18.333334,45.04986,0.5136649,0.0,0.0,0.3079268,0.0,0.0,18.333334,3
2,18,2,0,21.084408,37.977486,0.5480558,0.0,0.0,2.064274,0.0,0.0,21.11111,3
2,19,2,0,20.78036,38.7491,0.55024964,2.2077715,0.0,0.9148399,0.0,0.0,20.777779,3
2,20,2,0,21.656528,36.70529,0.5180525,0.0,0.0,1.3902223,0.0,0.0,21.666666,3
2,21,2,0,21.666601,36.71796,0.5169556,0.0,0.0,1.0694554,0.0,0.0,21.666666,3
2,22,2,0,21.666666,36.77886,0.5158587,0.0,0.0,0.8543008,0.0,0.0,21.666666,3
2,23,2,0,21.666666,36.839417,0.9872767,0.0,0.0,0.54034156,0.0,1.0,21.666666,3
2,24,2,0,21.196766,38.823315,0.8029626,6.739225,2.7749527,0.0,0.0,1.0,21.11111,3
2,1,3,0,21.111822,39.676327,0.50927734,0.0,0.0,0.4589437,0.0,1.0,21.11111,3
2,2,3,0,21.11113,40.008263,0.50818044,0.0,0.0,0.60751414,0.0,1.0,21.11111,3
2,3,3,0,21.11111,40.16225,0.50708354,0.0,0.0,0.671604,0.0,1.0,21.11111,3
2,4,3,0,21.11111,40.298065,0.5059867,0.0,0.0,0.6817957,0.0,1.0,21.11111,3
2,5,3,0,21.11111,40.42945,0.5048898,0.0,0.0,0.68798274,0.0,1.0,21.11111,3
2,6,3,0,21.11111,40.54766,0.5048898,0.0,0.0,0.6945529,0.0,1.0,21.11111,3
2,7,3,0,21.654875,39.59472,0.50708354,0.0,0.0,1.0704978,0.0,1.0,21.666666,3
2,8,3,0,21.666643,39.27505,0.50927734,0.0,0.0,0.875167,0.0,1.0,21.666666,3
2,9,3,0,21.666666,39.317513,0.51037425,0.0,0.0,0.7848738,0.0,1.0,21.666666,3
2,10,3,0,21.666666,39.392197,0.51037425,0.0,0.0,0.6141413,0.0,1.0,21.666666,3
2,11,3,0,21.666666,39.486477,0.9943238,0.0,0.0,0.32459918,0.0,1.0,21.666666,3
2,12,3,0,22.220665,38.253716,0.50927734,0.0,0.0,0.76611173,0.0,0.0,22.222221,3
2,13,3,0,22.222221,38.462116,0.51147115,0.0,0.0,0.61194706,0.0,0.0,22.222221,3
2,14,3,0,22.7762,37.402573,0.51147115,0.0,0.0,0.77894837,0.0,0.0,22.777779,3
2,15,3,0,23.33229,36.251553,0.51147115,0.0,0.0,0.7319961,0.0,0.0,23.333334,3
2,16,3,0,23.333334,36.355145,0.51037425,0.0,0.0,0.14959356,0.0,0.0,23.333334,3
2,17,3,0,23.333334,36.99268,0.5136649,0.0,0.0,0.09060976,0.0,0.0,23.333334,3
2,18,3,0,23.885458,36.23067,0.5480558,0.0,0.0,0.54289675,0.0,0.0,23.88889,3
2,19,3,0,23.888887,36.30118,0.55024964,0.0,0.0,0.35070896,0.0,0.0,23.88889,3
2,20,3,0,24.443205,35.184834,0.5180525,0.0,0.0,0.66593736,0.0,0.0,24.444445,3
2,21,3,0,24.444445,35.333622,1.2900708,0.0,0.0,0.13746761,0.0,1.0,24.444445,3
2,22,3,0,24.444445,35.938457,1.2134119,4.791752,2.088203,0.0,0.0,1.0,24.444445,3
2,23,3,0,24.444445,36.029186,0.9872767,0.0,0.0,0.052216426,0.0,1.0,24.444445,3
2,24,3,0,22.815825,40.112038,0.51037425,0.0,0.9212012,0.0,0.0,1.0,22.777779,3
2,1,4,0,22.778614,40.31254,0.50927734,0.0,0.24005479,0.0,0.0,1.0,22.777779,3
2,2,4,0,22.777779,40.576626,0.50818044,0.734021,0.16888763,0.0,0.0,1.0,22.777779,3
2,3,4,0,22.777779,40.928963,0.50708354,0.0,0.0,0.07437216,0.0,1.0,22.777779,3
2,4,4,0,22.777779,41.34585,0.5059867,0.0,0.0,0.15900089,0.0,1.0,22.777779,3
2,5,4,0,22.777779,41.7165,0.5048898,0.0,0.0,0.17623968,0.0,1.0,22.777779,3
2,6,4,0,22.777779,42.03507,0.5048898,0.0,0.0,0.2011621,0.0,1.0,22.777779,3
2,7,4,0,22.777779,42.359062,0.85199654,0.0,0.0,0.039892346,0.0,1.0,22.777779,3
2,8,4,0,22.777779,43.03388,0.9799197,3.132807,1.4129816,0.0,0.0,1.0,22.777779,3
2,9,4,0,22.777779,43.067123,1.0015279,0.0,0.11882018,0.0,0.0,1.0,22.777779,3
2,10,4,0,22.777779,43.64188,0.9998497,0.0,0.16017027,0.0,0.0,1.0,22.777779,3
2,11,4,0,22.777779,43.561546,0.9943238,1.6310184,0.96554446,0.0,0.0,1.0,22.777779,3
2,12,4,0,22.777779,44.264175,0.50927734,6.845509,2.3006744,0.0,0.0,0.0,22.777779,3
2,13,4,0,23.884777,41.512096,0.51147115,0.0,0.0,0.51272166,0.0,0.0,23.88889,3
2,14,4,0,24.441675,40.22871,0.51147115,0.0,0.0,0.74412566,0.0,0.0,24.444445,3
2,15,4,0,22.811567,44.60277,0.51147115,1.4679936,1.1727155,0.0,0.0,0.0,22.777779,3
2,16,4,0,22.778208,44.869686,0.51037425,2.2020628,0.6651117,0.0,0.0,0.0,22.777779,3
2,17,4,0,22.777779,45.748337,0.5136649,0.0,0.5859476,0.0,0.0,0.0,22.777779,3
2,18,4,0,22.777779,46.123108,0.5480558,0.0,0.48310488,0.0,0.0,0.0,22.777779,3
2,19,4,0,22.777779,46.087032,0.55024964,0.0,0.41217783,0.0,0.0,0.0,22.777779,3
2,20,4,0,22.777779,46.101063,0.5180525,0.0,0.40696657,0.0,0.0,0.0,22.777779,3
2,21,4,0,22.777779,46.125256,0.5169556,0.0,0.39576235,0.0,0.0,0.0,22.777779,3
2,22,4,0,22.777779,46.183483,0.5158587,0.0,0.37735555,0.0,0.0,0.0,22.777779,3
2,23,4,0,23.331923,44.831104,0.5136649,0.0,0.0,0.09918479,0.0,0.0,23.333334,3
2,24,4,0,23.333332,44.90015,0.51037425,0.0,0.0,0.08041005,0.0,0.0,23.333334,3
2,1,5,0,23.333334,44.98895,0.50927734,0.0,0.0,0.13053714,0.0,0.0,23.333334,3
2,2,5,0,23.333334,45.189156,0.50818044,0.0,0.0,0.21383348,0.0,0.0,23.333334,3
2,3,5,0,23.333334,45.449566,0.50708354,0.0,0.0,0.19353177,0.0,1.0,23.333334,3
2,4,5,0,23.333334,45.558277,0.5059867,0.0,0.0,0.22986916,0.0,1.0,23.333334,3
2,5,5,0,23.333334,46.134823,0.5048898,0.0,0.0,0.2599132,0.0,1.0,23.333334,3
2,6,5,0,23.333334,46.066174,0.5048898,0.0,0.0,0.28513384,0.0,1.0,23.333334,3
2,7,5,0,23.333334,46.319077,0.85199654,0.0,0.0,0.14007686,0.0,1.0,23.333334,3
2,8,5,0,23.333334,46.400345,0.9799197,0.0,0.0176862,0.0,0.0,1.0,23.333334,3
2,9,5,0,23.333334,46.517227,1.0015279,0.0,0.14790575,0.0,0.0,1.0,23.333334,3
2,10,5,0,23.333334,46.612484,0.51037425,0.0,0.0,0.03775015,0.0,0.0,23.333334,3
2,11,5,0,23.887587,45.159706,0.50927734,0.0,0.0,0.40826857,0.0,0.0,23.88889,3
2,12,5,0,24.438095,43.74953,0.50927734,0.7329917,0.0,0.79561514,0.0,0.0,24.444445,3
2,13,5,0,23.891033,45.232677,0.51147115,0.7329916,0.22182521,0.0,0.0,0.0,23.88889,3
2,14,5,0,23.336128,46.771305,0.51147115,0.0,0.45173544,0.0,0.0,0.0,23.333334,3
2,15,5,0,23.333368,46.80923,0.51147115,0.0,0.2924519,0.0,0.0,0.0,23.333334,3
2,16,5,0,23.333334,46.776775,0.51037425,0.0,0.2767706,0.0,0.0,0.0,23.333334,3
2,17,5,0,23.333334,46.578888,0.5136649,0.0,0.09413369,0.0,0.0,0.0,23.333334,3
2,18,5,0,23.333334,47.05823,3.3949099,0.0,0.6393978,0.0,0.0,0.0,23.333334,3
2,19,5,0,22.788664,49.46976,5.208754,0.0,1.5249186,0.0,0.0,1.0,22.777779,3
2,20,5,0,22.777819,50.270306,0.5180525,0.0,0.44167632,0.0,0.0,0.0,22.777779,3
2,21,5,0,22.777779,50.06177,0.5169556,0.0,0.34458086,0.0,0.0,0.0,22.777779,3
2,22,5,0,22.777779,50.221672,1.5510784,0.0,0.47876844,0.0,0.0,0.0,22.777779,3
2,23,5,0,22.777779,50.682686,0.9872767,4.8394217,2.488175,0.0,0.0,1.0,22.777779,3
2,24,5,0,22.777779,51.078674,0.8029626,0.0,0.25500512,0.0,0.0,1.0,22.777779,3
2,1,6,0,22.777779,50.929813,0.73180723,0.0,0.10006033,0.0,0.0,1.0,22.777779,3
2,2,6,0,22.777779,50.68494,0.50818044,0.0,0.0,0.15299565,0.0,1.0,22.777779,3
2,3,6,0,22.777779,50.675594,0.50708354,0.0,0.0,0.2293101,0.0,1.0,22.777779,3
2,4,6,0,22.777779,50.552155,0.5059867,0.0,0.0,0.2913478,0.0,1.0,22.777779,3
2,5,6,0,22.777779,50.431988,0.5048898,1.4638466,0.0,0.24830212,0.0,1.0,22.777779,3
2,6,6,0,22.777779,50.292896,0.5048898,0.0,0.0,0.39922494,0.0,1.0,22.777779,3
2,7,6,0,22.777779,50.229237,0.50708354,0.0,0.0,0.39219746,0.0,1.0,22.777779,3
2,8,6,0,22.777779,50.140675,0.50927734,0.0,0.0,0.47961625,0.0,1.0,22.777779,3
2,9,6,0,22.777779,49.98119,0.51037425,0.0,0.0,0.5328373,0.0,0.0,22.777779,3
2,10,6,0,22.777779,49.89138,0.51037425,0.0,0.0,0.44194362,0.0,0.0,22.777779,3
2,11,6,0,22.777779,49.85554,0.50927734,0.0,0.0,0.1659326,0.0,0.0,22.777779,3
2,12,6,0,22.777779,49.83745,0.50927734,0.0,0.0,0.0031261505,0.0,0.0,22.777779,3
2,13,6,0,22.777779,49.822353,0.51147115,0.0,0.13865018,0.0,0.0,0.0,22.777779,3
2,14,6,0,22.777779,49.843624,0.51147115,0.0,0.15163925,0.0,0.0,0.0,22.777779,3
2,15,6,0,22.777779,49.865295,0.51147115,0.0,0.09606137,0.0,0.0,0.0,22.777779,3
2,16,6,0,22.777779,49.84828,0.51037425,0.0,0.093720905,0.0,0.0,0.0,22.777779,3
2,17,6,0,22.777779,49.739567,0.5136649,0.0,0.0,0.20782875,0.0,0.0,22.777779,3
2,18,6,0,22.777779,49.54536,0.5480558,0.0,0.0,0.17911698,0.0,0.0,22.777779,3
2,19,6,0,22.777779,49.466175,0.55024964,0.0,0.08555697,0.0,0.0,0.0,22.777779,3
2,20,6,0,22.777779,49.425804,0.5180525,0.0,0.043366384,0.0,0.0,0.0,22.777779,3
2,21,6,0,22.777779,49.379177,0.5169556,0.0,0.0040618787,0.0,0.0,0.0,22.777779,3
2,22,6,0,22.777779,49.332726,0.5158587,0.0,0.0,0.031071795,0.0,0.0,22.777779,3
2,23,6,0,22.777779,49.30912,0.5136649,0.0,0.0,0.09724626,0.0,0.0,22.777779,3
2,24,6,0,22.777779,49.308857,0.51037425,0.0,0.0,0.1057177,0.0,1.0,22.777779,3
2,1,7,0,22.231098,50.99102,0.50927734,0.0,0.14301951,0.0,0.0,1.0,22.222221,3
2,2,7,0,22.772358,49.372158,0.50818044,0.0,0.0,0.24555375,0.0,1.0,22.777779,3
2,3,7,0,22.777777,49.346462,0.50708354,0.0,0.0,0.37570518,0.0,1.0,22.777779,3
2,4,7,0,22.224014,51.03467,0.5059867,0.0,0.0,0.11253713,0.0,1.0,22.222221,3
2,5,7,0,22.770613,49.375736,0.5048898,0.0,0.0,0.42202574,0.0,1.0,22.777779,3
2,6,7,0,22.777773,49.34361,0.5048898,0.0,0.0,0.45851102,0.0,1.0,22.777779,3
2,7,7,0,22.777779,49.36385,0.50708354,0.0,0.0,0.47755072,0.0,1.0,22.777779,3
2,8,7,0,22.777779,49.395256,0.9799197,0.0,0.0,0.20799248,0.0,1.0,22.777779,3
2,9,7,0,22.777779,49.419525,1.0015279,0.0,0.0,0.13103877,0.0,1.0,22.777779,3
2,10,7,0,22.777779,49.44629,0.9998497,0.0,0.0,0.11047156,0.0,1.0,22.777779,3
2,11,7,0,22.777779,49.437843,0.50927734,0.0,0.0,0.23494305,0.0,0.0,22.777779,3
2,12,7,0,22.777779,49.483303,0.50927734,0.0,0.0,0.069312595,0.0,0.0,22.777779,3
2,13,7,0,22.777779,49.54467,0.51147115,2.1924071,0.18088228,0.0,0.0,0.0,22.777779,3
2,14,7,0,22.777779,49.640728,0.51147115,1.4615781,0.22528014,0.0,0.0,0.0,22.777779,3
2,15,7,0,22.777779,49.73735,0.51147115,0.0,0.21777903,0.0,0.0,0.0,22.777779,3
2,16,7,0,23.332273,48.16958,0.51037425,0.0,0.15523954,0.0,0.0,0.0,23.333334,3
2,17,7,0,23.887503,46.976727,0.5136649,0.0,0.0,0.20730135,0.0,0.0,23.88889,3
2,18,7,0,23.888885,47.216007,0.5480558,0.0,0.12750801,0.0,0.0,0.0,23.88889,3
2,19,7,0,23.88889,47.20238,0.55024964,0.0,0.18050471,0.0,0.0,0.0,23.88889,3
2,20,7,0,24.44327,45.68473,0.5180525,0.0,0.0,0.18622534,0.0,0.0,24.444445,3
2,21,7,0,24.444445,45.6994,0.5169556,0.0,0.0,0.056107484,0.0,0.0,24.444445,3
2,22,7,0,24.444445,45.792713,1.2134119,0.0,0.36214662,0.0,0.0,1.0,24.444445,3
2,23,7,0,24.998262,44.400387,0.9872767,0.0,0.0,0.1220436,0.0,1.0,25.0,3
2,24,7,0,23.91215,47.72016,0.8029626,0.0,0.79261583,0.0,0.0,1.0,23.88889,3
2,1,1,0,23.35876,49.440235,0.50927734,0.0,0.50693727,0.0,0.0,1.0,23.333334,3
2,2,1,0,23.33345,49.702,0.50818044,1.4592667,0.38865143,0.0,0.0,1.0,23.333334,3
2,3,1,0,23.33334,49.936535,0.50708354,0.0,0.28006592,0.0,0.0,1.0,23.333334,3
2,4,1,0,23.333334,50.18538,0.5059867,0.0,0.18558015,0.0,0.0,1.0,23.333334,3
2,5,1,0,23.333334,50.40293,0.5048898,0.0,0.15285231,0.0,0.0,1.0,23.333334,3
2,6,1,0,23.333334,50.441254,0.5048898,0.0,0.12746638,0.0,0.0,1.0,23.333334,3
2,7,1,0,23.333334,50.603725,0.50708354,0.0,0.074828915,0.0,0.0,0.0,23.333334,3
2,8,1,0,23.333334,50.823837,0.50927734,0.0,0.08409688,0.0,0.0,0.0,23.333334,3
2,9,1,0,23.333334,50.84416,0.51037425,0.0,0.15073732,0.0,0.0,0.0,23.333334,3
2,10,1,0,23.333334,50.961834,0.51037425,0.0,0.24985853,0.0,0.0,0.0,23.333334,3
2,11,1,0,23.333334,51.098564,0.50927734,0.0,0.3806169,0.0,0.0,0.0,23.333334,3
2,12,1,0,23.333334,51.214573,0.50927734,0.0,0.42921308,0.0,0.0,0.0,23.333334,3
2,13,1,0,23.888342,49.680664,0.51147115,0.0,0.39229044,0.0,0.0,0.0,23.88889,3
2,14,1,0,24.443417,48.135193,0.51147115,0.0,0.2024978,0.0,0.0,0.0,24.444445,3
2,15,1,0,24.444445,48.291454,0.51147115,0.0,0.24905281,0.0,0.0,0.0,24.444445,3
2,16,1,0,24.997849,46.799915,0.51037425,0.0,0.0,0.11567458,0.0,0.0,25.0,3
2,17,1,0,25.0,47.191536,0.5136649,0.0,0.04236024,0.0,0.0,0.0,25.0,3
2,18,1,0,25.0,47.978706,0.5480558,0.0,0.13436674,0.0,0.0,0.0,25.0,3
2,19,1,0,24.450583,50.000946,0.55024964,0.0,0.5278319,0.0,0.0,0.0,24.444445,3
2,20,1,0,24.999578,48.41787,0.5180525,0.0,0.21139322,0.0,0.0,0.0,25.0,3
2,21,1,0,25.55214,46.988594,0.5169556,0.0,0.0,0.24784866,0.0,0.0,25.555555,3
2,22,1,0,25.016678,48.65085,1.2134119,0.0,0.667376,0.0,0.0,1.0,25.0,3
2,23,1,0,25.000202,48.77171,0.5136649,0.0,0.33865574,0.0,0.0,1.0,25.0,3
2,24,1,0,25.000002,48.9318,0.51037425,0.0,0.20037267,0.0,0.0,1.0,25.0,3
2,1,2,0,25.0,49.59845,0.50927734,0.0,0.07462663,0.0,0.0,1.0,25.0,3
2,2,2,0,22.82765,56.049847,0.50818044,0.0,1.440617,0.0,0.0,1.0,22.777779,3
2,3,2,0,22.780125,56.235535,0.50708354,0.0,0.71923953,0.0,0.0,1.0,22.777779,3
2,4,2,0,22.77786,56.416035,0.5059867,0.0,0.5258594,0.0,0.0,1.0,22.777779,3
2,5,2,0,22.777779,56.669712,0.5048898,0.0,0.3922361,0.0,0.0,1.0,22.777779,3
2,6,2,0,22.777779,56.6988,0.5048898,0.0,0.33749628,0.0,0.0,1.0,22.777779,3
2,7,2,0,22.777779,56.7586,0.85199654,0.0,0.46490327,0.0,0.0,1.0,22.777779,3
2,8,2,0,22.777779,57.07386,0.50927734,1.6131406,0.99726605,0.0,0.0,0.0,22.777779,3
2,9,2,0,23.33239,55.238605,0.51037425,0.0,0.11939622,0.0,0.0,0.0,23.333334,3
2,10,2,0,23.333332,55.366734,0.51037425,0.0,0.100480966,0.0,0.0,0.0,23.333334,3
2,11,2,0,23.884754,53.642727,0.50927734,0.0,0.0,0.17548084,0.0,0.0,23.88889,3
2,12,2,0,23.88889,53.765057,0.50927734,0.0,0.0,0.026942873,0.0,0.0,23.88889,3
2,13,2,0,23.88889,53.859592,0.51147115,0.0,0.0410236,0.0,0.0,0.0,23.88889,3
2,14,2,0,24.44132,52.300568,0.51147115,0.0,0.0,0.23270719,0.0,0.0,24.444445,3
2,15,2,0,24.44444,52.41051,0.51147115,0.0,0.0,0.09167801,0.0,0.0,24.444445,3
2,16,2,0,23.897959,54.244587,0.51037425,0.0,0.39140087,0.0,0.0,0.0,23.88889,3
2,17,2,0,23.358755,56.567215,0.5136649,0.0,0.48874548,0.0,0.0,0.0,23.333334,3
2,18,2,0,22.8091,59.386818,0.5480558,0.0,0.7510062,0.0,0.0,0.0,22.777779,3
2,19,2,0,22.779118,59.789944,0.55024964,0.0,0.65565115,0.0,0.0,0.0,22.777779,3
2,20,2,0,22.77781,59.63908,0.5180525,0.0,0.6024867,0.0,0.0,0.0,22.777779,3
2,21,2,0,22.777779,59.57407,0.5169556,0.0,0.57579166,0.0,0.0,0.0,22.777779,3
2,22,2,0,22.777779,59.489777,1.2134119,0.0,0.8802394,0.0,0.0,1.0,22.777779,3
2,23,2,0,22.777779,59.40751,0.9872767,0.0,0.77626216,0.0,0.0,1.0,22.777779,3
2,24,2,0,22.777779,59.502052,0.51037425,0.0,0.53643006,0.0,0.0,1.0,22.777779,3
2,1,3,0,22.777779,59.629627,0.50927734,0.0,0.44375697,0.0,0.0,1.0,22.777779,3
2,2,3,0,22.777779,59.748383,0.50818044,0.0,0.34362,0.0,0.0,1.0,22.777779,3
2,3,3,0,22.777779,59.79064,0.50708354,0.0,0.08378896,0.0,0.0,1.0,22.777779,3
2,4,3,0,22.777779,59.571514,0.5059867,0.0,0.0,0.24990624,0.0,1.0,22.777779,3
2,5,3,0,22.777779,59.55908,0.6446686,0.0,0.0,0.28277355,0.0,1.0,22.777779,3
2,6,3,0,22.777779,59.5533,0.699561,5.4637885,1.9866016,0.0,0.0,1.0,22.777779,3
2,7,3,0,22.777779,59.290802,0.85199654,0.0,0.0,0.33127534,0.0,1.0,22.777779,3
2,8,3,0,22.777779,59.00541,0.50927734,0.0,0.0,0.62013626,0.0,0.0,22.777779,3
2,9,3,0,22.777779,58.631256,0.51037425,0.0,0.0,0.54493403,0.0,0.0,22.777779,3
2,10,3,0,23.322945,56.691204,0.51037425,2.908627,0.0,0.75066435,0.0,0.0,23.333334,3
2,11,3,0,23.333315,56.469254,0.50927734,0.0,0.0,0.8638617,0.0,0.0,23.333334,3
2,12,3,0,23.333332,56.025513,0.50927734,0.0,0.0,0.90501064,0.0,0.0,23.333334,3
2,13,3,0,23.333334,55.514256,0.51147115,0.0,0.0,0.95127434,0.0,0.0,23.333334,3
2,14,3,0,22.779354,57.28009,1.0207995,0.0,0.0,0.29395726,0.0,1.0,22.777779,3
2,15,3,0,22.7778,56.719845,0.51147115,0.0,0.0,0.5540425,0.0,0.0,22.777779,3
2,16,3,0,22.777779,56.085335,0.51037425,0.0,0.0,0.6871279,0.0,0.0,22.777779,3
2,17,3,0,22.777779,54.406643,0.5136649,0.0,0.0,1.4088721,0.0,0.0,22.777779,3
2,18,3,0,22.777779,53.974445,0.5480558,0.7271574,0.0,1.2339658,0.0,0.0,22.777779,3
2,19,3,0,22.777779,53.395607,0.55024964,0.0,0.0,0.6456059,0.0,0.0,22.777779,3
2,20,3,0,22.777779,53.762543,0.5180525,0.0,0.0,0.6583254,0.0,0.0,22.777779,3
2,21,3,0,21.466286,58.03903,0.5169556,0.0,0.3710087,0.0,0.0,0.0,21.444445,3
2,22,3,0,23.314276,51.69609,0.5158587,0.0,0.0,1.0810796,0.0,0.0,23.333334,3
2,23,3,0,23.33299,51.496788,0.9872767,0.0,0.0,0.96791196,0.0,1.0,23.333334,3
2,24,3,0,23.333326,51.144714,0.8029626,0.0,0.0,0.9515585,0.0,1.0,23.333334,3
2,1,4,0,23.333334,50.45442,0.73180723,6.3661075,0.0,0.087680995,0.0,1.0,23.333334,3
2,2,4,0,23.333334,50.354084,0.67510384,0.0,0.0,1.1771041,0.0,1.0,23.333334,3
2,3,4,0,23.333334,50.22962,0.50708354,0.0,0.0,1.3187789,0.0,1.0,23.333334,3
2,4,4,0,23.333334,49.80412,0.5059867,0.0,0.0,1.3471167,0.0,1.0,23.333334,3
2,5,4,0,23.333334,49.379765,0.5048898,0.0,0.0,1.4064633,0.0,1.0,23.333334,3
2,6,4,0,23.333334,49.14936,0.699561,1.667601,0.0,0.6539458,0.0,1.0,23.333334,3
2,7,4,0,23.333334,49.338047,0.85199654,3.0778766,0.11752286,0.0,0.0,1.0,23.333334,3
2,8,4,0,23.333334,49.210213,0.50927734,0.0,0.0,1.4164289,0.0,0.0,23.333334,3
2,9,4,0,23.333334,48.973022,0.51037425,0.0,0.0,1.3421893,0.0,0.0,23.333334,3
2,10,4,0,23.333334,48.496433,0.51037425,0.0,0.0,1.342706,0.0,0.0,23.333334,3
2,11,4,0,23.333334,48.055912,0.50927734,0.0,0.0,1.3032876,0.0,0.0,23.333334,3
2,12,4,0,22.781338,49.27911,0.50927734,0.0,0.0,0.8311605,0.0,0.0,22.777779,3
2,13,4,0,22.777815,48.89687,0.51147115,0.0,0.0,0.9074477,0.0,0.0,22.777779,3
2,14,4,0,22.777779,48.797436,0.51147115,0.0,0.0,0.90547687,0.0,0.0,22.777779,3
2,15,4,0,23.3275,47.236794,1.8261219,2.8366792,0.0,0.75219005,0.0,1.0,23.333334,3
2,16,4,0,23.888216,46.063477,5.148761,5.6723847,0.15830712,0.0,0.0,1.0,23.88889,3
2,17,4,0,23.888887,45.95917,1.0950717,4.6143804,0.0,1.4408642,0.0,1.0,23.88889,3
2,18,4,0,24.425394,44.17478,1.2395467,6.25362,0.0,1.7464482,0.0,1.0,24.444445,3
2,19,4,0,24.44398,43.68303,0.55024964,0.0,0.0,1.3397839,0.0,0.0,24.444445,3
2,20,4,0,24.44444,43.557953,0.5180525,0.0,0.0,1.2429588,0.0,0.0,24.444445,3
2,21,4,0,24.444445,43.29546,0.5169556,0.0,0.0,1.2427131,0.0,0.0,24.444445,3
2,22,4,0,24.444445,43.292698,0.5158587,2.177546,0.0,1.0218284,0.0,1.0,24.444445,3
2,23,4,0,24.988874,41.785007,0.5136649,0.0,0.0,1.6880368,0.0,1.0,25.0,3
2,24,4,0,24.999819,41.605556,0.51037425,0.0,0.0,1.5894946,0.0,1.0,25.0,3
2,1,5,0,25.0,41.4414,0.50927734,0.0,0.0,1.6095436,0.0,1.0,25.0,3
2,2,5,0,23.889156,44.27075,0.50818044,0.0,0.0,0.66790766,0.0,1.0,23.88889,3
2,3,5,0,23.88889,44.179394,0.50708354,0.0,0.0,1.0801827,0.0,1.0,23.88889,3
2,4,5,0,23.88889,44.06197,0.5059867,0.0,0.0,1.1560196,0.0,1.0,23.88889,3
2,5,5,0,23.88889,43.6963,0.5048898,0.0,0.0,1.2586803,0.0,1.0,23.88889,3
2,6,5,0,23.88889,43.745075,0.5048898,0.0,0.0,1.2353228,0.0,1.0,23.88889,3
2,7,5,0,23.88889,43.731133,0.50708354,0.0,0.0,1.2690688,0.0,1.0,23.88889,3
2,8,5,0,23.88889,43.645153,0.50927734,0.0,0.0,1.1945711,0.0,1.0,23.88889,3
2,9,5,0,23.88889,43.647022,0.51037425,0.0,0.0,1.0215346,0.0,1.0,23.88889,3
2,10,5,0,23.88889,43.586723,0.51037425,0.0,0.0,0.99072355,0.0,0.0,23.88889,3
2,11,5,0,22.787642,46.522427,0.50927734,0.0,0.0,0.20370705,0.0,0.0,22.777779,3
2,12,5,0,22.77778,46.60805,0.50927734,0.0,0.0,0.21333838,0.0,0.0,22.777779,3
2,13,5,0,23.331207,44.993195,0.51147115,0.0,0.0,0.6673544,0.0,0.0,23.333334,3
2,14,5,0,24.4395,42.267254,1.0207995,0.0,0.0,1.0815716,0.0,1.0,24.444445,3
2,15,5,0,24.444437,42.343002,1.0047919,0.0,0.0,0.6404776,0.0,1.0,24.444445,3
2,16,5,0,24.997326,41.029972,0.51037425,0.0,0.0,1.0267673,0.0,0.0,25.0,3
2,17,5,0,24.999979,41.288563,0.5136649,0.0,0.0,1.0978042,0.0,0.0,25.0,3
2,18,5,0,22.81838,47.363873,0.5480558,0.0,1.0276161,0.0,0.0,0.0,22.777779,3
2,19,5,0,22.778374,47.481632,0.55024964,0.72448844,0.50372005,0.0,0.0,0.0,22.777779,3
2,20,5,0,22.777779,47.500114,0.5180525,0.0,0.30408162,0.0,0.0,0.0,22.777779,3
2,21,5,0,22.777779,47.525066,0.5169556,0.0,0.29258353,0.0,0.0,0.0,22.777779,3
2,22,5,0,22.777779,47.557922,0.5158587,0.0,0.23216316,0.0,0.0,0.0,22.777779,3
2,23,5,0,22.777779,47.641224,0.5136649,0.0,0.2062999,0.0,0.0,1.0,22.777779,3
2,24,5,0,22.777779,47.7165,0.51037425,0.0,0.15372457,0.0,0.0,1.0,22.777779,3
2,1,6,0,22.777779,47.976364,0.50927734,0.0,0.023860345,0.0,0.0,1.0,22.777779,3
2,2,6,0,22.777779,48.26679,0.50818044,0.0,0.0,0.059148096,0.0,1.0,22.777779,3
2,3,6,0,22.777779,48.59636,0.50708354,0.0,0.0,0.09318483,0.0,1.0,22.777779,3
2,4,6,0,22.777779,48.94396,0.5059867,0.0,0.0,0.10507761,0.0,1.0,22.777779,3
2,5,6,0,22.777779,49.042557,0.5048898,0.0,0.0,0.080839664,0.0,1.0,22.777779,3
2,6,6,0,22.777779,49.204002,0.5048898,0.0,0.0,0.06852442,0.0,1.0,22.777779,3
2,7,6,0,22.777779,49.343086,0.85199654,0.0,0.12076645,0.0,0.0,1.0,22.777779,3
2,8,6,0,22.777779,49.738026,0.9799197,0.0,0.23675859,0.0,0.0,1.0,22.777779,3
2,9,6,0,22.777779,49.73241,0.51037425,0.0,0.049862895,0.0,0.0,0.0,22.777779,3
2,10,6,0,22.777779,49.904865,0.9998497,0.0,0.3626139,0.0,0.0,1.0,22.777779,3
2,11,6,0,22.777779,49.982372,0.9943238,1.4461256,0.5756603,0.0,0.0,1.0,22.777779,3
2,12,6,0,22.722462,50.476463,0.50927734,0.0,0.30045512,0.0,0.0,0.0,22.722221,3
2,13,6,0,23.331966,48.86949,0.51147115,0.0,0.13492239,0.0,0.0,0.0,23.333334,3
2,14,6,0,23.333328,49.18495,0.51147115,2.8923745,0.39421853,0.0,0.0,0.0,23.333334,3
2,15,6,0,22.782438,50.91279,0.51147115,0.0,0.62935406,0.0,0.0,0.0,22.777779,3
2,16,6,0,22.777842,50.9922,0.51037425,0.0,0.5064384,0.0,0.0,0.0,22.777779,3
2,17,6,0,22.777779,51.65777,0.5136649,0.0,0.5519262,0.0,0.0,0.0,22.777779,3
2,18,6,0,22.777779,52.115246,0.5480558,0.0,0.5614087,0.0,0.0,0.0,22.777779,3
2,19,6,0,22.777779,52.0905,0.55024964,0.0,0.4993758,0.0,0.0,0.0,22.777779,3
2,20,6,0,22.777779,52.15174,0.5180525,0.0,0.5232804,0.0,0.0,0.0,22.777779,3
2,21,6,0,22.777779,52.207783,0.5169556,0.0,0.50786215,0.0,0.0,0.0,22.777779,3
2,22,6,0,22.777779,52.215275,0.5158587,0.0,0.46148705,0.0,0.0,0.0,22.777779,3
2,23,6,0,22.777779,52.18607,0.5136649,0.0,0.3745045,0.0,0.0,0.0,22.777779,3
2,24,6,0,22.777779,52.17991,0.51037425,0.0,0.3122264,0.0,0.0,0.0,22.777779,3
2,1,7,0,22.777779,52.19401,0.50927734,0.0,0.2056287,0.0,0.0,0.0,22.777779,3
2,2,7,0,22.777779,52.15857,0.50818044,0.0,0.052648388,0.0,0.0,0.0,22.777779,3
2,3,7,0,22.777779,52.139088,0.50708354,0.0,0.0,0.012340291,0.0,0.0,22.777779,3
2,4,7,0,22.777779,52.16816,0.5059867,0.0,0.0,0.04218113,0.0,0.0,22.777779,3
2,5,7,0,22.777779,52.17931,0.5048898,0.0,0.0,0.020455914,0.0,1.0,22.777779,3
2,6,7,0,22.777779,52.166023,0.5048898,0.0,0.0,0.06096122,0.0,1.0,22.777779,3
2,7,7,0,22.777779,52.119713,0.50708354,0.0,0.0,0.14628226,0.0,0.0,22.777779,3
2,8,7,0,22.777779,52.020477,0.50927734,0.0,0.0,0.13756788,0.0,0.0,22.777779,3
2,9,7,0,22.777779,51.896927,0.51037425,0.0,0.0,0.16104805,0.0,0.0,22.777779,3
2,10,7,0,22.777779,51.866653,0.51037425,0.0,0.0,0.09492648,0.0,0.0,22.777779,3
2,11,7,0,22.777779,51.83768,0.50927734,0.0,0.0038113194,0.0,0.0,0.0,22.777779,3
2,12,7,0,22.777779,51.820816,0.50927734,0.0,0.041692033,0.0,0.0,0.0,22.777779,3
2,13,7,0,22.777779,51.840725,1.020159,0.0,0.2608782,0.0,0.0,1.0,22.777779,3
2,14,7,0,22.777779,51.944035,1.0207995,0.0,0.39378276,0.0,0.0,1.0,22.777779,3
2,15,7,0,22.777779,52.29891,2.0400114,0.0,0.92219204,0.0,0.0,1.0,22.777779,3
2,16,7,0,22.777779,52.301792,1.0421106,0.0,0.9614471,0.0,0.0,1.0,22.777779,3
2,17,7,0,22.777779,52.311874,1.0950717,0.0,0.7131898,0.0,0.0,1.0,22.777779,3
2,18,7,0,22.777779,52.266933,1.2395467,0.0,0.6797619,0.0,0.0,1.0,22.777779,3
2,19,7,0,22.777779,52.30851,1.3266804,0.7216462,0.89162904,0.0,0.0,1.0,22.777779,3
2,20,7,0,21.732193,55.80623,0.5180525,0.0,1.0559287,0.0,0.0,1.0,21.722221,3
2,21,7,0,23.546598,49.97403,0.5169556,1.4432724,0.0,0.42854655,0.0,1.0,23.555555,3
2,22,7,0,23.88829,49.01626,0.5158587,2.164888,0.0,0.18702517,0.0,1.0,23.88889,3
2,23,7,0,23.888887,49.026978,0.5136649,0.0,0.0,0.20988426,0.0,1.0,23.88889,3
2,24,7,0,23.88889,49.052544,0.51037425,0.0,0.0,0.19076547,0.0,1.0,23.88889,3
2,1,1,0,23.88889,49.075718,0.50927734,0.0,0.0,0.35234168,0.0,1.0,23.88889,3
2,2,1,0,21.28319,57.53346,0.50818044,0.0,1.4309163,0.0,0.0,1.0,21.222221,3
2,3,1,0,22.219276,54.3449,0.50708354,0.0,0.0,0.1682076,0.0,1.0,22.222221,3
2,4,1,0,22.222212,54.305714,0.5059867,0.0,0.0,0.15183027,0.0,1.0,22.222221,3
2,5,1,0,22.769707,52.507896,0.5048898,0.0,0.0,0.44025555,0.0,1.0,22.777779,3
2,6,1,0,22.777773,52.394993,0.5048898,0.0,0.0,0.4222625,0.0,1.0,22.777779,3
2,7,1,0,22.777779,52.353058,0.85199654,0.0,0.0,0.30955094,0.0,1.0,22.777779,3
2,8,1,0,22.777779,52.302715,0.9799197,0.0,0.0,0.16097566,0.0,1.0,22.777779,3
2,9,1,0,22.227339,54.092735,1.0015279,0.0,0.35916197,0.0,0.0,1.0,22.222221,3
2,10,1,0,22.777218,52.384506,0.51037425,0.0,0.14035232,0.0,0.0,1.0,22.777779,3
2,11,1,0,23.332912,50.75414,0.50927734,0.0,0.17608406,0.0,0.0,1.0,23.333334,3
2,12,1,0,23.333334,50.79852,0.50927734,0.0,0.3370245,0.0,0.0,0.0,23.333334,3
2,13,1,0,23.888369,49.146496,0.51147115,0.0,0.25747508,0.0,0.0,0.0,23.88889,3
2,14,1,0,23.888887,49.194054,1.0207995,0.0,0.6098809,0.0,0.0,1.0,23.88889,3
2,15,1,0,23.88889,49.23304,1.0047919,0.0,0.77413744,0.0,0.0,1.0,23.88889,3
2,16,1,0,23.88889,49.272266,1.0421106,0.0,0.8404849,0.0,0.0,1.0,23.88889,3
2,17,1,0,22.79851,52.53125,1.0950717,0.0,1.43379,0.0,0.0,1.0,22.777779,3
2,18,1,0,22.777908,52.41139,1.2395467,0.0,1.3044596,0.0,0.0,1.0,22.777779,3
2,19,1,0,22.777779,52.387493,1.3266804,0.0,1.2790753,0.0,0.0,1.0,22.777779,3
2,20,1,0,22.777779,52.324352,0.5180525,0.0,0.80483484,0.0,0.0,0.0,22.777779,3
2,21,1,0,22.777779,52.29365,0.5169556,0.7201521,0.7562987,0.0,0.0,0.0,22.777779,3
2,22,1,0,22.777779,52.27329,0.5158587,0.0,0.60664994,0.0,0.0,0.0,22.777779,3
2,23,1,0,22.777779,52.251728,0.5136649,0.0,0.45277157,0.0,0.0,0.0,22.777779,3
2,24,1,0,22.25481,53.963863,0.51037425,0.0,0.70235384,0.0,0.0,1.0,22.222221,3
2,1,2,0,22.2234,54.104893,0.50927734,0.0,0.53043145,0.0,0.0,1.0,22.222221,3
2,2,2,0,22.776937,52.377575,0.50818044,0.0,0.12032313,0.0,0.0,1.0,22.777779,3
2,3,2,0,22.777775,52.466232,0.50708354,0.0,0.058758147,0.0,0.0,1.0,22.777779,3
2,4,2,0,22.777779,52.543774,0.5059867,0.0,0.058657315,0.0,0.0,1.0,22.777779,3
2,5,2,0,22.777779,52.622707,0.5048898,0.0,0.08793898,0.0,0.0,1.0,22.777779,3
2,6,2,0,22.777779,52.72184,0.5048898,0.0,0.07628715,0.0,0.0,1.0,22.777779,3
2,7,2,0,22.777779,53.164227,1.8872162,0.0,0.40466648,0.0,0.0,1.0,22.777779,3
2,8,2,0,22.777779,53.47111,0.50927734,0.0,0.11701949,0.0,0.0,0.0,22.777779,3
2,9,2,0,22.777779,53.429386,0.51037425,0.0,0.113689706,0.0,0.0,0.0,22.777779,3
2,10,2,0,23.329222,51.753433,0.51037425,0.0,0.0,0.17001542,0.0,0.0,23.333334,3
2,11,2,0,23.333324,51.86078,0.50927734,2.8744903,0.11647211,0.0,0.0,0.0,23.333334,3
2,12,2,0,23.333334,51.937275,0.50927734,0.0,0.020361677,0.0,0.0,0.0,23.333334,3
2,13,2,0,23.887287,50.3586,0.51147115,0.0,0.0,0.23022304,0.0,0.0,23.88889,3
2,14,2,0,23.88889,50.44682,0.51147115,0.0,0.14393663,0.0,0.0,0.0,23.88889,3
2,15,2,0,24.443762,48.914818,0.51147115,0.0,0.14867254,0.0,0.0,0.0,24.444445,3
2,16,2,0,24.444445,48.99168,0.51037425,0.0,0.35725746,0.0,0.0,0.0,24.444445,3
2,17,2,0,22.831884,54.251644,0.5136649,0.0,1.4181229,0.0,0.0,0.0,22.777779,3
2,18,2,0,22.781557,54.609295,0.5480558,0.0,1.1982386,0.0,0.0,0.0,22.777779,3
2,19,2,0,22.7778,54.703716,0.55024964,0.0,0.85102296,0.0,0.0,0.0,22.777779,3
2,20,2,0,23.885378,51.04654,0.5180525,0.0,0.32027525,0.0,0.0,0.0,23.88889,3
2,21,2,0,24.988094,48.428677,1.2900708,6.412093,2.9005215,0.0,0.0,1.0,25.0,3
2,22,2,0,24.99998,48.40465,1.2134119,0.0,0.35381156,0.0,0.0,1.0,25.0,3
2,23,2,0,24.451889,50.074688,0.9872767,0.0,0.7373127,0.0,0.0,1.0,24.444445,3
2,24,2,0,24.444561,50.20956,0.51037425,0.0,0.39722484,0.0,0.0,1.0,24.444445,3
2,1,3,0,23.363724,53.675842,0.50927734,0.0,0.8090245,0.0,0.0,1.0,23.333334,3
2,2,3,0,22.811691,55.585,0.50818044,0.0,0.81826013,0.0,0.0,1.0,22.777779,3
2,3,3,0,22.778128,55.842857,0.50708354,0.0,0.5574591,0.0,0.0,1.0,22.777779,3
2,4,3,0,22.777803,56.013817,0.5059867,0.0,0.45576203,0.0,0.0,1.0,22.777779,3
2,5,3,0,22.777779,56.152573,0.5048898,0.0,0.39100718,0.0,0.0,1.0,22.777779,3
2,6,3,0,22.777779,56.298233,0.5048898,0.0,0.36312684,0.0,0.0,1.0,22.777779,3
2,7,3,0,22.777779,56.41741,0.50708354,0.0,0.38246763,0.0,0.0,1.0,22.777779,3
2,8,3,0,23.331518,54.560493,0.50927734,0.0,0.18427332,0.0,0.0,0.0,23.333334,3
2,9,3,0,23.333317,54.630974,0.51037425,0.0,0.17136152,0.0,0.0,0.0,23.333334,3
2,10,3,0,23.886806,52.864693,0.51037425,0.0,0.0,0.113084756,0.0,0.0,23.88889,3
2,11,3,0,24.442715,51.18208,0.50927734,0.0,0.0,0.25285545,0.0,0.0,24.444445,3
2,12,3,0,24.998894,49.67231,0.50927734,4.302262,0.1126856,0.0,0.0,0.0,25.0,3
2,13,3,0,25.0,49.889736,0.51147115,0.0,0.0,0.04686699,0.0,0.0,25.0,3
2,14,3,0,25.0,50.02202,0.51147115,0.0,0.3476672,0.0,0.0,0.0,25.0,3
2,15,3,0,24.448643,51.824657,0.51147115,0.0,0.6595209,0.0,0.0,0.0,24.444445,3
2,16,3,0,22.831614,56.984417,0.51037425,0.0,1.329375,0.0,0.0,0.0,22.777779,3
2,17,3,0,22.77938,57.58598,0.5136649,0.0,1.401985,0.0,0.0,0.0,22.777779,3
2,18,3,0,22.777805,57.444984,0.5480558,0.0,1.1457369,0.0,0.0,0.0,22.777779,3
2,19,3,0,22.777779,57.32975,0.55024964,0.0,0.8710517,0.0,0.0,0.0,22.777779,3
2,20,3,0,22.777779,57.129333,0.5180525,0.0,0.8291286,0.0,0.0,0.0,22.777779,3
2,21,3,0,22.777779,57.348732,1.2900708,4.298322,3.0518847,0.0,0.0,1.0,22.777779,3
2,22,3,0,22.777779,57.29843,0.5158587,0.0,0.86383915,0.0,0.0,1.0,22.777779,3
2,23,3,0,22.777779,57.305656,0.5136649,0.0,0.75846744,0.0,0.0,1.0,22.777779,3
2,24,3,0,22.777779,57.321022,0.51037425,0.0,0.669963,0.0,0.0,1.0,22.777779,3
3,1,4,0,22.777779,57.451622,0.5223613,0.71541744,0.57343787,0.0,0.0,1.0,22.777779,3
3,2,4,0,22.777779,57.595833,0.52093726,0.0,0.39787158,0.0,0.0,1.0,22.777779,3
3,3,4,0,22.777779,57.548214,0.51951325,0.0,0.2431857,0.0,0.0,1.0,22.777779,3
3,4,4,0,22.777779,57.549282,0.5180893,0.0,0.26596704,0.0,0.0,1.0,22.777779,3
3,5,4,0,22.777779,58.265003,0.5166653,0.0,0.22491919,0.0,0.0,1.0,22.777779,3
3,6,4,0,22.777779,57.425056,0.5166653,0.0,0.25066984,0.0,0.0,1.0,22.777779,3
3,7,4,0,22.777779,57.755463,0.7185225,4.7629385,2.4252253,0.0,0.0,1.0,22.777779,3
3,8,4,0,22.777779,57.998886,0.5223613,0.0,0.22844356,0.0,0.0,0.0,22.777779,3
3,9,4,0,22.777779,57.85525,0.52378523,0.0,0.314227,0.0,0.0,0.0,22.777779,3
3,10,4,0,22.777779,57.640694,0.52378523,0.0,0.5509765,0.0,0.0,1.0,22.777779,3
3,11,4,0,22.777779,57.63083,0.5223613,3.5770698,1.0727637,0.0,0.0,1.0,22.777779,3
3,12,4,0,22.777779,57.445633,0.84329283,0.0,1.0168896,0.0,0.0,1.0,22.777779,3
3,13,4,0,22.777779,57.34704,0.854906,0.0,1.0315828,0.0,0.0,1.0,22.777779,3
3,14,4,0,22.777779,57.21599,0.8551435,0.0,1.0940552,0.0,0.0,1.0,22.777779,3
3,15,4,0,22.777779,57.113197,0.52520925,0.0,1.071034,0.0,0.0,0.0,22.777779,3
3,16,4,0,22.777779,56.969803,0.52378523,0.0,1.0580996,0.0,0.0,0.0,22.777779,3
3,17,4,0,22.777779,56.591705,0.5280572,2.1462345,0.7324283,0.0,0.0,0.0,22.777779,3
3,18,4,0,22.777779,55.881077,0.5637565,0.7154184,0.48811987,0.0,0.0,0.0,22.777779,3
3,19,4,0,22.777779,55.422035,0.5666045,0.0,0.6369756,0.0,0.0,0.0,22.777779,3
3,20,4,0,22.777779,55.33219,0.53375316,0.0,0.5883647,0.0,0.0,0.0,22.777779,3
3,21,4,0,22.777779,55.27488,0.5323292,0.0,0.5061755,0.0,0.0,0.0,22.777779,3
3,22,4,0,22.777779,55.20175,0.5309052,0.0,0.4539535,0.0,0.0,0.0,22.777779,3
3,23,4,0,22.777779,55.157227,0.5280572,0.0,0.32329825,0.0,0.0,0.0,22.777779,3
3,24,4,0,22.777779,55.16103,0.52378523,0.0,0.28904444,0.0,0.0,1.0,22.777779,3
3,1,5,0,22.777779,55.09003,0.5223613,0.0,0.13510986,0.0,0.0,1.0,22.777779,3
3,2,5,0,22.777779,55.06483,0.52093726,0.0,0.03643631,0.0,0.0,1.0,22.777779,3
3,3,5,0,22.777779,54.940243,0.51951325,0.0,0.0,0.040015146,0.0,1.0,22.777779,3
3,4,5,0,22.777779,55.019817,1.294504,0.0,0.07661197,0.0,0.0,1.0,22.777779,3
3,5,5,0,22.777779,54.981815,0.5166653,0.0,0.0,0.15434459,0.0,0.0,22.777779,3
3,6,5,0,22.777779,54.81524,0.5166653,0.0,0.0,0.1819726,0.0,0.0,22.777779,3
3,7,5,0,22.777779,54.597637,0.51951325,0.0,0.0,0.1669705,0.0,0.0,22.777779,3
3,8,5,0,24.427792,49.35364,0.5223613,0.0,0.0,1.0880992,0.0,0.0,24.444445,3
3,9,5,0,24.996513,47.576126,0.52378523,2.1412547,0.0,1.1864603,0.0,0.0,25.0,3
3,10,5,0,24.999994,47.287395,0.52378523,0.0,0.0,1.3154054,0.0,0.0,25.0,3
3,11,5,0,25.0,47.078835,0.5223613,0.0,0.0,0.91033757,0.0,0.0,25.0,3
3,12,5,0,25.0,46.88031,0.5223613,0.0,0.0,0.6859194,0.0,0.0,25.0,3
3,13,5,0,25.0,46.758587,0.52520925,0.0,0.0,0.35881478,0.0,0.0,25.0,3
3,14,5,0,25.0,46.685486,0.52520925,0.0,0.056152515,0.0,0.0,0.0,25.0,3
3,15,5,0,25.0,46.51194,0.52520925,0.0,0.1168239,0.0,0.0,0.0,25.0,3
3,16,5,0,24.561348,47.641552,0.52378523,0.0,0.6947994,0.0,0.0,0.0,24.555555,3
3,17,5,0,22.824476,52.559204,0.5280572,0.0,1.6928452,0.0,0.0,0.0,22.777779,3
3,18,5,0,22.778036,52.347813,0.5637565,0.0,1.3821063,0.0,0.0,0.0,22.777779,3
3,19,5,0,22.777779,52.043777,0.5666045,0.0,0.87016386,0.0,0.0,0.0,22.777779,3
3,20,5,0,22.777779,51.796898,0.53375316,0.0,0.6900428,0.0,0.0,0.0,22.777779,3
3,21,5,0,22.777779,51.634926,0.5323292,0.0,0.54354537,0.0,0.0,0.0,22.777779,3
3,22,5,0,22.777779,51.56604,0.5309052,0.0,0.4929429,0.0,0.0,0.0,22.777779,3
3,23,5,0,22.777779,51.514755,0.8551506,4.3120856,0.57504296,0.0,0.0,1.0,22.777779,3
3,24,5,0,22.777779,52.122036,16.528887,7.9622226,1.5303371,0.0,0.0,1.0,22.777779,3
3,1,6,0,22.777779,53.304543,16.462229,6.1819324,1.4609698,0.0,0.0,1.0,22.777779,3
3,2,6,0,22.777779,53.25508,0.5609091,6.2116,0.41444844,0.0,0.0,1.0,22.777779,3
3,3,6,0,22.777779,53.361805,0.5361922,11.6744585,0.43956625,0.0,0.0,1.0,22.777779,3
3,4,6,0,22.777779,53.362137,0.5180893,0.0,0.072357684,0.0,0.0,1.0,22.777779,3
3,5,6,0,22.777779,53.36465,0.5166653,0.0,0.014935465,0.0,0.0,1.0,22.777779,3
3,6,6,0,22.777779,53.383842,0.5166653,0.7120367,0.0026841077,0.0,0.0,1.0,22.777779,3
3,7,6,0,22.777779,53.3959,0.51951325,0.0,0.0,0.072912894,0.0,1.0,22.777779,3
3,8,6,0,22.777779,53.41451,0.5223613,0.0,0.002792882,0.0,0.0,1.0,22.777779,3
3,9,6,0,22.777779,53.6047,1.3002,0.0,0.2725674,0.0,0.0,1.0,22.777779,3
3,10,6,0,22.777779,53.631298,0.52378523,0.0,0.39281338,0.0,0.0,1.0,22.777779,3
3,11,6,0,22.777779,53.688694,0.5223613,0.0,0.4144737,0.0,0.0,1.0,22.777779,3
3,12,6,0,22.777779,53.799896,0.5223613,0.0,0.5088071,0.0,0.0,1.0,22.777779,3
3,13,6,0,23.881924,50.374065,0.52520925,0.0,0.0,0.19835745,0.0,1.0,23.88889,3
3,14,6,0,24.991264,47.338516,0.52520925,2.1361384,0.0,0.43535668,0.0,1.0,25.0,3
3,15,6,0,24.999943,47.375164,0.52520925,0.0,0.0,0.24533,0.0,1.0,25.0,3
3,16,6,0,25.0,47.47264,0.52378523,0.0,0.0,0.1396419,0.0,1.0,25.0,3
3,17,6,0,25.0,47.884567,0.5280572,0.0,0.0,0.39547655,0.0,1.0,25.0,3
3,18,6,0,25.0,48.12911,0.5637565,0.0,0.0,0.35327134,0.0,1.0,25.0,3
3,19,6,0,25.0,48.49409,0.5666045,0.0,0.0,0.07447527,0.0,1.0,25.0,3
3,20,6,0,25.0,48.466152,0.53375316,0.0,0.0,0.10301013,0.0,0.0,25.0,3
3,21,6,0,25.0,49.155502,3.3791833,0.0,0.46659142,0.0,0.0,0.0,25.0,3
3,22,6,0,24.946093,50.059,4.941478,0.0,1.0454923,0.0,0.0,1.0,24.944445,3
3,23,6,0,22.8515,57.518375,4.410131,0.0,1.8647294,0.0,0.0,1.0,22.777779,3
3,24,6,0,22.781475,57.518955,0.52378523,0.0,0.8088153,0.0,0.0,1.0,22.777779,3
3,1,7,0,22.777811,57.35883,0.5223613,0.0,0.49338928,0.0,0.0,1.0,22.777779,3
3,2,7,0,22.777779,57.312332,0.52093726,0.0,0.27755958,0.0,0.0,1.0,22.777779,3
3,3,7,0,22.777779,57.417206,0.51951325,0.0,0.19690967,0.0,0.0,1.0,22.777779,3
3,4,7,0,22.777779,57.671158,0.5180893,0.0,0.11847289,0.0,0.0,1.0,22.777779,3
3,5,7,0,22.777779,57.790714,0.5166653,0.0,0.09747832,0.0,0.0,1.0,22.777779,3
3,6,7,0,22.777779,57.98198,0.5166653,0.0,0.07112135,0.0,0.0,1.0,22.777779,3
3,7,7,0,22.777779,58.14224,0.51951325,0.0,0.09933956,0.0,0.0,1.0,22.777779,3
3,8,7,0,22.777779,58.169647,0.5223613,0.0,0.11088607,0.0,0.0,1.0,22.777779,3
3,9,7,0,22.777779,58.236084,0.52378523,0.0,0.13272421,0.0,0.0,1.0,22.777779,3
3,10,7,0,22.777779,58.259705,0.52378523,0.0,0.1654506,0.0,0.0,1.0,22.777779,3
3,11,7,0,22.777779,58.440033,0.83555907,0.0,0.33128902,0.0,0.0,1.0,22.777779,3
3,12,7,0,22.777779,58.47993,0.84329283,0.0,0.43903002,0.0,0.0,1.0,22.777779,3
3,13,7,0,22.777779,58.551105,0.52520925,0.0,0.38758823,0.0,0.0,0.0,22.777779,3
3,14,7,0,22.777779,58.54388,0.52520925,0.0,0.4911754,0.0,0.0,0.0,22.777779,3
3,15,7,0,22.777779,58.504986,0.52520925,0.71029454,0.64016634,0.0,0.0,0.0,22.777779,3
3,16,7,0,22.777779,58.44751,0.52378523,0.0,0.5867827,0.0,0.0,0.0,22.777779,3
3,17,7,0,22.777779,58.463318,0.5280572,0.0,0.77346075,0.0,0.0,0.0,22.777779,3
3,18,7,0,22.777779,58.528774,0.5637565,0.0,0.7608755,0.0,0.0,0.0,22.777779,3
3,19,7,0,22.777779,58.43717,0.5666045,0.0,0.596879,0.0,0.0,0.0,22.777779,3
3,20,7,0,22.777779,58.227497,1.538889,0.0,1.0311368,0.0,0.0,1.0,22.777779,3
3,21,7,0,22.777779,58.41045,8.501004,10.334841,1.452678,0.0,0.0,1.0,22.777779,3
3,22,7,0,22.777779,58.877934,11.09895,0.0,1.4822115,0.0,0.0,1.0,22.777779,3
3,23,7,0,22.777779,58.776875,0.5280572,0.0,0.685714,0.0,0.0,1.0,22.777779,3
3,24,7,0,22.777779,58.799774,0.52378523,0.0,0.5591885,0.0,0.0,1.0,22.777779,3
3,1,1,0,22.777779,58.877865,0.5223613,0.0,0.4321264,0.0,0.0,1.0,22.777779,3
3,2,1,0,22.777779,58.942375,0.52093726,0.0,0.3249602,0.0,0.0,1.0,22.777779,3
3,3,1,0,22.777779,59.04634,0.51951325,0.0,0.2881475,0.0,0.0,1.0,22.777779,3
3,4,1,0,22.777779,59.16295,0.5180893,0.0,0.24623239,0.0,0.0,1.0,22.777779,3
3,5,1,0,22.777779,59.256073,0.5166653,0.0,0.22698955,0.0,0.0,1.0,22.777779,3
3,6,1,0,22.777779,59.28372,0.5166653,0.0,0.21219875,0.0,0.0,1.0,22.777779,3
3,7,1,0,22.777779,59.3154,0.51951325,0.0,0.21600789,0.0,0.0,1.0,22.777779,3
3,8,1,0,22.777779,59.30554,0.5223613,0.0,0.23438433,0.0,0.0,1.0,22.777779,3
3,9,1,0,22.777779,59.29481,0.52378523,0.0,0.26958093,0.0,0.0,1.0,22.777779,3
3,10,1,0,22.777779,59.258152,0.52378523,0.0,0.37825766,0.0,0.0,1.0,22.777779,3
3,11,1,0,22.777779,59.25976,0.5223613,0.0,0.4391049,0.0,0.0,1.0,22.777779,3
3,12,1,0,24.82598,52.478584,0.84329283,0.0,0.0,0.4289962,0.0,1.0,24.833334,3
3,13,1,0,24.999954,52.568535,0.854906,0.0,0.05078535,0.0,0.0,1.0,25.0,3
3,14,1,0,25.0,52.07001,0.52520925,0.0,0.18393412,0.0,0.0,0.0,25.0,3
3,15,1,0,25.0,50.521378,0.52520925,0.0,0.17569844,0.0,0.0,1.0,25.0,3
3,16,1,0,24.540472,51.635223,0.87122124,13.305959,2.9885368,0.0,0.0,1.0,24.444445,3
3,17,1,0,22.841496,54.86712,0.5280572,1.4169021,2.1667483,0.0,0.0,0.0,22.777779,3
3,18,1,0,22.77849,52.860054,0.5637565,0.0,1.3672341,0.0,0.0,0.0,22.777779,3
3,19,1,0,22.77778,51.38927,0.5666045,0.0,0.7685282,0.0,0.0,0.0,22.777779,3
3,20,1,0,22.777779,48.855133,0.53375316,0.0,0.6342167,0.0,0.0,0.0,22.777779,3
3,21,1,0,22.777779,47.83978,0.5323292,0.7085036,0.42581514,0.0,0.0,0.0,22.777779,3
3,22,1,0,22.777779,47.016415,0.5309052,0.0,0.29751378,0.0,0.0,0.0,22.777779,3
3,23,1,0,22.777779,46.39781,0.5280572,0.0,0.17543857,0.0,0.0,0.0,22.777779,3
3,24,1,0,22.777779,45.829777,0.52378523,0.0,0.053958487,0.0,0.0,0.0,22.777779,3
3,1,2,0,22.777779,45.78032,0.5223613,0.0,0.22701591,0.0,0.0,0.0,22.777779,3
3,2,2,0,22.777779,45.679367,0.52093726,0.0,0.09203488,0.0,0.0,0.0,22.777779,3
3,3,2,0,22.777779,45.60638,0.51951325,0.0,0.03919605,0.0,0.0,1.0,22.777779,3
3,4,2,0,22.777779,45.357063,0.5180893,0.0,0.0,0.02032778,0.0,1.0,22.777779,3
3,5,2,0,22.777779,45.302383,0.5166653,0.0,0.0,0.065422304,0.0,1.0,22.777779,3
3,6,2,0,22.777779,45.145466,0.5166653,0.0,0.0,0.15641952,0.0,1.0,22.777779,3
3,7,2,0,22.777779,44.841156,0.51951325,0.0,0.0,0.22591174,0.0,1.0,22.777779,3
3,8,2,0,24.260586,40.96336,0.5223613,0.0,0.0,1.0849385,0.0,1.0,24.277779,3
3,9,2,0,24.996927,39.08008,0.52378523,0.0,0.0,1.3884894,0.0,1.0,25.0,3
3,10,2,0,25.0,38.941536,0.52378523,0.0,0.0,0.4901464,0.0,0.0,25.0,3
3,11,2,0,25.0,38.820564,0.5223613,0.0,0.0,0.1222692,0.0,0.0,25.0,3
3,12,2,0,25.0,38.597054,0.5223613,0.0,0.09219189,0.0,0.0,0.0,25.0,3
3,13,2,0,25.0,38.529697,0.52520925,0.0,0.20056322,0.0,0.0,0.0,25.0,3
3,14,2,0,25.0,38.390156,0.52520925,0.0,0.29243144,0.0,0.0,0.0,25.0,3
3,15,2,0,25.0,38.34876,0.52520925,0.0,0.43797618,0.0,0.0,0.0,25.0,3
3,16,2,0,25.0,38.249725,0.52378523,0.0,0.5297826,0.0,0.0,0.0,25.0,3
3,17,2,0,22.973454,42.570446,0.5280572,0.0,1.5195369,0.0,0.0,0.0,22.944445,3
3,18,2,0,22.778923,41.84731,0.5637565,0.0,1.38679,0.0,0.0,0.0,22.777779,3
3,19,2,0,23.997341,38.80783,0.5666045,0.0,0.43274674,0.0,0.0,0.0,24.0,3
3,20,2,0,24.997507,36.408916,0.53375316,0.0,0.0,0.19687346,0.0,0.0,25.0,3
3,21,2,0,25.0,36.270245,0.5323292,0.0,0.021956366,0.0,0.0,0.0,25.0,3
3,22,2,0,25.0,36.123714,0.5309052,0.0,0.04036014,0.0,0.0,0.0,25.0,3
3,23,2,0,25.0,36.015972,0.8551506,0.0,0.10514725,0.0,0.0,1.0,25.0,3
3,24,2,0,25.0,35.888683,0.6768194,0.0,0.0,0.06370808,0.0,1.0,25.0,3
3,1,3,0,25.0,34.994514,0.6101621,0.0,0.0,0.98873526,0.0,1.0,25.0,3
3,2,3,0,25.0,34.350887,0.5609091,0.0,0.0,1.2367707,0.0,1.0,25.0,3
3,3,3,0,25.0,33.79661,0.51951325,2.1143656,0.0,1.2170856,0.0,1.0,25.0,3
3,4,3,0,25.0,32.399986,0.5180893,0.7047949,0.0,1.6316413,0.0,1.0,25.0,3
3,5,3,0,25.0,31.090446,0.5166653,0.0,0.0,1.6832799,0.0,1.0,25.0,3
3,6,3,0,25.0,30.83077,0.5166653,0.0,0.0,1.8538679,0.0,1.0,25.0,3
3,7,3,0,25.0,30.23348,0.51951325,0.0,0.0,1.9897969,0.0,1.0,25.0,3
3,8,3,0,25.0,29.222496,0.5223613,0.0,0.0,2.2191536,0.0,1.0,25.0,3
3,9,3,0,25.0,28.686422,0.52378523,0.0,0.0,1.8055958,0.0,1.0,25.0,3
3,10,3,0,25.0,28.162758,0.52378523,0.0,0.0,1.1403263,0.0,0.0,25.0,3
3,11,3,0,25.0,27.65914,0.5223613,0.0,0.0,0.8701696,0.0,0.0,25.0,3
3,12,3,0,25.0,27.141632,0.5223613,0.0,0.0,0.6850104,0.0,0.0,25.0,3
3,13,3,0,25.0,26.21573,0.854906,0.0,0.0,0.23679006,0.0,1.0,25.0,3
3,14,3,0,25.0,25.746567,0.8551435,0.0,0.0,0.249886,0.0,1.0,25.0,3
3,15,3,0,25.0,25.239086,0.52520925,0.0,0.0,0.10704395,0.0,0.0,25.0,3
3,16,3,0,23.806093,26.565025,0.52378523,0.0,0.8474958,0.0,0.0,0.0,23.777779,3
3,17,3,0,22.802843,27.548111,0.5280572,0.704791,1.4520371,0.0,0.0,0.0,22.777779,3
3,18,3,0,22.777903,27.148254,0.5637565,2.1143513,1.0929399,0.0,0.0,0.0,22.777779,3
3,19,3,0,23.665218,25.471611,0.5666045,0.0,0.22153358,0.0,0.0,0.0,23.666666,3
3,20,3,0,24.995573,23.04594,0.53375316,0.0,0.0,0.78450966,0.0,0.0,25.0,3
3,21,3,0,24.999996,22.801434,0.5323292,0.0,0.0,0.7058496,0.0,0.0,25.0,3
3,22,3,0,25.0,23.186417,1.0594041,5.3542247,2.067006,0.0,0.0,1.0,25.0,3
3,23,3,0,25.0,23.0029,0.5280572,0.0,0.0,0.57643247,0.0,1.0,25.0,3
3,24,3,0,25.0,22.733881,0.52378523,0.0,0.0,0.7341119,0.0,1.0,25.0,3
3,1,4,0,25.0,22.7775,0.5223613,0.0,0.0,0.14578438,0.0,1.0,25.0,3
3,2,4,0,25.0,22.77553,0.52093726,0.0,0.0,0.27932242,0.0,1.0,25.0,3
3,3,4,0,25.0,22.79299,0.51951325,0.0,0.0,0.33516037,0.0,1.0,25.0,3
3,4,4,0,25.0,22.801432,0.5180893,0.0,0.0,0.3903922,0.0,1.0,25.0,3
3,5,4,0,25.0,22.817501,0.5166653,0.0,0.0,0.45559928,0.0,1.0,25.0,3
3,6,4,0,25.0,22.810005,0.5166653,0.0,0.0,0.5484018,0.0,1.0,25.0,3
3,7,4,0,25.0,23.248158,0.7185225,4.4659,1.54178,0.0,0.0,1.0,25.0,3
3,8,4,0,25.0,23.465094,0.5223613,0.0,0.0,0.488403,0.0,0.0,25.0,3
3,9,4,0,25.0,23.4089,0.8442514,0.0,0.0,0.30696812,0.0,1.0,25.0,3
3,10,4,0,25.0,23.407028,0.8413945,0.0,0.0,0.06782027,0.0,1.0,25.0,3
3,11,4,0,25.0,23.41954,0.83555907,0.0,0.22459103,0.0,0.0,1.0,25.0,3
3,12,4,0,25.0,23.903488,0.84329283,4.504629,2.2873597,0.0,0.0,1.0,25.0,3
3,13,4,0,25.0,24.401518,0.854906,0.0,0.40442532,0.0,0.0,1.0,25.0,3
3,14,4,0,25.0,24.42277,0.8551435,0.0,0.5719067,0.0,0.0,1.0,25.0,3
3,15,4,0,25.0,24.381691,0.52520925,0.0,0.4973583,0.0,0.0,0.0,25.0,3
3,16,4,0,24.000458,25.937082,0.87122124,2.10866,1.5484942,0.0,0.0,1.0,23.944445,3
3,17,4,0,22.809402,27.687265,0.9140349,0.0,1.9802034,0.0,0.0,1.0,22.777779,3
3,18,4,0,23.444239,26.487446,1.0354524,0.0,0.8528979,0.0,0.0,1.0,23.444445,3
3,19,4,0,24.993263,24.085949,0.5666045,0.0,0.0,0.3469165,0.0,0.0,25.0,3
3,20,4,0,25.0,24.016024,0.53375316,0.0,0.09740007,0.0,0.0,0.0,25.0,3
3,21,4,0,25.0,24.01641,0.5323292,0.0,0.13186994,0.0,0.0,0.0,25.0,3
3,22,4,0,25.0,24.037271,0.5309052,0.0,0.053873163,0.0,0.0,0.0,25.0,3
3,23,4,0,25.0,24.084997,0.5280572,0.0,0.0,0.0066574807,0.0,0.0,25.0,3
3,24,4,0,25.0,24.188532,0.52378523,0.0,0.0,0.054491267,0.0,1.0,25.0,3
3,1,5,0,25.0,24.297297,0.5223613,0.0,0.0,0.18418963,0.0,1.0,25.0,3
3,2,5,0,25.0,24.398733,0.52093726,0.0,0.0,0.29999956,0.0,1.0,25.0,3
3,3,5,0,25.0,24.492935,0.51951325,0.0,0.0,0.40159598,0.0,1.0,25.0,3
3,4,5,0,25.0,24.587093,0.5180893,0.0,0.0,0.5173505,0.0,1.0,25.0,3
3,5,5,0,25.0,24.808996,0.5166653,0.0,0.0,0.53537613,0.0,1.0,25.0,3
3,6,5,0,25.0,24.87846,0.5166653,0.0,0.0,0.514101,0.0,1.0,25.0,3
3,7,5,0,25.0,25.555357,0.7185225,4.4212556,1.5608865,0.0,0.0,1.0,25.0,3
3,8,5,0,25.0,26.47488,0.82713985,3.407911,1.2051332,0.0,0.0,1.0,25.0,3
3,9,5,0,25.0,26.506628,0.8442514,0.0,0.0,0.22359553,0.0,1.0,25.0,3
3,10,5,0,25.0,26.652655,0.8413945,0.0,0.0,0.053457957,0.0,1.0,25.0,3
3,11,5,0,25.0,27.551682,0.5223613,0.0,0.0,0.74489224,0.0,0.0,25.0,3
3,12,5,0,25.0,28.919733,0.5223613,0.0,0.0,0.7986267,0.0,0.0,25.0,3
3,13,5,0,25.0,30.047783,0.52520925,2.1027548,0.0,0.24384692,0.0,0.0,25.0,3
3,14,5,0,25.0,30.92466,0.52520925,4.2056274,0.2175025,0.0,0.0,0.0,25.0,3
3,15,5,0,25.0,31.901598,0.52520925,0.0,0.0,0.08545096,0.0,0.0,25.0,3
3,16,5,0,25.0,33.335476,0.52378523,0.0,0.0,0.10104812,0.0,0.0,25.0,3
3,17,5,0,25.0,34.673904,0.5280572,0.0,0.0,0.5400647,0.0,0.0,25.0,3
3,18,5,0,25.0,35.97907,1.0354524,0.0,0.0,0.41236532,0.0,1.0,25.0,3
3,19,5,0,25.0,35.95691,0.5666045,0.0,0.24916226,0.0,0.0,0.0,25.0,3
3,20,5,0,25.0,36.153645,0.53375316,0.0,0.19067056,0.0,0.0,0.0,25.0,3
3,21,5,0,25.0,36.191803,0.5323292,0.0,0.20338953,0.0,0.0,0.0,25.0,3
3,22,5,0,25.0,36.400093,0.5309052,0.0,0.17807698,0.0,0.0,0.0,25.0,3
3,23,5,0,25.0,36.855007,0.8551506,3.378842,1.7893468,0.0,0.0,1.0,25.0,3
3,24,5,0,25.0,36.945724,0.6768194,0.0,0.1496945,0.0,0.0,1.0,25.0,3
3,1,6,0,25.0,37.076534,0.6101621,0.0,0.01181606,0.0,0.0,1.0,25.0,3
3,2,6,0,25.0,37.238636,0.52093726,0.0,0.0,0.13719659,0.0,1.0,25.0,3
3,3,6,0,25.0,37.60555,0.51951325,0.0,0.0,0.15818658,0.0,1.0,25.0,3
3,4,6,0,25.0,37.976368,0.5180893,0.0,0.0,0.20544186,0.0,1.0,25.0,3
3,5,6,0,25.0,38.304657,0.5166653,0.0,0.0,0.19911897,0.0,1.0,25.0,3
3,6,6,0,25.0,38.312687,0.5166653,0.0,0.0,0.2742502,0.0,0.0,25.0,3
3,7,6,0,25.0,38.38167,0.51951325,0.0,0.0,0.27868557,0.0,0.0,25.0,3
3,8,6,0,25.0,38.454247,0.5223613,0.0,0.0,0.17362748,0.0,0.0,25.0,3
3,9,6,0,25.0,38.55242,0.96188116,0.0,0.14267473,0.0,0.0,0.0,25.0,3
3,10,6,0,25.0,38.68016,0.8413945,0.98000896,0.4776781,0.0,0.0,1.0,25.0,3
3,11,6,0,25.0,39.326088,10.3468,9.496974,1.4031383,0.0,0.0,1.0,25.0,3
3,12,6,0,23.893059,42.11347,0.84329283,0.0,1.4616735,0.0,0.0,1.0,23.88889,3
3,13,6,0,22.78559,45.19895,0.854906,9.092011,2.307584,0.0,0.0,1.0,22.777779,3
3,14,6,0,22.77783,45.399155,0.8551435,5.6584888,2.088214,0.0,0.0,1.0,22.777779,3
3,15,6,0,22.777779,45.486782,0.84245795,7.2413883,2.0720365,0.0,0.0,1.0,22.777779,3
3,16,6,0,22.777779,45.745193,0.87122124,11.083244,2.3716683,0.0,0.0,1.0,22.777779,3
3,17,6,0,22.777779,46.114033,0.9140349,3.7382154,2.4552393,0.0,0.0,1.0,22.777779,3
3,18,6,0,24.21942,42.584534,1.0354524,2.439908,1.2343571,0.0,0.0,1.0,24.222221,3
3,19,6,0,24.998848,40.65889,0.5666045,0.0,0.5623977,0.0,0.0,0.0,25.0,3
3,20,6,0,24.999998,40.70897,0.53375316,0.0,0.63795894,0.0,0.0,0.0,25.0,3
3,21,6,0,25.0,40.72176,1.1033726,0.0,0.93174434,0.0,0.0,1.0,25.0,3
3,22,6,0,23.410725,44.98697,1.0594041,0.0,1.8797787,0.0,0.0,1.0,23.38889,3
3,23,6,0,22.787876,46.83187,0.5280572,0.0,1.8484592,0.0,0.0,1.0,22.777779,3
3,24,6,0,22.77789,47.030453,0.52378523,0.0,1.328258,0.0,0.0,1.0,22.777779,3
3,1,7,0,22.777779,47.201527,0.5223613,0.0,0.9896404,0.0,0.0,1.0,22.777779,3
3,2,7,0,22.777779,47.352837,0.5609091,0.0,0.7958999,0.0,0.0,1.0,22.777779,3
3,3,7,0,22.777779,47.512096,0.5361922,0.0,0.66916645,0.0,0.0,1.0,22.777779,3
3,4,7,0,22.777779,47.85684,0.5180893,0.0,0.5757869,0.0,0.0,1.0,22.777779,3
3,5,7,0,22.777779,47.96303,0.5166653,0.0,0.5071039,0.0,0.0,1.0,22.777779,3
3,6,7,0,22.777779,48.094482,0.5166653,0.0,0.44989353,0.0,0.0,1.0,22.777779,3
3,7,7,0,22.777779,49.153522,4.401587,0.0,1.206735,0.0,0.0,1.0,22.777779,3
3,8,7,0,22.777779,50.01357,4.404435,0.0,1.2049801,0.0,0.0,0.0,22.777779,3
3,9,7,0,22.777779,50.998447,4.726325,0.0,1.4612231,0.0,0.0,1.0,22.777779,3
3,10,7,0,22.777779,50.88081,0.8413945,0.0,0.7159035,0.0,0.0,1.0,22.777779,3
3,11,7,0,22.777779,50.70428,0.83555907,0.0,0.6414202,0.0,0.0,1.0,22.777779,3
3,12,7,0,22.777779,50.61549,0.84329283,2.090754,0.83886844,0.0,0.0,1.0,22.777779,3
3,13,7,0,22.777779,50.570305,0.52520925,0.6969101,0.62751114,0.0,0.0,0.0,22.777779,3
3,14,7,0,22.777779,50.56366,0.52520925,0.0,0.64473885,0.0,0.0,1.0,22.777779,3
3,15,7,0,22.777779,50.604767,0.52520925,0.0,0.57682616,0.0,0.0,1.0,22.777779,3
3,16,7,0,22.777779,50.505733,0.87122124,0.0,0.7774794,0.0,0.0,1.0,22.777779,3
3,17,7,0,22.777779,49.862274,0.9140349,0.0,0.7498637,0.0,0.0,1.0,22.777779,3
3,18,7,0,22.777779,48.8341,0.5637565,0.0,0.5245328,0.0,0.0,0.0,22.777779,3
3,19,7,0,22.777779,48.728073,0.5666045,0.0,0.52705485,0.0,0.0,0.0,22.777779,3
3,20,7,0,22.777779,48.508583,0.53375316,0.0,0.4367229,0.0,0.0,0.0,22.777779,3
3,21,7,0,22.777779,48.369457,0.5323292,0.0,0.4294284,0.0,0.0,0.0,22.777779,3
3,22,7,0,22.777779,48.22257,0.5309052,0.0,0.3901502,0.0,0.0,0.0,22.777779,3
3,23,7,0,22.777779,48.08015,0.5280572,0.0,0.31684932,0.0,0.0,0.0,22.777779,3
3,24,7,0,22.777779,47.749813,0.52378523,0.0,0.21427588,0.0,0.0,0.0,22.777779,3
3,1,1,0,22.777779,47.160053,0.5223613,0.0,0.0,0.47279364,0.0,1.0,22.777779,3
3,2,1,0,22.777779,46.61797,0.52093726,0.0,0.0,0.6625937,0.0,1.0,22.777779,3
3,3,1,0,22.777779,45.438374,0.51951325,0.0,0.0,0.5836341,0.0,1.0,22.777779,3
3,4,1,0,22.777779,45.097317,0.5180893,0.0,0.0,0.79557925,0.0,1.0,22.777779,3
3,5,1,0,22.777779,44.679733,0.5166653,0.0,0.0,0.81396115,0.0,1.0,22.777779,3
3,6,1,0,22.777779,44.337982,0.5166653,0.0,0.0,0.8903911,0.0,1.0,22.777779,3
3,7,1,0,22.777779,43.476997,0.51951325,0.0,0.0,0.94653344,0.0,0.0,22.777779,3
3,8,1,0,22.777779,42.56151,0.5223613,0.0,0.0,0.8818143,0.0,0.0,22.777779,3
3,9,1,0,22.777779,42.205727,0.52378523,0.0,0.0,0.78325045,0.0,0.0,22.777779,3
3,10,1,0,24.657839,37.347553,0.52378523,0.0,0.0,1.8230768,0.0,0.0,24.666666,3
3,11,1,0,24.999578,36.151897,0.5223613,1.3896992,0.0,1.6060917,0.0,0.0,25.0,3
3,12,1,0,25.0,35.604103,0.5223613,0.0,0.0,1.2234132,0.0,0.0,25.0,3
3,13,1,0,25.0,35.158047,0.52520925,0.0,0.0,0.70953315,0.0,0.0,25.0,3
3,14,1,0,25.0,34.505783,0.52520925,0.0,0.0,0.711978,0.0,0.0,25.0,3
3,15,1,0,25.0,33.641994,0.52520925,0.0,0.0,0.5532313,0.0,1.0,25.0,3
3,16,1,0,25.0,33.095104,0.52378523,0.0,0.0,0.3164945,0.0,1.0,25.0,3
3,17,1,0,23.47203,35.364132,0.5280572,0.0,0.5262733,0.0,0.0,1.0,23.444445,3
3,18,1,0,22.782272,35.947556,0.5637565,0.0,0.76403946,0.0,0.0,0.0,22.777779,3
3,19,1,0,22.777786,35.603966,0.5666045,0.0,0.71018666,0.0,0.0,0.0,22.777779,3
3,20,1,0,22.777779,34.940945,0.53375316,0.0,0.4784499,0.0,0.0,0.0,22.777779,3
3,21,1,0,22.777779,34.68656,0.5323292,0.0,0.31267348,0.0,0.0,0.0,22.777779,3
3,22,1,0,22.777779,34.47392,0.5309052,0.0,0.20940295,0.0,0.0,0.0,22.777779,3
3,23,1,0,22.777779,34.05048,0.5280572,0.0,0.0,0.065479934,0.0,0.0,22.777779,3
3,24,1,0,22.777779,33.888596,0.52378523,0.0,0.0,0.2122061,0.0,0.0,22.777779,3
3,1,2,0,22.777779,33.667854,0.5223613,0.0,0.070511885,0.0,0.0,1.0,22.777779,3
3,2,2,0,22.777779,33.63549,0.52093726,0.0,0.0,0.15995848,0.0,1.0,22.777779,3
3,3,2,0,22.777779,33.635586,0.51951325,0.0,0.0,0.29282254,0.0,1.0,22.777779,3
3,4,2,0,22.777779,33.603306,0.5203484,0.0,0.0,0.40572456,0.0,1.0,22.777779,3
3,5,2,0,22.777779,33.584995,0.5166653,0.0,0.0,0.45947433,0.0,1.0,22.777779,3
3,6,2,0,22.777779,33.528786,0.5166653,0.0,0.0,0.52619606,0.0,1.0,22.777779,3
3,7,2,0,22.777779,33.457596,0.51951325,0.0,0.0,0.55244154,0.0,0.0,22.777779,3
3,8,2,0,23.98245,31.094475,0.5223613,0.0,0.0,1.3063347,0.0,0.0,24.0,3
3,9,2,0,24.995169,29.239746,0.52378523,0.0,0.0,1.7804577,0.0,0.0,25.0,3
3,10,2,0,24.999996,29.208387,0.52378523,0.0,0.0,0.9902155,0.0,0.0,25.0,3
3,11,2,0,25.0,29.199108,0.5223613,0.0,0.0,0.40101588,0.0,0.0,25.0,3
3,12,2,0,25.0,29.1839,0.5223613,0.0,0.0,0.1700485,0.0,0.0,25.0,3
3,13,2,0,25.0,29.1758,0.52520925,0.0,0.0,0.0030311607,0.0,0.0,25.0,3
3,14,2,0,25.0,29.15379,0.52520925,0.0,0.15402311,0.0,0.0,0.0,25.0,3
3,15,2,0,25.0,29.130249,0.52520925,0.0,0.34441194,0.0,0.0,0.0,25.0,3
3,16,2,0,24.090498,30.712292,0.52378523,0.0,0.9188856,0.0,0.0,0.0,24.055555,3
3,17,2,0,22.80838,32.913063,0.5280572,0.0,1.5308812,0.0,0.0,0.0,22.777779,3
3,18,2,0,22.777933,32.668514,0.5637565,0.0,1.0557371,0.0,0.0,0.0,22.777779,3
3,19,2,0,22.777779,32.580338,0.5666045,0.0,0.9037002,0.0,0.0,0.0,22.777779,3
3,20,2,0,22.944357,32.093708,0.53375316,0.0,0.6293592,0.0,0.0,0.0,22.944445,3
3,21,2,0,24.98924,28.302223,0.5323292,0.0,0.0,0.8255437,0.0,0.0,25.0,3
3,22,2,0,24.999989,28.184105,0.5309052,0.0,0.0,0.38427064,0.0,0.0,25.0,3
3,23,2,0,25.0,28.08944,0.5280572,0.0,0.0,0.31103426,0.0,0.0,25.0,3
3,24,2,0,25.0,28.035175,0.52378523,0.0,0.0,0.32894754,0.0,1.0,25.0,3
3,1,3,0,25.0,27.677599,0.5223613,0.0,0.0,1.235388,0.0,1.0,25.0,3
3,2,3,0,25.0,27.402208,0.52093726,0.0,0.0,1.38491,0.0,1.0,25.0,3
3,3,3,0,25.0,27.13246,0.51951325,0.0,0.0,1.7340262,0.0,1.0,25.0,3
3,4,3,0,25.0,26.927526,0.5180893,0.0,0.0,1.798427,0.0,1.0,25.0,3
3,5,3,0,25.0,26.46507,0.5166653,0.0,0.0,1.9517646,0.0,1.0,25.0,3
3,6,3,0,25.0,26.321398,0.5166653,0.0,0.0,1.9118272,0.0,1.0,25.0,3
3,7,3,0,25.0,26.172388,0.51951325,0.0,0.0,1.9686669,0.0,1.0,25.0,3
3,8,3,0,25.0,26.042812,0.5223613,0.0,0.0,1.6368963,0.0,1.0,25.0,3
3,9,3,0,25.0,25.90786,0.8442514,0.0,0.0,1.0947999,0.0,1.0,25.0,3
3,10,3,0,25.0,25.713415,0.52378523,0.0,0.0,0.8460613,0.0,0.0,25.0,3
3,11,3,0,25.0,25.496374,0.5223613,0.0,0.0,0.6719227,0.0,0.0,25.0,3
3,12,3,0,25.0,25.221397,0.5223613,0.0,0.0,0.4476351,0.0,0.0,25.0,3
3,13,3,0,25.0,24.873695,0.52520925,0.0,0.0,0.4304798,0.0,0.0,25.0,3
3,14,3,0,25.0,24.389574,0.52520925,0.0,0.0,0.14454196,0.0,0.0,25.0,3
3,15,3,0,25.0,23.99135,0.52520925,0.0,0.0,0.011333663,0.0,0.0,25.0,3
3,16,3,0,25.0,23.674484,0.52378523,0.0,0.13202128,0.0,0.0,0.0,25.0,3
3,17,3,0,22.9852,26.282015,0.5280572,0.0,1.2020468,0.0,0.0,0.0,22.944445,3
3,18,3,0,22.999947,25.878971,0.5637565,0.0,0.9379509,0.0,0.0,0.0,23.0,3
3,19,3,0,23.333248,25.203579,0.5666045,0.0,0.5035732,0.0,0.0,0.0,23.333334,3
3,20,3,0,23.333334,25.100975,0.53375316,0.0,0.35194743,0.0,0.0,0.0,23.333334,3
3,21,3,0,23.333334,25.034384,0.5323292,0.0,0.274334,0.0,0.0,0.0,23.333334,3
3,22,3,0,23.333334,24.97802,0.5309052,0.0,0.11696697,0.0,0.0,0.0,23.333334,3
3,23,3,0,23.333334,25.268808,0.8551506,1.9744891,1.0923603,0.0,0.0,1.0,23.333334,3
3,24,3,0,23.333334,25.440884,0.52378523,0.0,0.0,0.052341904,0.0,1.0,23.333334,3
3,1,4,0,23.333334,25.729502,0.5223613,0.0,0.18065529,0.0,0.0,1.0,23.333334,3
3,2,4,0,23.333334,25.817818,0.52093726,0.0,0.0,0.19742598,0.0,1.0,23.333334,3
3,3,4,0,23.333334,25.897814,0.51951325,0.0,0.0,0.08661468,0.0,1.0,23.333334,3
3,4,4,0,23.333334,25.989012,0.5180893,0.0,0.0,0.19331771,0.0,1.0,23.333334,3
3,5,4,0,23.333334,26.078756,0.5166653,0.0,0.0,0.24883191,0.0,1.0,23.333334,3
3,6,4,0,23.333334,26.157074,0.5166653,0.0,0.0,0.32584396,0.0,1.0,23.333334,3
3,7,4,0,23.333334,26.239395,0.51951325,0.0,0.0,0.3453683,0.0,1.0,23.333334,3
3,8,4,0,23.333334,26.332907,0.82713985,0.0,0.0,0.11982683,0.0,1.0,23.333334,3
3,9,4,0,23.333334,26.397081,0.52378523,0.0,0.0,0.06571796,0.0,0.0,23.333334,3
3,10,4,0,23.333334,26.52872,0.52378523,0.0,0.32208386,0.0,0.0,0.0,23.333334,3
3,11,4,0,23.333334,26.646639,0.5223613,0.0,0.42438233,0.0,0.0,0.0,23.333334,3
3,12,4,0,23.333334,26.787601,0.5223613,2.0652778,0.68438876,0.0,0.0,0.0,23.333334,3
3,13,4,0,24.551733,24.956873,0.52520925,0.0,0.0,0.2298019,0.0,0.0,24.555555,3
3,14,4,0,24.997292,24.402212,0.52520925,0.0,0.0,0.13578594,0.0,0.0,25.0,3
3,15,4,0,23.703247,26.4538,0.52520925,0.0,1.012156,0.0,0.0,0.0,23.666666,3
3,16,4,0,22.801388,28.005857,0.52378523,0.0,1.2108963,0.0,0.0,0.0,22.777779,3
3,17,4,0,24.817612,25.27093,0.5280572,0.0,0.0,0.79747105,0.0,0.0,24.833334,3
3,18,4,0,24.999777,25.967953,0.5637565,0.0,0.0,0.21401554,0.0,0.0,25.0,3
3,19,4,0,25.0,26.588594,0.5666045,0.0,0.11757472,0.0,0.0,0.0,25.0,3
3,20,4,0,25.0,26.88446,0.53375316,0.0,0.14189996,0.0,0.0,0.0,25.0,3
3,21,4,0,25.0,27.024437,0.5323292,0.0,0.11160927,0.0,0.0,0.0,25.0,3
3,22,4,0,25.0,27.15757,0.5309052,0.0,0.13238376,0.0,0.0,0.0,25.0,3
3,23,4,0,25.0,27.33833,0.5280572,0.0,0.10385492,0.0,0.0,1.0,25.0,3
3,24,4,0,25.0,27.748291,0.52378523,0.0,0.071730316,0.0,0.0,1.0,25.0,3
3,1,5,0,25.0,27.889423,0.5223613,0.0,0.0,0.03890172,0.0,1.0,25.0,3
3,2,5,0,25.0,28.329851,0.52093726,0.0,0.0,0.13461435,0.0,1.0,25.0,3
3,3,5,0,25.0,28.83618,0.51951325,0.0,0.0,0.1474961,0.0,1.0,25.0,3
3,4,5,0,25.0,29.29007,0.5180893,0.0,0.0,0.15669827,0.0,1.0,25.0,3
3,5,5,0,25.0,29.421144,0.5166653,0.0,0.0,0.16703516,0.0,1.0,25.0,3
3,6,5,0,25.0,29.665281,0.5166653,0.0,0.0,0.1569661,0.0,1.0,25.0,3
3,7,5,0,25.0,30.017677,0.51951325,0.0,0.0,0.119884565,0.0,1.0,25.0,3
3,8,5,0,25.0,30.409416,1.6035546,1.3269666,0.866687,0.0,0.0,1.0,25.0,3
3,9,5,0,25.0,30.4981,0.52378523,0.0,0.074210666,0.0,0.0,0.0,25.0,3
3,10,5,0,25.0,30.580307,0.96188116,0.0,0.54232544,0.0,0.0,0.0,25.0,3
3,11,5,0,25.0,30.68094,0.83555907,0.16050035,0.66450363,0.0,0.0,1.0,25.0,3
3,12,5,0,25.0,31.297647,10.354533,3.8614774,1.5831856,0.0,0.0,1.0,25.0,3
3,13,5,0,25.0,31.402218,0.854906,3.5387242,0.9650216,0.0,0.0,1.0,25.0,3
3,14,5,0,25.0,31.430008,0.52520925,0.0,0.88653266,0.0,0.0,0.0,25.0,3
3,15,5,0,25.0,31.495592,0.84245795,0.0,1.2080914,0.0,0.0,1.0,25.0,3
3,16,5,0,25.0,31.747435,0.87122124,0.0,1.4086945,0.0,0.0,1.0,25.0,3
3,17,5,0,23.02025,35.327957,0.5280572,0.0,2.8506687,0.0,0.0,0.0,22.944445,3
3,18,5,0,22.780296,35.706947,0.5637565,0.0,2.5421772,0.0,0.0,0.0,22.777779,3
3,19,5,0,22.777786,35.73636,0.5666045,2.0586472,1.9073792,0.0,0.0,0.0,22.777779,3
3,20,5,0,22.777779,35.71179,0.53375316,0.0,1.5018926,0.0,0.0,0.0,22.777779,3
3,21,5,0,22.777779,35.71174,0.5323292,0.0,1.3753482,0.0,0.0,0.0,22.777779,3
3,22,5,0,22.777779,35.724285,0.5309052,0.0,1.2730386,0.0,0.0,0.0,22.777779,3
3,23,5,0,22.777779,36.284237,0.8551506,0.0,1.2011403,0.0,0.0,1.0,22.777779,3
3,24,5,0,22.777779,36.38251,0.52378523,0.0,1.0395452,0.0,0.0,1.0,22.777779,3
3,1,6,0,22.777779,36.52444,0.5223613,0.0,0.8613336,0.0,0.0,1.0,22.777779,3
3,2,6,0,22.777779,36.695644,0.52093726,0.0,0.70737934,0.0,0.0,1.0,22.777779,3
3,3,6,0,22.777779,36.9952,0.51951325,0.0,0.6391078,0.0,0.0,1.0,22.777779,3
3,4,6,0,22.777779,37.14007,0.5180893,0.0,0.56101024,0.0,0.0,1.0,22.777779,3
3,5,6,0,22.777779,37.357597,0.5166653,0.0,0.5371298,0.0,0.0,1.0,22.777779,3
3,6,6,0,22.777779,37.61958,0.5166653,0.0,0.5070981,0.0,0.0,1.0,22.777779,3
3,7,6,0,22.777779,37.92944,0.51951325,0.0,0.50555,0.0,0.0,1.0,22.777779,3
3,8,6,0,22.777779,37.973457,0.5223613,0.0,0.5459507,0.0,0.0,1.0,22.777779,3
3,9,6,0,22.777779,38.53583,0.8442514,3.8639622,2.525426,0.0,0.0,1.0,22.777779,3
3,10,6,0,22.777779,38.63013,0.52378523,0.0,0.7328833,0.0,0.0,0.0,22.777779,3
3,11,6,0,22.777779,38.765854,0.5223613,0.0,0.76065534,0.0,0.0,0.0,22.777779,3
3,12,6,0,22.777779,38.936687,0.5223613,0.0,0.8445333,0.0,0.0,0.0,22.777779,3
3,13,6,0,22.777779,39.719093,0.854906,4.3646836,3.133833,0.0,0.0,1.0,22.777779,3
3,14,6,0,22.777779,39.840794,0.8551435,0.0,1.2201936,0.0,0.0,1.0,22.777779,3
3,15,6,0,22.777779,40.041454,0.52520925,0.0,1.2417191,0.0,0.0,0.0,22.777779,3
3,16,6,0,22.777779,40.21927,0.52378523,0.0,1.4242527,0.0,0.0,0.0,22.777779,3
3,17,6,0,22.777779,41.04076,0.5280572,2.051944,1.6530704,0.0,0.0,0.0,22.777779,3
3,18,6,0,22.777779,41.68335,0.5637565,2.7359252,1.5877676,0.0,0.0,0.0,22.777779,3
3,19,6,0,22.777779,41.764133,0.5666045,0.0,1.0692633,0.0,0.0,0.0,22.777779,3
3,20,6,0,22.777779,41.78876,0.53375316,0.0,0.9717901,0.0,0.0,0.0,22.777779,3
3,21,6,0,22.777779,41.868816,0.5323292,0.0,0.96047544,0.0,0.0,0.0,22.777779,3
3,22,6,0,22.777779,41.960876,0.5309052,0.0,0.9128475,0.0,0.0,0.0,22.777779,3
3,23,6,0,22.777779,42.081917,0.5280572,0.0,0.80882955,0.0,0.0,0.0,22.777779,3
3,24,6,0,22.777779,42.169155,0.52378523,0.0,0.7151265,0.0,0.0,0.0,22.777779,3
3,1,7,0,22.777779,42.457993,0.5223613,0.0,0.62781584,0.0,0.0,1.0,22.777779,3
3,2,7,0,22.777779,42.61222,0.52093726,0.0,0.49490497,0.0,0.0,1.0,22.777779,3
3,3,7,0,22.777779,42.749603,0.51951325,0.0,0.4463867,0.0,0.0,1.0,22.777779,3
3,4,7,0,22.777779,42.92213,0.5180893,0.0,0.37587658,0.0,0.0,1.0,22.777779,3
3,5,7,0,22.777779,43.069424,0.5166653,0.0,0.34440508,0.0,0.0,1.0,22.777779,3
3,6,7,0,22.777779,43.38209,0.5166653,0.0,0.31802008,0.0,0.0,1.0,22.777779,3
3,7,7,0,22.777779,43.47098,0.51951325,0.0,0.32984698,0.0,0.0,1.0,22.777779,3
3,8,7,0,22.777779,44.441483,0.82713985,0.0,0.46633184,0.0,0.0,1.0,22.777779,3
3,9,7,0,22.777779,43.685463,0.8442514,0.0,0.50402987,0.0,0.0,1.0,22.777779,3
3,10,7,0,22.777779,43.729576,0.52378523,0.0,0.36548665,0.0,0.0,0.0,22.777779,3
3,11,7,0,22.777779,43.760113,0.5223613,0.0,0.48764384,0.0,0.0,0.0,22.777779,3
3,12,7,0,22.777779,43.862526,0.5223613,0.0,0.50985223,0.0,0.0,0.0,22.777779,3
3,13,7,0,22.777779,44.015564,0.52520925,0.6817021,0.6768478,0.0,0.0,0.0,22.777779,3
3,14,7,0,22.777779,44.16287,0.52520925,0.0,0.7953035,0.0,0.0,0.0,22.777779,3
3,15,7,0,22.777779,44.368317,0.84245795,0.0,1.062924,0.0,0.0,1.0,22.777779,3
3,16,7,0,22.777779,44.51505,0.87122124,0.0,1.1656834,0.0,0.0,1.0,22.777779,3
3,17,7,0,22.777779,45.175972,0.5280572,0.0,1.2536645,0.0,0.0,0.0,22.777779,3
3,18,7,0,22.777779,45.76745,0.5637565,0.0,1.1301469,0.0,0.0,0.0,22.777779,3
3,19,7,0,22.777779,45.811096,0.5666045,0.0,0.90985763,0.0,0.0,0.0,22.777779,3
3,20,7,0,22.777779,46.128635,1.1007931,3.4084167,1.4205741,0.0,0.0,1.0,22.777779,3
3,21,7,0,22.777779,46.68918,1.1033726,4.5759783,3.2343187,0.0,0.0,1.0,22.777779,3
3,22,7,0,22.777779,46.74319,1.0594041,0.0,1.0636758,0.0,0.0,1.0,22.777779,3
3,23,7,0,22.777779,46.798214,0.8551506,0.0,0.8779966,0.0,0.0,1.0,22.777779,3
3,24,7,0,22.777779,46.93543,0.6768194,0.0,0.7234581,0.0,0.0,1.0,22.777779,3
3,1,1,0,22.777779,47.03049,0.6101621,0.0,0.5753086,0.0,0.0,1.0,22.777779,3
3,2,1,0,22.777779,47.268673,0.5609091,0.0,0.4372076,0.0,0.0,1.0,22.777779,3
3,3,1,0,22.777779,47.47174,0.5361922,0.0,0.3871437,0.0,0.0,1.0,22.777779,3
3,4,1,0,22.777779,47.586014,0.5180893,1.3587826,0.4444832,0.0,0.0,1.0,22.777779,3
3,5,1,0,22.777779,47.875713,0.5166653,0.0,0.0,0.09439608,0.0,0.0,22.777779,3
3,6,1,0,22.777779,47.483944,0.5166653,0.6793886,0.0,0.09831785,0.0,0.0,22.777779,3
3,7,1,0,22.777779,46.80089,0.51951325,3.3969576,0.090177566,0.0,0.0,0.0,22.777779,3
3,8,1,0,22.777779,46.267544,0.5223613,0.0,0.0,0.041298237,0.0,0.0,22.777779,3
3,9,1,0,22.777779,45.40314,0.52378523,0.0,0.081163086,0.0,0.0,0.0,22.777779,3
3,10,1,0,22.777779,43.876606,0.52378523,0.0,0.43569475,0.0,0.0,0.0,22.777779,3
3,11,1,0,22.777779,43.85609,0.5223613,0.0,0.81178486,0.0,0.0,0.0,22.777779,3
3,12,1,0,23.499243,41.807743,0.5223613,0.0,0.51099545,0.0,0.0,0.0,23.5,3
3,13,1,0,24.995966,38.150032,0.52520925,0.0,0.0,0.27883187,0.0,0.0,25.0,3
3,14,1,0,24.999992,37.98118,0.52520925,0.0,0.330212,0.0,0.0,0.0,25.0,3
3,15,1,0,25.0,37.881275,0.52520925,0.0,0.5237768,0.0,0.0,0.0,25.0,3
3,16,1,0,23.389643,41.602318,0.52378523,0.0,1.6344666,0.0,0.0,0.0,23.333334,3
3,17,1,0,24.828316,37.496246,0.5280572,0.0,0.5238855,0.0,0.0,0.0,24.833334,3
3,18,1,0,24.999851,36.67238,0.5637565,0.0,0.52068716,0.0,0.0,0.0,25.0,3
3,19,1,0,23.732847,39.054996,0.5666045,0.0,1.161494,0.0,0.0,0.0,23.722221,3
3,20,1,0,22.784555,40.610855,0.53375316,0.0,1.6003964,0.0,0.0,0.0,22.777779,3
3,21,1,0,22.777805,39.693604,0.5323292,0.0,1.0883834,0.0,0.0,0.0,22.777779,3
3,22,1,0,22.777779,39.05045,0.5309052,0.0,0.57920307,0.0,0.0,0.0,22.777779,3
3,23,1,0,22.777779,38.76139,0.8551506,0.0,0.5851307,0.0,0.0,1.0,22.777779,3
3,24,1,0,22.777779,39.424213,0.6768194,7.121218,3.7682693,0.0,0.0,1.0,22.777779,3
3,1,2,0,22.777779,39.364708,0.5223613,0.0,0.46928114,0.0,0.0,1.0,22.777779,3
3,2,2,0,22.777779,39.385834,0.52093726,0.0,0.28086802,0.0,0.0,1.0,22.777779,3
3,3,2,0,22.777779,39.379307,0.51951325,0.0,0.1588198,0.0,0.0,1.0,22.777779,3
3,4,2,0,22.777779,39.37145,0.5180893,0.6770394,0.088135414,0.0,0.0,1.0,22.777779,3
3,5,2,0,22.777779,39.35566,0.5166653,0.0,0.0,0.039633214,0.0,1.0,22.777779,3
3,6,2,0,22.777779,39.253635,0.5830481,0.0,0.0,0.13264377,0.0,1.0,22.777779,3
3,7,2,0,22.777779,39.301308,0.7185225,1.4628607,0.5670454,0.0,0.0,1.0,22.777779,3
3,8,2,0,23.93913,37.07809,0.82713985,3.1952705,0.8434588,0.0,0.0,1.0,23.944445,3
3,9,2,0,24.995077,34.743347,0.8442514,0.0,0.0,1.2113931,0.0,1.0,25.0,3
3,10,2,0,24.999987,35.153217,0.8413945,4.43251,1.6764582,0.0,0.0,1.0,25.0,3
3,11,2,0,25.0,35.147564,0.83555907,0.0,0.15921256,0.0,0.0,1.0,25.0,3
3,12,2,0,25.0,35.14893,0.5223613,0.0,0.18910258,0.0,0.0,1.0,25.0,3
3,13,2,0,25.0,35.121227,0.52520925,0.0,0.25660604,0.0,0.0,0.0,25.0,3
3,14,2,0,25.0,35.102905,0.52520925,0.0,0.3801566,0.0,0.0,0.0,25.0,3
3,15,2,0,25.0,35.089615,0.52520925,0.6770437,0.6010671,0.0,0.0,0.0,25.0,3
3,16,2,0,24.89059,35.280094,0.52378523,0.0,0.7921489,0.0,0.0,0.0,24.88889,3
3,17,2,0,22.844048,39.521336,0.5280572,0.0,1.9804877,0.0,0.0,0.0,22.777779,3
3,18,2,0,22.77816,39.277676,0.5637565,0.0,1.6398941,0.0,0.0,0.0,22.777779,3
3,19,2,0,22.777779,39.251766,1.106868,0.0,1.5690374,0.0,0.0,1.0,22.777779,3
3,20,2,0,22.777779,40.179874,4.415827,0.0,1.9480804,0.0,0.0,1.0,22.777779,3
3,21,2,0,22.777779,41.061207,4.414403,0.0,1.8358793,0.0,0.0,0.0,22.777779,3
3,22,2,0,22.777779,40.967484,0.5309052,0.0,0.8656382,0.0,0.0,0.0,22.777779,3
3,23,2,0,22.777779,41.01818,0.8551506,0.0,0.83949995,0.0,0.0,1.0,22.777779,3
3,24,2,0,22.777779,41.043488,0.52378523,0.0,0.44793338,0.0,0.0,1.0,22.777779,3
3,1,3,0,22.777779,40.86276,0.5223613,0.0,0.0,0.15854186,0.0,1.0,22.777779,3
3,2,3,0,22.777779,40.90425,0.52093726,0.0,0.030254908,0.0,0.0,1.0,22.777779,3
3,3,3,0,22.777779,40.918667,0.51951325,0.0,0.0,0.07627003,0.0,1.0,22.777779,3
3,4,3,0,22.777779,40.936844,0.5180893,0.0,0.0,0.14465243,0.0,1.0,22.777779,3
3,5,3,0,22.777779,40.902275,0.5166653,0.0,0.0,0.27570635,0.0,1.0,22.777779,3
3,6,3,0,22.777779,40.860653,0.5830481,0.0,0.0,0.31883892,0.0,1.0,22.777779,3
3,7,3,0,22.777779,40.780556,0.51951325,0.0,0.0,0.39130262,0.0,0.0,22.777779,3
3,8,3,0,22.777779,40.780167,0.82713985,0.0,0.005008525,0.0,0.0,1.0,22.777779,3
3,9,3,0,22.777779,40.648495,0.52378523,0.0,0.0,0.12037018,0.0,0.0,22.777779,3
3,10,3,0,22.777779,40.157055,0.52378523,0.0,0.101699665,0.0,0.0,0.0,22.777779,3
3,11,3,0,22.777779,39.44326,0.5223613,0.0,0.13651413,0.0,0.0,0.0,22.777779,3
3,12,3,0,23.720783,36.664265,0.5223613,0.0,0.0,0.26296818,0.0,0.0,23.722221,3
3,13,3,0,22.782854,37.928196,0.52520925,0.0,1.0820705,0.0,0.0,0.0,22.777779,3
3,14,3,0,22.777794,37.99101,0.8551435,0.0,1.1566329,0.0,0.0,1.0,22.777779,3
3,15,3,0,22.777779,38.38959,0.84245795,2.7770073,2.6193857,0.0,0.0,1.0,22.777779,3
3,16,3,0,22.777779,38.348297,0.52378523,0.0,1.2948531,0.0,0.0,0.0,22.777779,3
3,17,3,0,22.777779,38.30169,0.5280572,0.0,1.2408962,0.0,0.0,0.0,22.777779,3
3,18,3,0,22.777779,38.209923,0.5637565,0.0,1.1305399,0.0,0.0,0.0,22.777779,3
3,19,3,0,22.777779,38.018875,0.5666045,0.0,0.984294,0.0,0.0,0.0,22.777779,3
3,20,3,0,22.777779,37.524395,0.53375316,0.0,0.6341042,0.0,0.0,0.0,22.777779,3
3,21,3,0,22.777779,37.365807,0.5323292,0.0,0.5548355,0.0,0.0,0.0,22.777779,3
3,22,3,0,22.777779,37.224213,0.5309052,0.0,0.38669452,0.0,0.0,0.0,22.777779,3
3,23,3,0,22.777779,37.22386,0.5280572,0.0,0.21893412,0.0,0.0,0.0,22.777779,3
3,24,3,0,22.777779,37.25777,0.52378523,0.0,0.22413087,0.0,0.0,0.0,22.777779,3
3,1,4,0,22.777779,37.29487,0.5223613,0.0,0.3172491,0.0,0.0,0.0,22.777779,3
3,2,4,0,22.777779,37.375454,0.52093726,0.0,0.2236914,0.0,0.0,1.0,22.777779,3
3,3,4,0,22.777779,37.47252,0.51951325,0.0,0.1728403,0.0,0.0,1.0,22.777779,3
3,4,4,0,22.777779,37.550716,0.5180893,0.0,0.09041894,0.0,0.0,1.0,22.777779,3
3,5,4,0,22.777779,37.69824,0.5166653,0.0,0.0682525,0.0,0.0,1.0,22.777779,3
3,6,4,0,22.777779,37.843056,0.5830481,0.0,0.05960465,0.0,0.0,1.0,22.777779,3
3,7,4,0,22.777779,37.953094,0.51951325,0.0,0.0,0.0053846654,0.0,0.0,22.777779,3
3,8,4,0,22.777779,38.005604,0.5223613,0.0,0.14216143,0.0,0.0,0.0,22.777779,3
3,9,4,0,22.777779,38.071632,0.52378523,0.0,0.2901013,0.0,0.0,0.0,22.777779,3
3,10,4,0,22.777779,38.190434,0.52378523,0.6722678,0.63520414,0.0,0.0,0.0,22.777779,3
3,11,4,0,23.1665,37.381607,0.5223613,0.0,0.4704237,0.0,0.0,0.0,23.166666,3
3,12,4,0,24.993328,33.595108,0.5223613,0.0,0.0,0.5144995,0.0,0.0,25.0,3
3,13,4,0,25.0,33.66744,0.52520925,0.0,0.041583393,0.0,0.0,0.0,25.0,3
3,14,4,0,25.0,33.74953,0.52520925,0.0,0.36499545,0.0,0.0,0.0,25.0,3
3,15,4,0,25.0,33.924736,0.52520925,0.0,0.5639574,0.0,0.0,0.0,25.0,3
3,16,4,0,24.801533,34.466484,0.52378523,0.0,0.74104947,0.0,0.0,0.0,24.777779,3
3,17,4,0,22.817324,39.007088,0.5280572,0.0,2.0412571,0.0,0.0,0.0,22.777779,3
3,18,4,0,22.888365,39.16765,0.5637565,0.0,1.624089,0.0,0.0,0.0,22.88889,3
3,19,4,0,24.989325,34.512127,0.5666045,0.0,0.0,0.49670961,0.0,0.0,25.0,3
3,20,4,0,24.999992,34.533634,0.53375316,0.0,0.290182,0.0,0.0,0.0,25.0,3
3,21,4,0,25.0,35.169582,3.3791833,0.0,0.880825,0.0,0.0,0.0,25.0,3
3,22,4,0,25.0,35.21459,1.0594041,0.0,0.61801726,0.0,0.0,1.0,25.0,3
3,23,4,0,25.0,35.630016,0.5280572,3.4449515,1.9524155,0.0,0.0,0.0,25.0,3
3,24,4,0,25.0,36.172577,0.52378523,0.0,0.27670565,0.0,0.0,1.0,25.0,3
3,1,5,0,25.0,36.1968,0.5223613,0.0,0.18704003,0.0,0.0,1.0,25.0,3
3,2,5,0,25.0,36.405094,0.52093726,0.0,0.07258798,0.0,0.0,1.0,25.0,3
3,3,5,0,25.0,36.489223,0.51951325,0.0,0.020885095,0.0,0.0,1.0,25.0,3
3,4,5,0,25.0,36.72212,0.5180893,0.0,0.0,0.025763776,0.0,1.0,25.0,3
3,5,5,0,25.0,36.94183,0.5166653,0.0,0.0,0.07575633,0.0,0.0,25.0,3
3,6,5,0,25.0,37.117695,0.5166653,0.0,0.0,0.104995124,0.0,0.0,25.0,3
3,7,5,0,25.0,37.301777,0.51951325,0.0,0.0,0.073052265,0.0,0.0,25.0,3
3,8,5,0,25.0,37.355995,0.5223613,0.0,0.0,0.034615606,0.0,0.0,25.0,3
3,9,5,0,25.0,37.43912,0.52378523,0.0,0.0,0.0046522813,0.0,0.0,25.0,3
3,10,5,0,25.0,37.50495,0.52378523,0.0,0.07250899,0.0,0.0,0.0,25.0,3
3,11,5,0,25.0,37.719322,0.5223613,0.0,0.117465444,0.0,0.0,0.0,25.0,3
3,12,5,0,25.0,37.96458,0.5223613,0.0,0.20511587,0.0,0.0,0.0,25.0,3
3,13,5,0,25.0,38.046555,0.52520925,0.0,0.27459863,0.0,0.0,0.0,25.0,3
3,14,5,0,25.0,38.15586,0.52520925,0.0,0.40946966,0.0,0.0,0.0,25.0,3
3,15,5,0,23.954855,40.735558,0.52520925,0.0,0.9643615,0.0,0.0,0.0,23.944445,3
3,16,5,0,22.803188,43.8002,0.52378523,0.0,1.9074498,0.0,0.0,0.0,22.777779,3
3,17,5,0,22.778599,44.2732,0.5280572,0.0,1.7490774,0.0,0.0,0.0,22.777779,3
3,18,5,0,22.7778,45.104664,0.5637565,0.0,1.3740402,0.0,0.0,0.0,22.777779,3
3,19,5,0,22.777779,45.09152,0.5666045,0.0,1.0973274,0.0,0.0,0.0,22.777779,3
3,20,5,0,22.777779,46.212112,0.53375316,0.0,0.8919333,0.0,0.0,0.0,22.777779,3
3,21,5,0,22.777779,47.02981,0.5323292,0.0,0.6651084,0.0,0.0,0.0,22.777779,3
3,22,5,0,22.777779,46.976852,0.5309052,0.0,0.8756659,0.0,0.0,0.0,22.777779,3
3,23,5,0,22.777779,47.079414,0.5280572,0.0,0.82145345,0.0,0.0,1.0,22.777779,3
3,24,5,0,22.777779,47.19395,0.52378523,0.0,0.7644145,0.0,0.0,1.0,22.777779,3
3,1,6,0,22.777779,47.393738,0.5223613,0.0,0.65847355,0.0,0.0,1.0,22.777779,3
3,2,6,0,22.777779,47.649178,0.52093726,0.0,0.551572,0.0,0.0,1.0,22.777779,3
3,3,6,0,22.777779,47.912926,0.51951325,0.0,0.5109617,0.0,0.0,1.0,22.777779,3
3,4,6,0,22.777779,48.185745,0.5180893,0.0,0.47274333,0.0,0.0,1.0,22.777779,3
3,5,6,0,22.777779,48.408466,0.5166653,0.0,0.4068208,0.0,0.0,0.0,22.777779,3
3,6,6,0,22.777779,48.564663,0.5166653,0.0,0.40377915,0.0,0.0,0.0,22.777779,3
3,7,6,0,22.777779,48.72412,0.51951325,0.0,0.42042628,0.0,0.0,0.0,22.777779,3
3,8,6,0,22.777779,48.740997,0.5223613,0.0,0.46329463,0.0,0.0,0.0,22.777779,3
3,9,6,0,22.777779,48.79383,0.52378523,0.0,0.48859182,0.0,0.0,0.0,22.777779,3
3,10,6,0,22.777779,48.914436,0.8413945,0.0,0.7004872,0.0,0.0,1.0,22.777779,3
3,11,6,0,24.192488,45.653767,0.83555907,4.7195063,2.2064707,0.0,0.0,1.0,24.222221,3
3,12,6,0,24.998003,43.580696,0.84329283,0.0,0.0,0.16109934,0.0,1.0,25.0,3
3,13,6,0,24.170515,45.952744,0.854906,0.0,1.0578977,0.0,0.0,1.0,24.166666,3
3,14,6,0,23.889526,46.854183,0.52520925,0.6673663,1.0096204,0.0,0.0,0.0,23.88889,3
3,15,6,0,24.997808,43.961838,0.52520925,0.0,0.4592993,0.0,0.0,0.0,25.0,3
3,16,6,0,24.999975,44.021473,0.52378523,0.0,0.58821994,0.0,0.0,0.0,25.0,3
3,17,6,0,25.0,44.46483,0.5280572,0.66734135,0.9367796,0.0,0.0,0.0,25.0,3
3,18,6,0,22.931368,50.765587,0.5637565,0.0,2.1073356,0.0,0.0,0.0,22.88889,3
3,19,6,0,22.77871,51.255234,0.5666045,0.0,1.8242635,0.0,0.0,0.0,22.777779,3
3,20,6,0,22.777782,51.3122,0.53375316,0.0,1.4812896,0.0,0.0,0.0,22.777779,3
3,21,6,0,22.777779,51.343246,0.5323292,0.0,1.2877377,0.0,0.0,0.0,22.777779,3
3,22,6,0,22.777779,51.384106,0.5309052,0.0,1.1681751,0.0,0.0,0.0,22.777779,3
3,23,6,0,22.777779,51.440384,0.5280572,0.0,1.0515957,0.0,0.0,0.0,22.777779,3
3,24,6,0,22.777779,51.53177,0.52378523,0.0,0.9380283,0.0,0.0,0.0,22.777779,3
3,1,7,0,22.777779,51.58409,0.5223613,0.0,0.8084635,0.0,0.0,0.0,22.777779,3
3,2,7,0,22.777779,51.711567,0.52093726,0.0,0.6391135,0.0,0.0,0.0,22.777779,3
3,3,7,0,22.777779,51.88473,0.51951325,0.0,0.6135878,0.0,0.0,0.0,22.777779,3
3,4,7,0,22.777779,52.06689,0.5180893,0.0,0.567404,0.0,0.0,0.0,22.777779,3
3,5,7,0,22.777779,52.158646,0.5166653,0.0,0.56530774,0.0,0.0,1.0,22.777779,3
3,6,7,0,22.777779,52.68748,0.5830481,3.7576926,2.370123,0.0,0.0,1.0,22.777779,3
3,7,7,0,22.777779,53.59522,0.7185225,4.0039763,2.5471988,0.0,0.0,1.0,22.777779,3
3,8,7,0,22.777779,54.188934,0.82713985,0.0,0.71826917,0.0,0.0,1.0,22.777779,3
3,9,7,0,22.777779,54.128746,0.52378523,0.0,0.5807179,0.0,0.0,0.0,22.777779,3
3,10,7,0,22.777779,54.16999,0.52378523,0.0,0.6060823,0.0,0.0,0.0,22.777779,3
3,11,7,0,22.777779,54.262436,0.5223613,0.0,0.6508953,0.0,0.0,0.0,22.777779,3
3,12,7,0,22.777779,54.38246,0.5223613,0.664862,0.706248,0.0,0.0,0.0,22.777779,3
3,13,7,0,22.777779,54.48659,0.52520925,0.0,0.6725448,0.0,0.0,0.0,22.777779,3
3,14,7,0,22.777779,54.577255,0.8551435,0.0,0.8712717,0.0,0.0,1.0,22.777779,3
3,15,7,0,22.777779,54.62124,0.84245795,0.0,0.9382655,0.0,0.0,1.0,22.777779,3
3,16,7,0,22.777779,54.98699,0.52378523,0.0,0.84960854,0.0,0.0,1.0,22.777779,3
3,17,7,0,22.777779,55.38196,0.5280572,0.0,1.0335282,0.0,0.0,1.0,22.777779,3
3,18,7,0,22.777779,55.8499,0.5637565,2.659489,1.2365794,0.0,0.0,1.0,22.777779,3
3,19,7,0,22.777779,55.810795,0.5666045,0.6648705,0.9073432,0.0,0.0,0.0,22.777779,3
3,20,7,0,22.777779,55.821255,0.53375316,0.0,0.85502964,0.0,0.0,0.0,22.777779,3
3,21,7,0,22.777779,55.882603,0.5323292,0.0,0.8296764,0.0,0.0,0.0,22.777779,3
3,22,7,0,22.777779,55.846977,0.5309052,0.0,0.81202924,0.0,0.0,0.0,22.777779,3
3,23,7,0,22.777779,55.881702,0.8551506,0.0,0.91334075,0.0,0.0,1.0,22.777779,3
3,24,7,0,22.777779,55.961308,0.6768194,0.0,0.7841658,0.0,0.0,1.0,22.777779,3
3,1,1,0,22.777779,56.014874,0.5223613,0.0,0.6184536,0.0,0.0,1.0,22.777779,3
3,2,1,0,22.777779,56.149826,0.52093726,0.0,0.519575,0.0,0.0,1.0,22.777779,3
3,3,1,0,22.777779,56.4281,0.51951325,0.0,0.4550164,0.0,0.0,1.0,22.777779,3
3,4,1,0,22.777779,56.657673,0.5180893,0.0,0.440651,0.0,0.0,1.0,22.777779,3
3,5,1,0,22.777779,56.8044,0.5166653,0.0,0.44754827,0.0,0.0,1.0,22.777779,3
3,6,1,0,22.777779,56.922806,0.5166653,0.0,0.4330301,0.0,0.0,1.0,22.777779,3
3,7,1,0,22.777779,57.02826,0.7185225,0.0,0.5213282,0.0,0.0,1.0,22.777779,3
3,8,1,0,24.210903,52.33146,0.5223613,0.0,0.0,0.3543345,0.0,0.0,24.222221,3
3,9,1,0,24.99577,49.987545,0.52378523,0.0,0.0,0.57298607,0.0,0.0,25.0,3
3,10,1,0,25.0,50.053406,0.52378523,0.0,0.029488062,0.0,0.0,0.0,25.0,3
3,11,1,0,25.0,50.147923,0.5223613,1.987012,0.55155176,0.0,0.0,0.0,25.0,3
3,12,1,0,25.0,50.19301,0.5223613,0.0,0.5477971,0.0,0.0,0.0,25.0,3
3,13,1,0,25.0,50.198772,0.52520925,0.0,0.61588705,0.0,0.0,0.0,25.0,3
3,14,1,0,25.0,50.226208,0.52520925,0.0,0.80497265,0.0,0.0,0.0,25.0,3
3,15,1,0,23.54063,54.68245,0.52520925,0.0,1.8883322,0.0,0.0,0.0,23.5,3
3,16,1,0,22.805351,56.93261,0.52378523,0.0,2.5379403,0.0,0.0,0.0,22.777779,3
3,17,1,0,22.77853,56.597797,0.5280572,0.0,2.192227,0.0,0.0,0.0,22.777779,3
3,18,1,0,22.777784,56.443295,0.5637565,0.0,1.8307422,0.0,0.0,0.0,22.777779,3
3,19,1,0,22.777779,56.299454,0.5666045,0.0,1.4647142,0.0,0.0,0.0,22.777779,3
3,20,1,0,22.777779,56.186337,0.53375316,0.0,1.3404429,0.0,0.0,0.0,22.777779,3
3,21,1,0,22.777779,56.101994,0.5323292,0.0,1.2345709,0.0,0.0,0.0,22.777779,3
3,22,1,0,22.777779,56.095146,1.0594041,0.0,1.4362148,0.0,0.0,1.0,22.777779,3
3,23,1,0,22.777779,56.21459,0.5280572,1.059986,1.6482755,0.0,0.0,1.0,22.777779,3
3,24,1,0,22.777779,56.415684,0.52378523,0.0,0.9954411,0.0,0.0,1.0,22.777779,3
3,1,2,0,22.777779,56.496716,0.5223613,0.0,0.8436753,0.0,0.0,1.0,22.777779,3
3,2,2,0,22.777779,56.600212,0.52093726,1.9793928,0.88477665,0.0,0.0,1.0,22.777779,3
3,3,2,0,22.777779,56.745712,0.51951325,0.0,0.686307,0.0,0.0,1.0,22.777779,3
3,4,2,0,22.777779,56.780777,0.5180893,0.0,0.621655,0.0,0.0,1.0,22.777779,3
3,5,2,0,22.777779,56.822556,0.5166653,0.0,0.5775989,0.0,0.0,1.0,22.777779,3
3,6,2,0,22.777779,56.853,0.5166653,0.0,0.5603865,0.0,0.0,1.0,22.777779,3
3,7,2,0,22.777779,56.891342,0.7185225,0.0,0.64209145,0.0,0.0,1.0,22.777779,3
3,8,2,0,23.163769,55.620377,0.82713985,0.0,0.53874594,0.0,0.0,1.0,23.166666,3
3,9,2,0,24.988676,49.987198,0.8442514,0.0,0.0,0.34239206,0.0,1.0,25.0,3
3,10,2,0,24.999996,50.09614,0.8413945,0.0,0.2785764,0.0,0.0,1.0,25.0,3
3,11,2,0,25.0,50.232655,0.83555907,1.3195763,0.6682257,0.0,0.0,1.0,25.0,3
3,12,2,0,25.0,50.32716,0.5223613,0.0,0.42737383,0.0,0.0,0.0,25.0,3
3,13,2,0,25.0,50.333675,0.52520925,0.0,0.4648612,0.0,0.0,0.0,25.0,3
3,14,2,0,25.0,50.358727,0.52520925,0.0,0.51655227,0.0,0.0,0.0,25.0,3
3,15,2,0,23.281998,55.730255,0.52520925,0.0,1.4725624,0.0,0.0,0.0,23.222221,3
3,16,2,0,22.82134,57.16884,0.52378523,0.0,1.6846373,0.0,0.0,0.0,22.777779,3
3,17,2,0,22.778116,57.966248,3.760889,4.5929637,4.0178514,0.0,0.0,1.0,22.777779,3
3,18,2,0,22.777782,58.77402,4.9175262,0.0,1.9491504,0.0,0.0,1.0,22.777779,3
3,19,2,0,22.777779,58.57469,0.8254094,0.0,1.0751292,0.0,0.0,0.0,22.777779,3
3,20,2,0,22.777779,58.404995,0.53375316,0.0,0.86994195,0.0,0.0,0.0,22.777779,3
3,21,2,0,22.777779,58.27635,1.1033726,1.9793857,1.2591648,0.0,0.0,1.0,22.777779,3
3,22,2,0,22.777779,58.06053,1.0594041,0.0,1.0426995,0.0,0.0,1.0,22.777779,3
3,23,2,0,22.777779,58.08684,0.5280572,0.0,0.7528177,0.0,0.0,1.0,22.777779,3
3,24,2,0,22.777779,58.090984,0.52378523,0.0,0.6400718,0.0,0.0,1.0,22.777779,3
3,1,3,0,22.777779,58.123768,0.5223613,0.0,0.52198184,0.0,0.0,1.0,22.777779,3
3,2,3,0,22.777779,58.1555,0.52093726,0.0,0.38718557,0.0,0.0,1.0,22.777779,3
3,3,3,0,22.777779,58.19663,0.51951325,0.0,0.2881476,0.0,0.0,1.0,22.777779,3
3,4,3,0,22.777779,58.17388,0.5180893,0.0,0.187801,0.0,0.0,1.0,22.777779,3
3,5,3,0,22.777779,58.14868,0.5166653,0.0,0.20569521,0.0,0.0,1.0,22.777779,3
3,6,3,0,22.777779,58.12474,0.5166653,0.0,0.20671192,0.0,0.0,1.0,22.777779,3
3,7,3,0,22.777779,58.160122,1.1566184,0.0,0.47666377,0.0,0.0,1.0,22.777779,3
3,8,3,0,24.265667,53.436573,0.82713985,7.0039563,0.0,0.36644644,0.0,1.0,24.277779,3
3,9,3,0,24.996952,51.5481,16.375853,0.0,0.15157819,0.0,0.0,0.0,25.0,3
3,10,3,0,25.0,52.010773,0.52378523,0.0,0.0,0.33415407,0.0,0.0,25.0,3
3,11,3,0,25.0,51.983616,0.5223613,2.6288948,0.0,0.02528164,0.0,0.0,25.0,3
3,12,3,0,25.0,52.01728,0.5223613,0.65721834,0.0,0.048462123,0.0,0.0,25.0,3
3,13,3,0,25.0,52.051662,0.52520925,0.0,0.088713914,0.0,0.0,0.0,25.0,3
3,14,3,0,25.0,52.117985,0.52520925,0.0,0.24736463,0.0,0.0,0.0,25.0,3
3,15,3,0,24.778284,52.769337,0.52520925,0.0,0.45485863,0.0,0.0,0.0,24.777779,3
3,16,3,0,22.825956,59.177544,0.52378523,0.0,1.400999,0.0,0.0,0.0,22.777779,3
3,17,3,0,22.777779,59.112827,0.5280572,0.0,1.0580962,0.0,0.0,0.0,22.777779,3
3,18,3,0,22.777779,59.100033,0.5637565,0.0,0.94619447,0.0,0.0,0.0,22.777779,3
3,19,3,0,22.777779,58.91518,0.5666045,0.0,0.92913884,0.0,0.0,0.0,22.777779,3
3,20,3,0,22.777779,58.626858,0.53375316,0.0,0.8397993,0.0,0.0,0.0,22.777779,3
3,21,3,0,22.777779,58.530693,0.5323292,0.0,0.8120948,0.0,0.0,0.0,22.777779,3
3,22,3,0,22.777779,58.398888,0.5309052,0.0,0.7901768,0.0,0.0,0.0,22.777779,3
3,23,3,0,22.777779,58.35442,0.5280572,0.0,0.63532716,0.0,0.0,0.0,22.777779,3
3,24,3,0,22.777779,58.343636,0.6768194,0.0,0.6740332,0.0,0.0,1.0,22.777779,3
3,1,4,0,22.777779,58.34187,0.5223613,0.0,0.5052141,0.0,0.0,1.0,22.777779,3
3,2,4,0,22.777779,58.34039,0.52093726,0.0,0.40641373,0.0,0.0,1.0,22.777779,3
3,3,4,0,22.777779,58.32798,0.51951325,0.0,0.33900487,0.0,0.0,1.0,22.777779,3
3,4,4,0,22.777779,58.43143,0.5180893,0.0,0.2804137,0.0,0.0,1.0,22.777779,3
3,5,4,0,22.777779,58.370438,0.5166653,0.0,0.24433917,0.0,0.0,1.0,22.777779,3
3,6,4,0,22.777779,59.18539,4.4651217,0.0,1.0016775,0.0,0.0,1.0,22.777779,3
3,7,4,0,22.777779,59.694397,0.51951325,0.0,0.27727222,0.0,0.0,0.0,22.777779,3
3,8,4,0,22.777779,59.359024,0.5223613,0.0,0.28761882,0.0,0.0,0.0,22.777779,3
3,9,4,0,22.777779,59.38435,0.8442514,0.0,0.48539624,0.0,0.0,1.0,22.777779,3
3,10,4,0,22.777779,59.321278,0.8413945,0.0,0.6082236,0.0,0.0,1.0,22.777779,3
3,11,4,0,22.777779,59.83823,0.83555907,0.0,0.8916877,0.0,0.0,1.0,22.777779,3
3,12,4,0,22.777779,59.103516,0.5223613,0.0,0.8146924,0.0,0.0,0.0,22.777779,3
3,13,4,0,22.777779,58.99133,0.52520925,0.0,0.8713516,0.0,0.0,0.0,22.777779,3
3,14,4,0,22.777779,58.754852,0.52520925,0.6546205,1.0474954,0.0,0.0,0.0,22.777779,3
3,15,4,0,22.777779,58.476074,0.52520925,0.65461504,1.254908,0.0,0.0,0.0,22.777779,3
3,16,4,0,22.777779,58.22035,0.52378523,0.0,1.358835,0.0,0.0,0.0,22.777779,3
3,17,4,0,22.777779,57.35559,0.5280572,0.0,1.5456747,0.0,0.0,0.0,22.777779,3
3,18,4,0,22.99937,55.883717,0.5637565,0.0,1.2772671,0.0,0.0,0.0,23.0,3
3,19,4,0,24.992596,49.4898,0.5666045,0.0,0.0,0.4321358,0.0,0.0,25.0,3
3,20,4,0,24.999998,49.382835,0.53375316,0.0,0.3033808,0.0,0.0,0.0,25.0,3
3,21,4,0,25.0,49.35428,0.5323292,0.0,0.39686775,0.0,0.0,0.0,25.0,3
3,22,4,0,23.62337,53.524242,0.5309052,0.0,1.0729349,0.0,0.0,0.0,23.61111,3
3,23,4,0,22.787048,56.204895,0.5280572,0.0,1.4031632,0.0,0.0,0.0,22.777779,3
3,24,4,0,22.777855,56.1868,0.52378523,0.0,0.966937,0.0,0.0,0.0,22.777779,3
3,1,5,0,22.777779,55.939674,0.5223613,0.0,0.27072385,0.0,0.0,1.0,22.777779,3
3,2,5,0,22.777779,55.7813,0.52093726,0.0,0.039573368,0.0,0.0,1.0,22.777779,3
3,3,5,0,22.777779,55.366802,0.51951325,0.0,0.0,0.013976869,0.0,1.0,22.777779,3
3,4,5,0,22.777779,55.452774,0.5180893,0.0,0.2328084,0.0,0.0,1.0,22.777779,3
3,5,5,0,22.777779,55.413727,0.5166653,0.0,0.1708403,0.0,0.0,1.0,22.777779,3
3,6,5,0,22.777779,55.61479,0.5830481,2.0802808,1.1523947,0.0,0.0,1.0,22.777779,3
3,7,5,0,22.777779,55.647957,0.51951325,0.0,0.06195226,0.0,0.0,0.0,22.777779,3
3,8,5,0,23.879091,51.79641,0.5223613,0.0,0.0,0.8043146,0.0,0.0,23.88889,3
3,9,5,0,24.995516,47.989124,0.52378523,0.0,0.0,1.7060794,0.0,0.0,25.0,3
3,10,5,0,24.999996,47.31135,0.52378523,1.303981,0.0,1.011382,0.0,0.0,25.0,3
3,11,5,0,25.0,46.761635,0.5223613,0.0,0.0,0.5143259,0.0,0.0,25.0,3
3,12,5,0,25.0,46.116932,0.5223613,0.0,0.0,0.34981245,0.0,0.0,25.0,3
3,13,5,0,23.510883,49.961205,0.52520925,0.0,0.84985083,0.0,0.0,0.0,23.5,3
3,14,5,0,22.784359,51.858864,0.52520925,0.0,1.4636699,0.0,0.0,0.0,22.777779,3
3,15,5,0,22.777853,51.929203,0.52520925,0.0,1.3885218,0.0,0.0,0.0,22.777779,3
3,16,5,0,22.777779,51.721027,0.52378523,0.0,1.3483918,0.0,0.0,0.0,22.777779,3
3,17,5,0,22.777779,51.506374,0.5280572,0.0,1.2520947,0.0,0.0,0.0,22.777779,3
3,18,5,0,22.777779,51.08246,0.5637565,0.0,1.0169139,0.0,0.0,0.0,22.777779,3
3,19,5,0,22.777779,50.899807,0.5666045,0.0,0.9256668,0.0,0.0,0.0,22.777779,3
3,20,5,0,22.777779,50.639896,0.53375316,0.0,0.8040608,0.0,0.0,0.0,22.777779,3
3,21,5,0,22.777779,50.412342,0.5323292,0.0,0.6762342,0.0,0.0,0.0,22.777779,3
3,22,5,0,22.777779,50.228233,0.5309052,0.0,0.6436657,0.0,0.0,0.0,22.777779,3
3,23,5,0,22.777779,50.061573,0.8551506,0.0,0.6289514,0.0,0.0,1.0,22.777779,3
3,24,5,0,22.777779,49.965164,0.52378523,0.0,0.3854565,0.0,0.0,1.0,22.777779,3
3,1,6,0,22.777779,50.043583,0.5223613,0.0,0.5488787,0.0,0.0,1.0,22.777779,3
3,2,6,0,22.777779,50.101852,0.52093726,0.0,0.40438122,0.0,0.0,1.0,22.777779,3
3,3,6,0,22.777779,50.179626,0.51951325,0.0,0.30180234,0.0,0.0,1.0,22.777779,3
3,4,6,0,22.777779,50.23025,0.5180893,0.0,0.25050834,0.0,0.0,1.0,22.777779,3
3,5,6,0,22.777779,50.270706,0.5166653,0.0,0.24891283,0.0,0.0,1.0,22.777779,3
3,6,6,0,22.777779,50.40615,0.5166653,0.0,0.27135253,0.0,0.0,1.0,22.777779,3
3,7,6,0,22.777779,50.46509,0.51951325,0.0,0.32336885,0.0,0.0,1.0,22.777779,3
3,8,6,0,22.777779,50.55076,0.82713985,0.0,0.45454153,0.0,0.0,1.0,22.777779,3
3,9,6,0,22.777779,50.62985,0.8442514,0.0,0.50573313,0.0,0.0,1.0,22.777779,3
3,10,6,0,22.777779,50.85931,0.8413945,0.0,0.56684434,0.0,0.0,1.0,22.777779,3
3,11,6,0,22.777779,50.879505,0.5223613,0.0,0.6647362,0.0,0.0,0.0,22.777779,3
3,12,6,0,22.777779,50.998363,0.5223613,1.298682,0.8904966,0.0,0.0,0.0,22.777779,3
3,13,6,0,24.108877,47.09853,0.52520925,0.0,0.0,0.24688554,0.0,0.0,24.11111,3
3,14,6,0,23.503145,48.961002,0.52520925,3.2466576,1.2358032,0.0,0.0,0.0,23.5,3
3,15,6,0,24.994137,44.825214,0.52520925,0.0,0.27107954,0.0,0.0,0.0,25.0,3
3,16,6,0,24.999853,44.847237,0.52378523,0.0,0.62150174,0.0,0.0,0.0,25.0,3
3,17,6,0,24.999998,44.90867,0.5280572,0.0,0.73558927,0.0,0.0,0.0,25.0,3
3,18,6,0,25.0,44.9716,0.5637565,0.0,0.719932,0.0,0.0,0.0,25.0,3
3,19,6,0,25.0,45.101093,0.5666045,0.0,0.69488466,0.0,0.0,0.0,25.0,3
3,20,6,0,25.0,45.17973,1.1007931,0.64934295,1.0029098,0.0,0.0,1.0,25.0,3
3,21,6,0,25.0,45.205208,1.1033726,0.0,0.94127136,0.0,0.0,1.0,25.0,3
3,22,6,0,23.522825,49.436417,0.5309052,0.0,1.5630813,0.0,0.0,1.0,23.5,3
3,23,6,0,22.789377,51.747444,0.5280572,0.0,1.7529353,0.0,0.0,1.0,22.777779,3
3,24,6,0,22.777985,51.844017,0.52378523,0.0,1.2612641,0.0,0.0,1.0,22.777779,3
4,1,7,0,22.77778,52.044857,0.5223613,0.0,0.9163665,0.0,0.0,1.0,22.777779,3
4,2,7,0,22.777779,52.275875,0.52093726,0.0,0.6864234,0.0,0.0,1.0,22.777779,3
4,3,7,0,22.777779,52.566185,0.51951325,0.0,0.56087655,0.0,0.0,1.0,22.777779,3
4,4,7,0,22.777779,52.672024,0.5180893,0.0,0.4737861,0.0,0.0,1.0,22.777779,3
4,5,7,0,22.777779,53.059513,0.5166653,0.0,0.4253402,0.0,0.0,1.0,22.777779,3
4,6,7,0,22.777779,52.82456,0.5166653,0.0,0.3931069,0.0,0.0,1.0,22.777779,3
4,7,7,0,22.777779,52.89655,0.51951325,0.0,0.3819358,0.0,0.0,1.0,22.777779,3
4,8,7,0,22.777779,53.0811,0.5223613,0.0,0.44978395,0.0,0.0,1.0,22.777779,3
4,9,7,0,22.777779,53.122227,0.83263206,0.0,0.6561176,0.0,0.0,1.0,22.777779,3
4,10,7,0,22.777779,53.164406,0.52378523,0.0,0.6851022,0.0,0.0,0.0,22.777779,3
4,11,7,0,22.777779,53.20009,0.5223613,0.0,0.76709545,0.0,0.0,0.0,22.777779,3
4,12,7,0,22.777779,53.264034,0.5223613,0.0,0.8327304,0.0,0.0,0.0,22.777779,3
4,13,7,0,22.777779,53.798344,0.52520925,0.6466673,1.0080955,0.0,0.0,0.0,22.777779,3
4,14,7,0,22.777779,53.510025,0.52520925,0.0,1.1024522,0.0,0.0,0.0,22.777779,3
4,15,7,0,22.777779,53.607258,0.52520925,0.0,1.260383,0.0,0.0,0.0,22.777779,3
4,16,7,0,22.777779,53.695747,0.52378523,0.0,1.3177367,0.0,0.0,0.0,22.777779,3
4,17,7,0,22.777779,54.03299,0.5280572,0.0,1.4289306,0.0,0.0,0.0,22.777779,3
4,18,7,0,22.777779,54.331085,0.5637565,0.0,1.3689514,0.0,0.0,0.0,22.777779,3
4,19,7,0,22.777779,54.29881,0.5666045,0.0,1.1496933,0.0,0.0,0.0,22.777779,3
4,20,7,0,22.777779,54.26147,0.53375316,0.0,1.077281,0.0,0.0,0.0,22.777779,3
4,21,7,0,22.777779,54.302814,1.0227327,0.0,1.2816125,0.0,0.0,1.0,22.777779,3
4,22,7,0,22.777779,54.358135,1.0433279,0.0,1.2628559,0.0,0.0,1.0,22.777779,3
4,23,7,0,22.777779,54.41476,0.5280572,0.0,0.9497814,0.0,0.0,1.0,22.777779,3
4,24,7,0,22.777779,54.501263,0.52378523,0.0,0.8438086,0.0,0.0,1.0,22.777779,3
4,1,1,0,22.777779,54.64137,0.5223613,0.0,0.70589304,0.0,0.0,1.0,22.777779,3
4,2,1,0,22.777779,54.89313,0.52093726,0.0,0.5836504,0.0,0.0,1.0,22.777779,3
4,3,1,0,22.777779,55.09799,0.51951325,0.0,0.51794124,0.0,0.0,1.0,22.777779,3
4,4,1,0,22.777779,55.29187,0.5180893,0.0,0.46140712,0.0,0.0,1.0,22.777779,3
4,5,1,0,22.777779,55.28139,0.5166653,0.0,0.24880835,0.0,0.0,0.0,22.777779,3
4,6,1,0,22.777779,55.233,0.5166653,0.0,0.14809997,0.0,0.0,0.0,22.777779,3
4,7,1,0,22.777779,55.18315,0.51951325,0.0,0.15054612,0.0,0.0,0.0,22.777779,3
4,8,1,0,22.777779,55.14638,0.5223613,0.0,0.22399704,0.0,0.0,0.0,22.777779,3
4,9,1,0,22.777779,55.110645,0.52378523,0.0,0.30061275,0.0,0.0,0.0,22.777779,3
4,10,1,0,23.498724,52.765217,0.52378523,0.0,0.19249013,0.0,0.0,0.0,23.5,3
4,11,1,0,22.782574,55.176716,0.5223613,0.0,0.7223263,0.0,0.0,0.0,22.777779,3
4,12,1,0,23.33292,53.43583,0.5223613,0.0,0.43728927,0.0,0.0,0.0,23.333334,3
4,13,1,0,24.993782,48.481686,0.52520925,0.0,0.0,0.3498995,0.0,0.0,25.0,3
4,14,1,0,25.0,48.524715,0.52520925,0.0,0.17431696,0.0,0.0,0.0,25.0,3
4,15,1,0,25.0,48.557728,0.52520925,0.0,0.46470094,0.0,0.0,0.0,25.0,3
4,16,1,0,25.0,48.557907,0.52378523,0.0,0.5415281,0.0,0.0,0.0,25.0,3
4,17,1,0,25.0,48.80278,0.5280572,0.0,0.7305774,0.0,0.0,0.0,25.0,3
4,18,1,0,25.0,48.978363,0.5637565,0.0,0.6658813,0.0,0.0,0.0,25.0,3
4,19,1,0,25.0,48.954636,0.5666045,0.0,0.5922471,0.0,0.0,0.0,25.0,3
4,20,1,0,25.0,49.03214,0.53375316,0.0,0.5556319,0.0,0.0,0.0,25.0,3
4,21,1,0,25.0,49.05219,0.5323292,0.0,0.54238105,0.0,0.0,0.0,25.0,3
4,22,1,0,23.802826,52.653053,0.5309052,0.0,1.09419,0.0,0.0,0.0,23.777779,3
4,23,1,0,22.808489,55.896812,0.5280572,0.0,1.6151516,0.0,0.0,0.0,22.777779,3
4,24,1,0,22.77852,56.005383,0.52378523,0.0,1.1853639,0.0,0.0,0.0,22.777779,3
4,1,2,0,22.77779,56.03234,0.5223613,0.0,0.85736173,0.0,0.0,0.0,22.777779,3
4,2,2,0,22.777779,56.06869,0.5589856,0.0,0.7297473,0.0,0.0,1.0,22.777779,3
4,3,2,0,22.777779,56.236217,0.51951325,0.0,0.6272177,0.0,0.0,1.0,22.777779,3
4,4,2,0,22.777779,56.328312,0.5180893,0.0,0.55010146,0.0,0.0,1.0,22.777779,3
4,5,2,0,22.777779,56.42788,0.5166653,0.0,0.5025785,0.0,0.0,1.0,22.777779,3
4,6,2,0,22.777779,56.545757,0.5166653,0.0,0.4665161,0.0,0.0,1.0,22.777779,3
4,7,2,0,22.777779,56.675434,0.51951325,0.0,0.485903,0.0,0.0,1.0,22.777779,3
4,8,2,0,24.211475,52.039043,0.5223613,0.0,0.0,0.3275287,0.0,1.0,24.222221,3
4,9,2,0,24.992548,49.743717,0.83263206,0.0,0.0,0.423965,0.0,1.0,25.0,3
4,10,2,0,24.999998,49.799625,0.8267235,0.0,0.02917277,0.0,0.0,1.0,25.0,3
4,11,2,0,25.0,50.04214,0.82106084,2.4622602,1.501571,0.0,0.0,1.0,25.0,3
4,12,2,0,25.0,50.089863,0.5223613,0.0,0.23719019,0.0,0.0,0.0,25.0,3
4,13,2,0,25.0,50.189354,0.52520925,1.9237611,0.46238917,0.0,0.0,0.0,25.0,3
4,14,2,0,25.0,50.2246,0.52520925,0.0,0.32962602,0.0,0.0,0.0,25.0,3
4,15,2,0,25.0,50.265385,0.52520925,0.0,0.44938418,0.0,0.0,0.0,25.0,3
4,16,2,0,25.0,50.284924,0.52378523,0.0,0.597433,0.0,0.0,0.0,25.0,3
4,17,2,0,25.0,50.714966,0.5280572,1.9236959,0.8669922,0.0,0.0,0.0,25.0,3
4,18,2,0,24.613958,52.30153,0.5637565,0.0,0.80324817,0.0,0.0,0.0,24.61111,3
4,19,2,0,22.79771,57.965687,0.5666045,0.0,1.7107644,0.0,0.0,0.0,22.777779,3
4,20,2,0,22.777895,57.74742,0.53375316,0.0,1.4288514,0.0,0.0,0.0,22.777779,3
4,21,2,0,22.777779,57.463135,0.5323292,0.0,1.1230693,0.0,0.0,0.0,22.777779,3
4,22,2,0,22.777779,57.15604,0.5309052,0.0,0.96660405,0.0,0.0,0.0,22.777779,3
4,23,2,0,22.777779,56.63551,0.5280572,0.0,0.7395591,0.0,0.0,0.0,22.777779,3
4,24,2,0,22.777779,56.530396,0.52378523,0.0,0.58158237,0.0,0.0,0.0,22.777779,3
4,1,3,0,22.777779,55.406013,0.5223613,0.0,0.0,0.0043439176,0.0,0.0,22.777779,3
4,2,3,0,22.777779,53.55105,0.52093726,0.0,0.0,0.33114597,0.0,1.0,22.777779,3
4,3,3,0,22.777779,51.99584,0.51951325,0.0,0.0,0.262844,0.0,1.0,22.777779,3
4,4,3,0,22.777779,50.699604,0.5180893,0.0,0.0,0.47164568,0.0,1.0,22.777779,3
4,5,3,0,22.777779,50.199852,0.5166653,0.0,0.0,0.5536259,0.0,1.0,22.777779,3
4,6,3,0,22.777779,49.735996,0.5166653,0.0,0.0,0.6820107,0.0,1.0,22.777779,3
4,7,3,0,22.777779,48.881363,0.51951325,0.0,0.0,0.48727998,0.0,1.0,22.777779,3
4,8,3,0,22.777779,48.364822,0.5223613,0.0,0.0,0.41541585,0.0,1.0,22.777779,3
4,9,3,0,22.777779,47.800648,0.52378523,0.0,0.0,0.31652713,0.0,1.0,22.777779,3
4,10,3,0,22.777779,47.217777,0.8267235,0.0,0.23506306,0.0,0.0,1.0,22.777779,3
4,11,3,0,22.777779,46.58644,0.5223613,0.0,0.29174846,0.0,0.0,0.0,22.777779,3
4,12,3,0,22.777779,45.73761,0.5223613,0.0,0.20803137,0.0,0.0,0.0,22.777779,3
4,13,3,0,22.777779,45.072834,0.52520925,0.0,0.32768208,0.0,0.0,0.0,22.777779,3
4,14,3,0,22.777779,44.376625,0.52520925,0.6385117,0.5810045,0.0,0.0,0.0,22.777779,3
4,15,3,0,22.777779,43.738308,0.52520925,0.0,0.7970742,0.0,0.0,0.0,22.777779,3
4,16,3,0,22.777779,42.734386,0.52378523,0.0,0.93761474,0.0,0.0,0.0,22.777779,3
4,17,3,0,22.777779,41.604195,0.5280572,0.0,0.6480135,0.0,0.0,0.0,22.777779,3
4,18,3,0,22.777779,40.673573,0.5637565,0.0,0.59472233,0.0,0.0,0.0,22.777779,3
4,19,3,0,22.777779,40.19074,0.5666045,0.0,0.68194383,0.0,0.0,0.0,22.777779,3
4,20,3,0,22.777779,39.384117,0.53375316,0.0,0.6307235,0.0,0.0,0.0,22.777779,3
4,21,3,0,22.777779,39.14653,0.5323292,0.0,0.55524004,0.0,0.0,0.0,22.777779,3
4,22,3,0,22.777779,38.995148,0.5309052,0.0,0.52748007,0.0,0.0,1.0,22.777779,3
4,23,3,0,22.777779,38.876804,0.5280572,0.0,0.42546672,0.0,0.0,1.0,22.777779,3
4,24,3,0,22.777779,38.829,0.52378523,0.0,0.3052963,0.0,0.0,1.0,22.777779,3
4,1,4,0,22.777779,38.834133,0.5223613,0.0,0.51056087,0.0,0.0,1.0,22.777779,3
4,2,4,0,22.777779,38.833176,0.52093726,0.0,0.4135865,0.0,0.0,1.0,22.777779,3
4,3,4,0,22.777779,38.84979,0.51951325,0.0,0.33878163,0.0,0.0,1.0,22.777779,3
4,4,4,0,22.777779,38.864513,0.5180893,0.0,0.27435985,0.0,0.0,1.0,22.777779,3
4,5,4,0,22.777779,38.884983,0.5166653,0.0,0.247106,0.0,0.0,1.0,22.777779,3
4,6,4,0,22.777779,38.92672,0.5166653,0.0,0.27813846,0.0,0.0,1.0,22.777779,3
4,7,4,0,22.777779,38.954285,0.51951325,0.0,0.28548723,0.0,0.0,1.0,22.777779,3
4,8,4,0,22.777779,39.00644,0.5223613,0.0,0.30867216,0.0,0.0,1.0,22.777779,3
4,9,4,0,22.777779,39.040653,0.52378523,0.0,0.43103468,0.0,0.0,1.0,22.777779,3
4,10,4,0,22.777779,39.06108,0.52378523,0.0,0.49402913,0.0,0.0,1.0,22.777779,3
4,11,4,0,22.777779,39.13419,0.5223613,0.0,0.7185137,0.0,0.0,1.0,22.777779,3
4,12,4,0,22.777779,39.247826,0.5223613,0.0,0.8320747,0.0,0.0,1.0,22.777779,3
4,13,4,0,22.777779,39.373585,0.52520925,0.0,0.8708608,0.0,0.0,1.0,22.777779,3
4,14,4,0,22.777779,39.49777,0.52520925,0.0,0.9306006,0.0,0.0,0.0,22.777779,3
4,15,4,0,22.777779,39.69876,0.52520925,0.0,0.9638649,0.0,0.0,0.0,22.777779,3
4,16,4,0,22.777779,39.7668,0.52378523,0.0,0.99071974,0.0,0.0,0.0,22.777779,3
4,17,4,0,22.777779,40.3843,0.5280572,0.0,1.0975598,0.0,0.0,0.0,22.777779,3
4,18,4,0,22.777779,40.897217,0.5637565,0.0,1.1057589,0.0,0.0,0.0,22.777779,3
4,19,4,0,22.777779,40.916058,0.5666045,0.0,1.0038744,0.0,0.0,0.0,22.777779,3
4,20,4,0,22.777779,41.023087,0.53375316,0.0,0.94780034,0.0,0.0,0.0,22.777779,3
4,21,4,0,22.777779,41.16686,0.5323292,0.0,0.8959319,0.0,0.0,0.0,22.777779,3
4,22,4,0,22.777779,41.234898,0.5309052,0.0,0.8642195,0.0,0.0,0.0,22.777779,3
4,23,4,0,23.609499,39.33487,0.5280572,0.0,0.338146,0.0,0.0,0.0,23.61111,3
4,24,4,0,25.976242,34.397278,0.52378523,0.0,0.0,0.87278795,0.0,1.0,26.0,3
4,1,5,0,25.999775,34.483932,0.5223613,0.0,0.0,0.7014796,0.0,1.0,26.0,3
4,2,5,0,25.999998,34.840733,0.52093726,0.0,0.0,0.3883331,0.0,1.0,26.0,3
4,3,5,0,26.0,35.203705,0.51951325,0.0,0.0,0.28910187,0.0,1.0,26.0,3
4,4,5,0,26.0,35.295914,0.5180893,0.0,0.0,0.24555404,0.0,1.0,26.0,3
4,5,5,0,26.0,35.600834,0.5166653,0.0,0.0,0.2133606,0.0,1.0,26.0,3
4,6,5,0,26.0,36.00799,0.5166653,0.0,0.0,0.18583402,0.0,1.0,26.0,3
4,7,5,0,26.0,36.37524,0.51951325,0.0,0.0,0.13648434,0.0,1.0,26.0,3
4,8,5,0,26.0,36.463596,0.5223613,0.0,0.0,0.06875037,0.0,1.0,26.0,3
4,9,5,0,26.0,36.56411,0.52378523,0.0,0.0,0.009776825,0.0,0.0,26.0,3
4,10,5,0,26.0,36.96375,0.52378523,0.0,0.14488819,0.0,0.0,0.0,26.0,3
4,11,5,0,26.0,36.88231,0.5223613,0.0,0.2598403,0.0,0.0,0.0,26.0,3
4,12,5,0,26.0,37.04984,0.5223613,0.0,0.40389597,0.0,0.0,0.0,26.0,3
4,13,5,0,26.0,37.18257,0.52520925,0.0,0.44049588,0.0,0.0,0.0,26.0,3
4,14,5,0,26.0,37.364822,0.52520925,0.0,0.5840412,0.0,0.0,0.0,26.0,3
4,15,5,0,26.0,37.48097,0.52520925,0.0,0.63489807,0.0,0.0,0.0,26.0,3
4,16,5,0,26.0,37.659954,0.52378523,0.0,0.7355331,0.0,0.0,0.0,26.0,3
4,17,5,0,25.945269,38.361427,0.5280572,0.0,0.86624986,0.0,0.0,0.0,25.944445,3
4,18,5,0,22.870123,46.718388,0.5637565,0.0,2.8242831,0.0,0.0,0.0,22.777779,3
4,19,5,0,22.778765,47.032314,0.5666045,0.0,2.2739205,0.0,0.0,0.0,22.777779,3
4,20,5,0,22.777784,47.224983,0.53375316,0.0,1.7143644,0.0,0.0,0.0,22.777779,3
4,21,5,0,22.777779,47.481625,0.5323292,0.0,1.4472908,0.0,0.0,0.0,22.777779,3
4,22,5,0,22.777779,47.621353,0.5309052,2.5318794,1.5303255,0.0,0.0,0.0,22.777779,3
4,23,5,0,22.777779,47.722828,0.87295234,0.0,1.3562952,0.0,0.0,1.0,22.777779,3
4,24,5,0,22.777779,47.87026,0.52378523,0.0,0.95753086,0.0,0.0,1.0,22.777779,3
4,1,6,0,22.777779,47.958897,0.5223613,0.0,0.79881287,0.0,0.0,1.0,22.777779,3
4,2,6,0,22.777779,48.230293,0.52093726,0.0,0.6134131,0.0,0.0,1.0,22.777779,3
4,3,6,0,22.777779,48.333107,0.51951325,1.890476,0.6977457,0.0,0.0,1.0,22.777779,3
4,4,6,0,22.777779,48.372253,0.5180893,0.0,0.2979775,0.0,0.0,1.0,22.777779,3
4,5,6,0,22.777779,48.469498,0.5166653,0.0,0.25023586,0.0,0.0,1.0,22.777779,3
4,6,6,0,22.777779,48.49191,0.5166653,0.0,0.057240885,0.0,0.0,1.0,22.777779,3
4,7,6,0,22.777779,48.43481,0.51951325,0.0,0.0,0.011974903,0.0,1.0,22.777779,3
4,8,6,0,22.777779,49.485756,3.6656733,0.0,0.5547328,0.0,0.0,1.0,22.777779,3
4,9,6,0,22.777779,48.656517,0.83263206,0.0,0.0,0.113648586,0.0,1.0,22.777779,3
4,10,6,0,22.777779,48.496887,0.8267235,0.0,0.0,0.20703298,0.0,1.0,22.777779,3
4,11,6,0,22.777779,48.208607,0.82106084,0.0,0.0,0.19338802,0.0,1.0,22.777779,3
4,12,6,0,22.777779,48.137886,0.5223613,1.8905269,0.0,0.12404219,0.0,0.0,22.777779,3
4,13,6,0,22.777779,47.99171,0.52520925,0.0,0.0,0.24454533,0.0,0.0,22.777779,3
4,14,6,0,22.777779,47.64011,0.52520925,1.8904865,0.0,0.12936077,0.0,0.0,22.777779,3
4,15,6,0,22.777779,47.53478,0.52520925,0.0,0.0,0.2927435,0.0,0.0,22.777779,3
4,16,6,0,22.777779,47.098118,0.52378523,0.0,0.0,0.25329024,0.0,0.0,22.777779,3
4,17,6,0,22.777779,46.26379,0.5280572,0.0,0.0,0.97601813,0.0,0.0,22.777779,3
4,18,6,0,22.777779,45.890022,0.5637565,0.0,0.0,1.0103841,0.0,0.0,22.777779,3
4,19,6,0,22.777779,45.095436,0.5666045,0.0,0.0,0.27934211,0.0,0.0,22.777779,3
4,20,6,0,22.777779,45.017895,0.53375316,0.0,0.0,0.2770609,0.0,1.0,22.777779,3
4,21,6,0,22.777779,44.68575,0.5323292,0.0,0.0,0.31464085,0.0,1.0,22.777779,3
4,22,6,0,22.777779,44.583595,0.5309052,0.0,0.0,0.26383582,0.0,1.0,22.777779,3
4,23,6,0,22.777779,44.435886,0.5280572,0.0,0.0,0.3825308,0.0,1.0,22.777779,3
4,24,6,0,22.777779,44.20002,0.52378523,0.0,0.0,0.41262877,0.0,1.0,22.777779,3
4,1,7,0,22.777779,43.9301,0.5223613,0.0,0.0,0.50387204,0.0,1.0,22.777779,3
4,2,7,0,22.777779,43.67037,0.52093726,0.0,0.0,0.59143794,0.0,1.0,22.777779,3
4,3,7,0,22.777779,43.42692,0.51951325,0.0,0.0,0.6312939,0.0,1.0,22.777779,3
4,4,7,0,22.777779,43.36019,1.294504,0.0,0.0,0.501503,0.0,1.0,22.777779,3
4,5,7,0,22.777779,43.220737,0.5311097,0.0,0.0,0.6147566,0.0,1.0,22.777779,3
4,6,7,0,22.777779,43.00511,0.5791496,0.0,0.0,0.5571034,0.0,1.0,22.777779,3
4,7,7,0,22.777779,42.77365,0.7117226,0.0,0.0,0.46671048,0.0,1.0,22.777779,3
4,8,7,0,22.777779,42.6178,0.5223613,0.0,0.0,0.5147464,0.0,0.0,22.777779,3
4,9,7,0,22.777779,42.477913,0.52378523,0.0,0.0,0.39121905,0.0,0.0,22.777779,3
4,10,7,0,22.777779,42.394318,0.8267235,0.0,0.0,0.03540498,0.0,1.0,22.777779,3
4,11,7,0,22.777779,42.919575,0.82106084,6.243383,2.4596696,0.0,0.0,1.0,22.777779,3
4,12,7,0,22.777779,42.85405,0.8289782,0.0,0.312276,0.0,0.0,1.0,22.777779,3
4,13,7,0,22.777779,42.860493,0.84071106,0.0,0.4333479,0.0,0.0,1.0,22.777779,3
4,14,7,0,22.777779,42.878956,0.84099317,0.0,0.53866357,0.0,0.0,1.0,22.777779,3
4,15,7,0,22.777779,42.852406,0.52520925,0.0,0.58899,0.0,0.0,0.0,22.777779,3
4,16,7,0,22.777779,42.831184,0.52378523,0.0,0.69681644,0.0,0.0,0.0,22.777779,3
4,17,7,0,22.777779,42.81383,0.5280572,0.0,0.47186765,0.0,0.0,0.0,22.777779,3
4,18,7,0,22.777779,42.77057,0.5637565,0.0,0.37655848,0.0,0.0,0.0,22.777779,3
4,19,7,0,22.777779,42.705616,0.5666045,0.0,0.5942295,0.0,0.0,0.0,22.777779,3
4,20,7,0,22.777779,42.65893,0.53375316,0.0,0.5584125,0.0,0.0,0.0,22.777779,3
4,21,7,0,22.777779,42.633953,0.5323292,0.0,0.51210046,0.0,0.0,0.0,22.777779,3
4,22,7,0,22.777779,42.656315,0.5309052,0.0,0.52709264,0.0,0.0,1.0,22.777779,3
4,23,7,0,22.777779,42.68873,0.5280572,0.0,0.42521083,0.0,0.0,1.0,22.777779,3
4,24,7,0,22.777779,42.74612,0.52378523,0.0,0.31250647,0.0,0.0,1.0,22.777779,3
4,1,1,0,22.777779,42.809566,0.5223613,0.0,0.18408076,0.0,0.0,1.0,22.777779,3
4,2,1,0,22.777779,42.873486,0.52093726,0.0,0.119323805,0.0,0.0,1.0,22.777779,3
4,3,1,0,22.777779,42.96991,0.51951325,0.0,0.08748161,0.0,0.0,1.0,22.777779,3
4,4,1,0,22.777779,43.061424,0.5180893,0.0,0.07041946,0.0,0.0,1.0,22.777779,3
4,5,1,0,22.777779,43.233032,0.5166653,0.0,0.046981778,0.0,0.0,1.0,22.777779,3
4,6,1,0,22.777779,43.3939,0.5166653,0.0,0.008153797,0.0,0.0,1.0,22.777779,3
4,7,1,0,22.777779,43.567978,0.51951325,0.0,0.045071,0.0,0.0,1.0,22.777779,3
4,8,1,0,22.777779,43.56545,0.5223613,0.0,0.07088408,0.0,0.0,0.0,22.777779,3
4,9,1,0,22.777779,43.59071,0.52378523,0.0,0.20561859,0.0,0.0,0.0,22.777779,3
4,10,1,0,22.777779,43.623627,0.52378523,0.0,0.32583955,0.0,0.0,0.0,22.777779,3
4,11,1,0,22.777779,43.68796,0.5223613,0.0,0.31365025,0.0,0.0,0.0,22.777779,3
4,12,1,0,22.777779,43.76104,0.5223613,0.0,0.39673117,0.0,0.0,0.0,22.777779,3
4,13,1,0,22.777779,43.844936,0.52520925,0.0,0.43382537,0.0,0.0,0.0,22.777779,3
4,14,1,0,22.777779,44.0269,0.52520925,0.0,0.17300403,0.0,0.0,0.0,22.777779,3
4,15,1,0,22.777779,44.27029,0.52520925,0.0,0.21677214,0.0,0.0,0.0,22.777779,3
4,16,1,0,22.777779,44.42437,0.52378523,0.0,0.1175204,0.0,0.0,0.0,22.777779,3
4,17,1,0,22.777779,44.578896,0.5280572,0.0,0.0,0.011239721,0.0,0.0,22.777779,3
4,18,1,0,22.777779,44.806023,0.5637565,0.0,0.0039960206,0.0,0.0,0.0,22.777779,3
4,19,1,0,22.777779,44.821392,0.5666045,0.0,0.19280773,0.0,0.0,0.0,22.777779,3
4,20,1,0,22.777779,44.8511,1.0036768,0.0,0.28790975,0.0,0.0,1.0,22.777779,3
4,21,1,0,22.777779,45.412975,4.63898,5.9157877,1.4536449,0.0,0.0,0.0,22.777779,3
4,22,1,0,22.777779,46.442554,5.149978,0.0,1.8429011,0.0,0.0,1.0,22.777779,3
4,23,1,0,22.777779,46.310287,0.5280572,0.0,0.3560595,0.0,0.0,0.0,22.777779,3
4,24,1,0,22.777779,46.339474,0.52378523,0.0,0.22732244,0.0,0.0,1.0,22.777779,3
4,1,2,0,22.777779,46.406693,0.5223613,0.0,0.32339802,0.0,0.0,1.0,22.777779,3
4,2,2,0,22.777779,46.50233,0.52093726,0.621676,0.26572505,0.0,0.0,1.0,22.777779,3
4,3,2,0,22.777779,46.581272,0.51951325,0.0,0.03633886,0.0,0.0,0.0,22.777779,3
4,4,2,0,22.777779,46.57354,0.5180893,0.0,0.02067544,0.0,0.0,0.0,22.777779,3
4,5,2,0,22.777779,46.553722,0.5166653,0.0,0.011037731,0.0,0.0,1.0,22.777779,3
4,6,2,0,22.777779,46.534634,0.5166653,0.0,0.0,0.042472683,0.0,1.0,22.777779,3
4,7,2,0,22.777779,46.516186,0.51951325,0.0,0.0053552585,0.0,0.0,1.0,22.777779,3
4,8,2,0,22.777779,46.49385,0.5223613,0.0,0.10100217,0.0,0.0,1.0,22.777779,3
4,9,2,0,22.777779,46.45918,0.52378523,0.0,0.24076931,0.0,0.0,1.0,22.777779,3
4,10,2,0,22.777779,46.45711,0.8267235,0.0,0.70395184,0.0,0.0,1.0,22.777779,3
4,11,2,0,22.777779,46.417484,0.5223613,0.0,0.6742141,0.0,0.0,0.0,22.777779,3
4,12,2,0,22.777779,46.446274,0.5223613,0.0,0.72725075,0.0,0.0,0.0,22.777779,3
4,13,2,0,22.777779,46.4597,0.52520925,0.0,0.74389577,0.0,0.0,0.0,22.777779,3
4,14,2,0,22.777779,46.531216,0.52520925,1.8649771,1.0399915,0.0,0.0,0.0,22.777779,3
4,15,2,0,22.777779,46.536472,0.52520925,0.0,1.0609628,0.0,0.0,0.0,22.777779,3
4,16,2,0,22.777779,46.487957,0.52378523,0.0,1.2462142,0.0,0.0,0.0,22.777779,3
4,17,2,0,22.777779,46.22878,0.5280572,0.0,1.290767,0.0,0.0,0.0,22.777779,3
4,18,2,0,22.777779,45.919125,0.5637565,0.0,1.1172355,0.0,0.0,0.0,22.777779,3
4,19,2,0,22.777779,45.835987,0.5666045,0.0,1.0865638,0.0,0.0,0.0,22.777779,3
4,20,2,0,22.777779,45.694065,0.53375316,0.0,1.0160127,0.0,0.0,0.0,22.777779,3
4,21,2,0,22.777779,45.59699,0.5323292,0.0,0.9350407,0.0,0.0,0.0,22.777779,3
4,22,2,0,22.777779,45.49993,0.5309052,0.0,0.8146107,0.0,0.0,0.0,22.777779,3
4,23,2,0,22.777779,45.40057,0.5280572,0.0,0.66412467,0.0,0.0,0.0,22.777779,3
4,24,2,0,22.777779,45.381924,0.6747049,0.0,0.6278913,0.0,0.0,1.0,22.777779,3
4,1,3,0,22.777779,45.355618,0.5223613,0.0,0.36748013,0.0,0.0,1.0,22.777779,3
4,2,3,0,22.777779,45.363586,0.52093726,0.0,0.21309651,0.0,0.0,1.0,22.777779,3
4,3,3,0,22.777779,45.352573,0.51951325,0.0,0.08946084,0.0,0.0,1.0,22.777779,3
4,4,3,0,22.777779,45.404552,0.5180893,1.8564391,0.16986369,0.0,0.0,1.0,22.777779,3
4,5,3,0,22.777779,45.35677,0.5166653,0.0,0.0,0.05279799,0.0,1.0,22.777779,3
4,6,3,0,22.777779,45.208546,0.5166653,0.0,0.0,0.06550807,0.0,0.0,22.777779,3
4,7,3,0,22.777779,45.16158,0.51951325,0.0,0.0030041358,0.0,0.0,0.0,22.777779,3
4,8,3,0,22.777779,45.020844,0.5223613,0.0,0.0,0.07374813,0.0,0.0,22.777779,3
4,9,3,0,22.777779,44.999317,0.52378523,0.0,0.32810688,0.0,0.0,1.0,22.777779,3
4,10,3,0,22.777779,44.94547,0.52378523,0.0,0.720928,0.0,0.0,1.0,22.777779,3
4,11,3,0,22.777779,44.995255,0.5223613,0.0,0.8546379,0.0,0.0,1.0,22.777779,3
4,12,3,0,22.777779,45.041664,0.5223613,0.0,0.91321623,0.0,0.0,1.0,22.777779,3
4,13,3,0,22.777779,45.115917,0.84071106,0.0,1.1500889,0.0,0.0,1.0,22.777779,3
4,14,3,0,22.777779,45.163128,0.84099317,0.0,1.3014873,0.0,0.0,1.0,22.777779,3
4,15,3,0,22.777779,45.16576,0.52520925,0.0,1.3559569,0.0,0.0,0.0,22.777779,3
4,16,3,0,22.777779,45.128265,0.52378523,0.0,1.4266236,0.0,0.0,0.0,22.777779,3
4,17,3,0,22.777779,45.16354,0.8917409,2.4752548,2.0611737,0.0,0.0,1.0,22.777779,3
4,18,3,0,22.777779,45.131382,0.5637565,1.8563837,1.6351546,0.0,0.0,0.0,22.777779,3
4,19,3,0,22.777779,45.09759,0.5666045,0.0,1.2477221,0.0,0.0,0.0,22.777779,3
4,20,3,0,22.777779,45.06111,0.53375316,0.0,1.1740607,0.0,0.0,0.0,22.777779,3
4,21,3,0,22.777779,45.002098,0.5323292,0.6188121,0.86418295,0.0,0.0,0.0,22.777779,3
4,22,3,0,22.777779,45.123405,1.0433279,0.0,0.9158105,0.0,0.0,1.0,22.777779,3
4,23,3,0,22.777779,45.157932,0.87295234,0.0,1.0942427,0.0,0.0,1.0,22.777779,3
4,24,3,0,22.777779,45.848175,0.6747049,4.7778883,3.3493636,0.0,0.0,1.0,22.777779,3
4,1,4,0,22.777779,45.910393,0.5223613,0.0,0.6595906,0.0,0.0,1.0,22.777779,3
4,2,4,0,22.777779,46.02574,0.52093726,0.0,0.53037184,0.0,0.0,1.0,22.777779,3
4,3,4,0,22.777779,46.272602,0.51951325,0.61593467,0.54616,0.0,0.0,1.0,22.777779,3
4,4,4,0,22.777779,46.542313,0.5180893,0.0,0.45896977,0.0,0.0,1.0,22.777779,3
4,5,4,0,22.777779,46.81226,0.5166653,0.0,0.40311503,0.0,0.0,1.0,22.777779,3
4,6,4,0,22.777779,47.054325,0.5166653,0.0,0.39062223,0.0,0.0,1.0,22.777779,3
4,7,4,0,22.777779,47.267353,0.7117226,2.4106884,0.9188216,0.0,0.0,1.0,22.777779,3
4,8,4,0,22.777779,47.333073,0.8188192,0.0,0.61451226,0.0,0.0,1.0,22.777779,3
4,9,4,0,22.777779,47.55359,0.83263206,5.6867237,1.6276426,0.0,0.0,1.0,22.777779,3
4,10,4,0,22.777779,48.16151,0.8267235,2.7479188,2.088982,0.0,0.0,1.0,22.777779,3
4,11,4,0,22.777779,48.245243,0.82106084,0.0,0.8891119,0.0,0.0,1.0,22.777779,3
4,12,4,0,22.777779,48.365273,0.8289782,0.0,1.0693614,0.0,0.0,1.0,22.777779,3
4,13,4,0,22.777779,48.579273,0.52520925,1.2318637,1.1127023,0.0,0.0,0.0,22.777779,3
4,14,4,0,22.777779,48.792095,0.52520925,0.6159341,1.1573496,0.0,0.0,0.0,22.777779,3
4,15,4,0,22.777779,49.152042,0.52520925,1.8478053,1.5245496,0.0,0.0,0.0,22.777779,3
4,16,4,0,22.777779,49.33101,0.52378523,0.0,1.4942772,0.0,0.0,0.0,22.777779,3
4,17,4,0,22.777779,49.81345,0.5280572,0.0,1.7058976,0.0,0.0,0.0,22.777779,3
4,18,4,0,22.777779,50.298843,0.5637565,0.0,1.5384632,0.0,0.0,0.0,22.777779,3
4,19,4,0,22.777779,50.41687,0.5666045,0.0,1.2878826,0.0,0.0,0.0,22.777779,3
4,20,4,0,22.777779,50.615837,0.53375316,0.0,1.1964803,0.0,0.0,0.0,22.777779,3
4,21,4,0,22.777779,50.7175,0.5323292,0.0,1.1350037,0.0,0.0,0.0,22.777779,3
4,22,4,0,22.777779,50.8565,0.5309052,0.0,1.093098,0.0,0.0,0.0,22.777779,3
4,23,4,0,22.777779,50.94546,0.5280572,0.0,0.97296774,0.0,0.0,0.0,22.777779,3
4,24,4,0,22.777779,51.10861,0.52378523,0.0,0.8966797,0.0,0.0,0.0,22.777779,3
4,1,5,0,22.777779,52.550682,3.454975,5.588582,4.3346934,0.0,0.0,1.0,22.777779,3
4,2,5,0,22.777779,55.030853,4.4410596,0.0,1.5978321,0.0,0.0,1.0,22.777779,3
4,3,5,0,22.777779,56.47875,0.51951325,0.0,0.79531264,0.0,0.0,1.0,22.777779,3
4,4,5,0,22.777779,57.043022,0.5180893,0.0,0.66670895,0.0,0.0,1.0,22.777779,3
4,5,5,0,22.777779,56.983612,0.5166653,0.0,0.6146189,0.0,0.0,1.0,22.777779,3
4,6,5,0,22.777779,56.981697,0.5166653,0.0,0.60905397,0.0,0.0,1.0,22.777779,3
4,7,5,0,22.777779,57.014915,0.51951325,0.0,0.5721994,0.0,0.0,0.0,22.777779,3
4,8,5,0,22.777779,57.059486,0.5223613,0.0,0.58569884,0.0,0.0,0.0,22.777779,3
4,9,5,0,22.777779,57.043053,0.83263206,0.0,0.7921949,0.0,0.0,1.0,22.777779,3
4,10,5,0,22.777779,57.1988,0.8267235,0.0,0.80521643,0.0,0.0,1.0,22.777779,3
4,11,5,0,22.777779,57.13906,0.5223613,0.6130154,0.72985464,0.0,0.0,0.0,22.777779,3
4,12,5,0,22.777779,57.08572,0.5223613,0.0,0.7699818,0.0,0.0,0.0,22.777779,3
4,13,5,0,22.777779,57.198883,0.52520925,2.4521134,1.1022668,0.0,0.0,0.0,22.777779,3
4,14,5,0,22.777779,57.250862,0.52520925,0.0,1.0607257,0.0,0.0,0.0,22.777779,3
4,15,5,0,22.777779,57.228134,0.52520925,0.0,1.2586554,0.0,0.0,0.0,22.777779,3
4,16,5,0,22.777779,57.214184,0.52378523,0.0,1.4578291,0.0,0.0,0.0,22.777779,3
4,17,5,0,22.777779,57.596115,0.5280572,0.0,1.7122617,0.0,0.0,0.0,22.777779,3
4,18,5,0,22.777779,58.04408,0.5637565,0.0,1.5706723,0.0,0.0,0.0,22.777779,3
4,19,5,0,22.777779,57.911495,0.5666045,0.0,1.2949162,0.0,0.0,0.0,22.777779,3
4,20,5,0,22.777779,57.90988,0.53375316,0.0,1.2554053,0.0,0.0,0.0,22.777779,3
4,21,5,0,22.777779,57.850605,0.5323292,0.0,1.2026582,0.0,0.0,0.0,22.777779,3
4,22,5,0,22.777779,57.635174,0.5309052,0.0,0.93026054,0.0,0.0,0.0,22.777779,3
4,23,5,0,22.777779,57.50844,0.5280572,0.0,0.8568685,0.0,0.0,0.0,22.777779,3
4,24,5,0,22.777779,57.373882,0.52378523,2.167692,1.6962593,0.0,0.0,1.0,22.777779,3
4,1,6,0,22.777779,57.088245,0.5223613,0.0,0.6868414,0.0,0.0,1.0,22.777779,3
4,2,6,0,22.777779,56.756824,0.52093726,0.0,0.5472592,0.0,0.0,1.0,22.777779,3
4,3,6,0,22.777779,56.75689,0.51951325,0.0,0.46353778,0.0,0.0,1.0,22.777779,3
4,4,6,0,22.777779,56.47275,0.5180893,0.0,0.29943523,0.0,0.0,1.0,22.777779,3
4,5,6,0,22.777779,56.131298,0.5166653,0.0,0.25515038,0.0,0.0,1.0,22.777779,3
4,6,6,0,22.777779,55.784927,0.5166653,0.0,0.21266371,0.0,0.0,1.0,22.777779,3
4,7,6,0,22.777779,55.39038,0.51951325,0.0,0.15819106,0.0,0.0,1.0,22.777779,3
4,8,6,0,22.777779,54.966022,0.5223613,0.0,0.1472667,0.0,0.0,1.0,22.777779,3
4,9,6,0,22.777779,54.676693,0.83263206,0.0,0.37669113,0.0,0.0,1.0,22.777779,3
4,10,6,0,22.777779,54.502483,0.8267235,0.0,0.6597365,0.0,0.0,1.0,22.777779,3
4,11,6,0,22.777779,54.32661,0.82106084,0.0,0.71725816,0.0,0.0,1.0,22.777779,3
4,12,6,0,22.777779,54.058964,0.5223613,0.0,0.6083764,0.0,0.0,0.0,22.777779,3
4,13,6,0,22.777779,53.832935,0.52520925,0.6101361,0.70516396,0.0,0.0,0.0,22.777779,3
4,14,6,0,22.777779,53.800194,0.52520925,0.0,0.7978145,0.0,0.0,0.0,22.777779,3
4,15,6,0,22.777779,53.593426,0.52520925,0.61013424,1.006612,0.0,0.0,0.0,22.777779,3
4,16,6,0,22.777779,53.507065,0.8552927,0.0,1.2906238,0.0,0.0,1.0,22.777779,3
4,17,6,0,22.777779,52.75788,0.5280572,0.0,1.0762337,0.0,0.0,0.0,22.777779,3
4,18,6,0,22.777779,51.9323,0.5637565,0.0,0.9026486,0.0,0.0,0.0,22.777779,3
4,19,6,0,22.777779,51.72156,0.5666045,0.0,0.9421563,0.0,0.0,0.0,22.777779,3
4,20,6,0,22.777779,51.472736,0.53375316,0.0,0.8261997,0.0,0.0,0.0,22.777779,3
4,21,6,0,22.777779,51.279613,0.5323292,0.0,0.76180214,0.0,0.0,0.0,22.777779,3
4,22,6,0,22.777779,50.918163,0.5309052,0.0,0.632506,0.0,0.0,0.0,22.777779,3
4,23,6,0,22.777779,51.626083,0.5280572,6.4937086,3.8864532,0.0,0.0,0.0,22.777779,3
4,24,6,0,22.777779,51.440964,0.52378523,0.0,0.45385772,0.0,0.0,1.0,22.777779,3
4,1,7,0,22.777779,51.181007,0.5223613,0.0,0.284052,0.0,0.0,1.0,22.777779,3
4,2,7,0,22.777779,51.115307,0.52093726,0.0,0.13999349,0.0,0.0,1.0,22.777779,3
4,3,7,0,22.777779,50.859394,0.51951325,0.0,0.043567512,0.0,0.0,1.0,22.777779,3
4,4,7,0,22.777779,50.76254,0.5180893,0.0,0.0,0.049244277,0.0,1.0,22.777779,3
4,5,7,0,22.777779,50.405457,0.5166653,0.0,0.0,0.11104751,0.0,1.0,22.777779,3
4,6,7,0,22.777779,50.24967,0.5166653,0.0,0.0,0.13882339,0.0,1.0,22.777779,3
4,7,7,0,22.777779,50.003334,0.51951325,0.0,0.0,0.13537414,0.0,1.0,22.777779,3
4,8,7,0,22.777779,49.79447,0.5223613,0.0,0.0,0.05832847,0.0,1.0,22.777779,3
4,9,7,0,22.777779,49.67918,0.52378523,0.0,0.29005495,0.0,0.0,1.0,22.777779,3
4,10,7,0,22.777779,49.459183,0.52378523,0.0,0.44060948,0.0,0.0,1.0,22.777779,3
4,11,7,0,22.777779,49.376747,0.5223613,0.0,0.60423744,0.0,0.0,0.0,22.777779,3
4,12,7,0,22.777779,49.294083,0.5223613,0.0,0.64161736,0.0,0.0,0.0,22.777779,3
4,13,7,0,22.777779,49.313793,0.52520925,0.0,0.695968,0.0,0.0,0.0,22.777779,3
4,14,7,0,22.777779,49.30747,0.52520925,0.0,0.8247848,0.0,0.0,0.0,22.777779,3
4,15,7,0,22.777779,49.218784,0.52520925,0.0,1.049407,0.0,0.0,0.0,22.777779,3
4,16,7,0,22.777779,49.094135,0.52378523,0.0,1.2283894,0.0,0.0,0.0,22.777779,3
4,17,7,0,22.777779,48.425175,0.5280572,0.0,1.3994172,0.0,0.0,0.0,22.777779,3
4,18,7,0,22.777779,47.86381,0.5637565,0.0,1.1097834,0.0,0.0,0.0,22.777779,3
4,19,7,0,22.777779,47.751556,0.5666045,0.0,1.1069013,0.0,0.0,0.0,22.777779,3
4,20,7,0,22.777779,47.632973,0.53375316,0.0,0.9903406,0.0,0.0,0.0,22.777779,3
4,21,7,0,22.777779,47.51282,0.5323292,0.0,0.9214968,0.0,0.0,0.0,22.777779,3
4,22,7,0,22.777779,47.37191,0.5309052,0.0,0.8451066,0.0,0.0,0.0,22.777779,3
4,23,7,0,22.777779,47.158276,0.87295234,0.0,0.8577255,0.0,0.0,1.0,22.777779,3
4,24,7,0,22.777779,47.096737,0.6747049,0.0,0.6995679,0.0,0.0,1.0,22.777779,3
4,1,1,0,22.777779,46.830544,0.60812074,0.0,0.13432121,0.0,0.0,1.0,22.777779,3
4,2,1,0,22.777779,46.65654,0.52093726,0.0,0.0,0.110865094,0.0,1.0,22.777779,3
4,3,1,0,22.777779,46.488472,0.51951325,0.60428095,0.0,0.1315565,0.0,1.0,22.777779,3
4,4,1,0,22.777779,46.079063,0.5180893,0.6042847,0.0,0.22690234,0.0,1.0,22.777779,3
4,5,1,0,22.777779,45.975548,0.5166653,1.2085812,0.0,0.20639579,0.0,1.0,22.777779,3
4,6,1,0,22.777779,45.89681,0.5166653,0.0,0.0,0.031330228,0.0,1.0,22.777779,3
4,7,1,0,22.777779,45.862926,0.7117226,0.0,0.14419343,0.0,0.0,1.0,22.777779,3
4,8,1,0,22.777779,45.722126,0.5223613,0.0,0.0,0.07755739,0.0,0.0,22.777779,3
4,9,1,0,22.999924,45.231895,0.52378523,0.0,0.06537473,0.0,0.0,0.0,23.0,3
4,10,1,0,24.496243,41.45117,0.52378523,0.0,0.0,0.9680255,0.0,0.0,24.5,3
4,11,1,0,24.5,41.056477,0.5223613,1.2085843,0.22151804,0.0,0.0,0.0,24.5,3
4,12,1,0,24.5,41.073277,0.5223613,0.0,0.40970165,0.0,0.0,0.0,24.5,3
4,13,1,0,24.5,41.09656,0.52520925,0.0,0.4849287,0.0,0.0,0.0,24.5,3
4,14,1,0,24.5,41.10182,0.52520925,0.0,0.6642334,0.0,0.0,0.0,24.5,3
4,15,1,0,24.5,41.103573,0.52520925,0.0,0.85845184,0.0,0.0,0.0,24.5,3
4,16,1,0,24.5,41.086063,0.52378523,0.0,1.0547141,0.0,0.0,0.0,24.5,3
4,17,1,0,24.5,40.958176,0.5280572,0.0,1.2305843,0.0,0.0,0.0,24.5,3
4,18,1,0,24.5,40.84812,0.5637565,0.0,1.0750151,0.0,0.0,0.0,24.5,3
4,19,1,0,24.5,40.69086,0.5666045,0.0,0.87587935,0.0,0.0,0.0,24.5,3
4,20,1,0,24.5,40.339527,0.53375316,0.0,0.49457538,0.0,0.0,0.0,24.5,3
4,21,1,0,24.5,40.164486,0.5323292,0.0,0.04118984,0.0,0.0,0.0,24.5,3
4,22,1,0,24.5,40.245495,1.0433279,0.0,0.14147304,0.0,0.0,1.0,24.5,3
4,23,1,0,24.5,40.372852,0.87295234,0.0,0.08585981,0.0,0.0,1.0,24.5,3
4,24,1,0,24.5,40.50197,0.6747049,0.0,0.0,0.05567834,0.0,1.0,24.5,3
4,1,2,0,24.5,40.72949,0.5223613,0.0,0.3326064,0.0,0.0,1.0,24.5,3
4,2,2,0,24.5,40.805904,0.52093726,0.0,0.2232072,0.0,0.0,1.0,24.5,3
4,3,2,0,24.5,40.98477,0.51951325,2.4054255,0.3827615,0.0,0.0,1.0,24.5,3
4,4,2,0,24.5,41.06961,0.5180893,0.0,0.09826949,0.0,0.0,1.0,24.5,3
4,5,2,0,24.5,41.13578,0.5166653,0.0,0.06053494,0.0,0.0,1.0,24.5,3
4,6,2,0,24.5,41.325184,0.5166653,0.0,0.0,0.017177306,0.0,1.0,24.5,3
4,7,2,0,24.5,41.359203,0.51951325,0.0,0.104292855,0.0,0.0,1.0,24.5,3
4,8,2,0,24.5,41.42975,0.5223613,0.0,0.21625125,0.0,0.0,1.0,24.5,3
4,9,2,0,24.5,41.505928,0.52378523,0.0,0.435383,0.0,0.0,1.0,24.5,3
4,10,2,0,24.5,41.591053,0.52378523,0.0,0.65442854,0.0,0.0,1.0,24.5,3
4,11,2,0,24.5,41.650322,0.5223613,0.0,0.753057,0.0,0.0,1.0,24.5,3
4,12,2,0,24.5,41.74514,0.8289782,0.0,0.92031395,0.0,0.0,1.0,24.5,3
4,13,2,0,24.5,41.840164,0.52520925,0.0,0.88143325,0.0,0.0,1.0,24.5,3
4,14,2,0,24.5,41.923977,0.52520925,0.0,1.0140307,0.0,0.0,1.0,24.5,3
4,15,2,0,24.5,41.98445,0.8281697,0.0,1.3327671,0.0,0.0,1.0,24.5,3
4,16,2,0,24.5,42.129723,0.8552927,0.0,1.5912019,0.0,0.0,1.0,24.5,3
4,17,2,0,24.5,42.374157,0.8917409,0.0,1.7595578,0.0,0.0,1.0,24.5,3
4,18,2,0,24.5,42.661266,0.99510026,0.0,1.5918576,0.0,0.0,1.0,24.5,3
4,19,2,0,24.444607,43.163284,0.5666045,0.0,1.2354311,0.0,0.0,0.0,24.444445,3
4,20,2,0,22.794954,47.686768,0.53375316,0.6013557,2.2901602,0.0,0.0,0.0,22.777779,3
4,21,2,0,22.77787,47.751213,0.5323292,0.0,1.8510627,0.0,0.0,0.0,22.777779,3
4,22,2,0,22.777779,48.2037,1.0433279,3.6611667,3.1713443,0.0,0.0,1.0,22.777779,3
4,23,2,0,22.777779,48.271606,0.5280572,0.0,1.3489006,0.0,0.0,1.0,22.777779,3
4,24,2,0,22.777779,48.40065,0.52378523,0.0,1.139753,0.0,0.0,1.0,22.777779,3
4,1,3,0,22.777779,48.53851,0.5223613,0.0,0.9742534,0.0,0.0,1.0,22.777779,3
4,2,3,0,22.777779,48.66903,0.52093726,0.0,0.81869406,0.0,0.0,1.0,22.777779,3
4,3,3,0,22.777779,48.79389,0.51951325,0.0,0.74628496,0.0,0.0,1.0,22.777779,3
4,4,3,0,22.777779,49.715233,3.3649433,0.0,1.2637733,0.0,0.0,1.0,22.777779,3
4,5,3,0,22.777779,51.768196,4.4131837,4.463331,3.875623,0.0,0.0,1.0,22.777779,3
4,6,3,0,22.777779,52.96478,0.5791496,0.0,0.81146926,0.0,0.0,1.0,22.777779,3
4,7,3,0,22.777779,52.9875,0.7117226,2.380443,2.0695558,0.0,0.0,1.0,22.777779,3
4,8,3,0,22.777779,52.996876,0.5223613,0.0,0.71927,0.0,0.0,0.0,22.777779,3
4,9,3,0,22.777779,53.057384,0.52378523,0.5983946,0.7605539,0.0,0.0,0.0,22.777779,3
4,10,3,0,22.777779,53.166073,0.52378523,1.1968032,0.9901709,0.0,0.0,0.0,22.777779,3
4,11,3,0,22.777779,53.213814,0.5223613,0.0,0.796144,0.0,0.0,0.0,22.777779,3
4,12,3,0,22.777779,53.434464,0.5223613,0.0,1.0110459,0.0,0.0,0.0,22.777779,3
4,13,3,0,22.777779,53.524635,0.52520925,0.0,1.1166332,0.0,0.0,0.0,22.777779,3
4,14,3,0,22.777779,53.52343,0.52520925,0.0,1.2479278,0.0,0.0,0.0,22.777779,3
4,15,3,0,22.777779,53.448536,0.52520925,0.0,1.3943179,0.0,0.0,0.0,22.777779,3
4,16,3,0,22.777779,53.36564,0.52378523,0.0,1.5576597,0.0,0.0,0.0,22.777779,3
4,17,3,0,22.777779,52.905464,0.5280572,0.0,1.7911271,0.0,0.0,0.0,22.777779,3
4,18,3,0,22.777779,52.376213,0.5637565,0.0,1.5588658,0.0,0.0,0.0,22.777779,3
4,19,3,0,22.777779,52.317833,0.5666045,0.0,1.3758463,0.0,0.0,0.0,22.777779,3
4,20,3,0,22.777779,52.253876,0.53375316,0.0,1.2853837,0.0,0.0,0.0,22.777779,3
4,21,3,0,22.777779,51.367283,0.5323292,0.0,1.1234148,0.0,0.0,0.0,22.777779,3
4,22,3,0,22.777779,50.165253,0.5309052,0.0,0.9514174,0.0,0.0,0.0,22.777779,3
4,23,3,0,22.777779,49.204735,0.87295234,5.487369,1.9147774,0.0,0.0,1.0,22.777779,3
4,24,3,0,22.777779,48.642395,0.6747049,0.0,0.7872272,0.0,0.0,1.0,22.777779,3
4,1,4,0,22.777779,48.67996,0.60812074,0.0,0.8885674,0.0,0.0,1.0,22.777779,3
4,2,4,0,22.777779,48.568195,0.5589856,0.0,0.70212823,0.0,0.0,1.0,22.777779,3
4,3,4,0,22.777779,48.558475,0.51951325,0.0,0.6171374,0.0,0.0,1.0,22.777779,3
4,4,4,0,22.777779,48.49394,0.5180893,0.0,0.52032536,0.0,0.0,1.0,22.777779,3
4,5,4,0,22.777779,48.40344,0.5166653,0.0,0.46152633,0.0,0.0,1.0,22.777779,3
4,6,4,0,22.777779,49.12112,0.5791496,6.355052,3.80556,0.0,0.0,1.0,22.777779,3
4,7,4,0,22.777779,48.929188,0.7117226,0.0,0.48695242,0.0,0.0,1.0,22.777779,3
4,8,4,0,22.777779,48.855354,0.8188192,0.0,0.66755635,0.0,0.0,1.0,22.777779,3
4,9,4,0,22.777779,48.816967,0.83263206,0.0,0.92159146,0.0,0.0,1.0,22.777779,3
4,10,4,0,22.777779,48.766174,0.52378523,0.5954543,1.054428,0.0,0.0,0.0,22.777779,3
4,11,4,0,22.777779,48.67993,0.5223613,0.5954543,1.1141691,0.0,0.0,0.0,22.777779,3
4,12,4,0,22.777779,48.699177,0.5223613,1.1908997,1.1804497,0.0,0.0,0.0,22.777779,3
4,13,4,0,22.777779,48.713512,0.52520925,0.5954531,1.1370895,0.0,0.0,0.0,22.777779,3
4,14,4,0,22.777779,48.688057,0.52520925,0.0,1.200323,0.0,0.0,0.0,22.777779,3
4,15,4,0,22.777779,48.663975,0.52520925,0.0,1.3841399,0.0,0.0,0.0,22.777779,3
4,16,4,0,22.777779,48.58506,0.52378523,0.0,1.4916788,0.0,0.0,0.0,22.777779,3
4,17,4,0,22.777779,48.1399,0.5280572,0.0,1.5755079,0.0,0.0,0.0,22.777779,3
4,18,4,0,22.777779,47.66027,0.5637565,0.0,1.3862879,0.0,0.0,0.0,22.777779,3
4,19,4,0,22.777779,47.583096,0.5666045,0.0,1.3611716,0.0,0.0,0.0,22.777779,3
4,20,4,0,22.777779,47.474403,0.53375316,0.0,1.2542859,0.0,0.0,0.0,22.777779,3
4,21,4,0,22.777779,47.360126,0.5323292,0.0,1.1847196,0.0,0.0,0.0,22.777779,3
4,22,4,0,22.777779,47.76786,1.0433279,3.2321706,3.1012166,0.0,0.0,1.0,22.777779,3
4,23,4,0,22.777779,47.675495,0.5280572,0.0,1.0689685,0.0,0.0,1.0,22.777779,3
4,24,4,0,22.777779,47.618267,0.52378523,0.0,0.9066898,0.0,0.0,1.0,22.777779,3
4,1,5,0,22.777779,47.30955,0.5223613,0.0,0.43698066,0.0,0.0,1.0,22.777779,3
4,2,5,0,22.777779,47.0692,0.52093726,0.0,0.30627143,0.0,0.0,1.0,22.777779,3
4,3,5,0,22.777779,46.444294,0.51951325,0.0,0.21210797,0.0,0.0,1.0,22.777779,3
4,4,5,0,22.777779,46.27015,0.5180893,0.0,0.18001331,0.0,0.0,1.0,22.777779,3
4,5,5,0,22.777779,45.734924,0.5166653,0.0,0.054471295,0.0,0.0,1.0,22.777779,3
4,6,5,0,22.777779,45.20156,0.5791496,0.0,0.086345516,0.0,0.0,1.0,22.777779,3
4,7,5,0,22.777779,45.01898,0.7117226,1.8495136,1.1155207,0.0,0.0,1.0,22.777779,3
4,8,5,0,22.777779,44.933517,0.8188192,0.0,0.22670382,0.0,0.0,1.0,22.777779,3
4,9,5,0,22.777779,44.69662,0.83263206,0.0,0.35904786,0.0,0.0,1.0,22.777779,3
4,10,5,0,22.777779,44.459293,0.52378523,0.59248877,0.32039118,0.0,0.0,0.0,22.777779,3
4,11,5,0,22.777779,44.166298,0.5223613,1.7774222,0.4873061,0.0,0.0,0.0,22.777779,3
4,12,5,0,22.777779,43.957245,0.5223613,0.0,0.55117166,0.0,0.0,0.0,22.777779,3
4,13,5,0,22.777779,43.791534,0.52520925,0.0,0.62498116,0.0,0.0,0.0,22.777779,3
4,14,5,0,22.777779,43.794403,0.52520925,0.0,0.8885404,0.0,0.0,0.0,22.777779,3
4,15,5,0,22.777779,43.70162,0.52520925,0.0,0.6750567,0.0,0.0,0.0,22.777779,3
4,16,5,0,22.777779,43.51753,0.52378523,0.0,0.6345179,0.0,0.0,0.0,22.777779,3
4,17,5,0,22.777779,43.188404,0.5280572,0.0,0.62255275,0.0,0.0,0.0,22.777779,3
4,18,5,0,22.777779,42.686943,0.5637565,0.0,0.54753387,0.0,0.0,0.0,22.777779,3
4,19,5,0,22.777779,42.568283,0.5666045,0.0,0.5952655,0.0,0.0,0.0,22.777779,3
4,20,5,0,22.777779,42.377216,0.53375316,0.0,0.49394307,0.0,0.0,0.0,22.777779,3
4,21,5,0,22.777779,42.214363,0.5323292,0.0,0.5459927,0.0,0.0,0.0,22.777779,3
4,22,5,0,22.777779,42.068188,0.5309052,0.0,0.39056087,0.0,0.0,0.0,22.777779,3
4,23,5,0,22.777779,42.70584,0.87295234,5.0083866,3.151728,0.0,0.0,1.0,22.777779,3
4,24,5,0,22.777779,42.675667,0.6747049,0.0,0.33091456,0.0,0.0,1.0,22.777779,3
4,1,6,0,22.777779,42.65249,0.5223613,0.0,0.56803286,0.0,0.0,1.0,22.777779,3
4,2,6,0,22.777779,42.78224,0.52093726,0.0,0.45052117,0.0,0.0,1.0,22.777779,3
4,3,6,0,22.777779,42.981213,0.51951325,0.0,0.42012218,0.0,0.0,1.0,22.777779,3
4,4,6,0,22.777779,43.187824,0.5180893,1.1790453,0.5159436,0.0,0.0,1.0,22.777779,3
4,5,6,0,22.777779,43.234974,0.5166653,0.0,0.37865865,0.0,0.0,1.0,22.777779,3
4,6,6,0,22.777779,43.291344,0.5166653,0.0,0.35006648,0.0,0.0,1.0,22.777779,3
4,7,6,0,22.777779,43.469963,0.51951325,0.0,0.35889578,0.0,0.0,1.0,22.777779,3
4,8,6,0,22.777779,43.629227,0.5223613,0.0,0.3259435,0.0,0.0,0.0,22.777779,3
4,9,6,0,22.777779,43.639374,0.52378523,0.0,0.33596528,0.0,0.0,0.0,22.777779,3
4,10,6,0,22.777779,43.824345,1.9219632,1.5316174,0.97719425,0.0,0.0,1.0,22.777779,3
4,11,6,0,22.777779,44.921936,16.673128,0.9565956,1.6159573,0.0,0.0,1.0,22.777779,3
4,12,6,0,22.777779,46.00583,16.681046,2.4883502,1.894898,0.0,0.0,1.0,22.777779,3
4,13,6,0,22.777779,47.111736,16.692778,1.0998586,2.0524468,0.0,0.0,1.0,22.777779,3
4,14,6,0,22.777779,47.11703,0.52520925,0.0,0.90344733,0.0,0.0,0.0,22.777779,3
4,15,6,0,22.777779,47.184532,0.52520925,0.0,0.81614095,0.0,0.0,0.0,22.777779,3
4,16,6,0,22.777779,47.259792,0.52378523,0.0,0.76837933,0.0,0.0,0.0,22.777779,3
4,17,6,0,22.777779,47.926353,0.5280572,1.1789985,0.91736007,0.0,0.0,0.0,22.777779,3
4,18,6,0,22.777779,48.4784,0.5637565,0.0,0.8742945,0.0,0.0,0.0,22.777779,3
4,19,6,0,22.777779,48.37769,0.5666045,0.0,0.902196,0.0,0.0,0.0,22.777779,3
4,20,6,0,22.777779,48.431374,0.53375316,0.0,0.8650901,0.0,0.0,0.0,22.777779,3
4,21,6,0,22.777779,48.563004,0.5323292,0.0,0.86575586,0.0,0.0,0.0,22.777779,3
4,22,6,0,22.777779,48.773945,1.0433279,0.0,1.1001898,0.0,0.0,1.0,22.777779,3
4,23,6,0,22.777779,48.78911,0.5280572,0.0,0.8629389,0.0,0.0,1.0,22.777779,3
4,24,6,0,22.777779,48.848843,0.52378523,0.0,0.7264556,0.0,0.0,1.0,22.777779,3
4,1,7,0,22.777779,48.785362,0.5223613,0.0,0.5569736,0.0,0.0,1.0,22.777779,3
4,2,7,0,22.777779,49.009754,0.52093726,0.0,0.41650966,0.0,0.0,1.0,22.777779,3
4,3,7,0,22.777779,49.029446,0.51951325,0.0,0.37192503,0.0,0.0,1.0,22.777779,3
4,4,7,0,22.777779,49.136074,0.5180893,0.0,0.24082254,0.0,0.0,1.0,22.777779,3
4,5,7,0,22.777779,49.154648,0.5166653,0.0,0.2199923,0.0,0.0,1.0,22.777779,3
4,6,7,0,22.777779,49.177574,0.5166653,0.0,0.19329683,0.0,0.0,1.0,22.777779,3
4,7,7,0,22.777779,49.181538,0.51951325,0.0,0.25921074,0.0,0.0,1.0,22.777779,3
4,8,7,0,22.777779,49.17641,1.617601,0.0,0.7510396,0.0,0.0,1.0,22.777779,3
4,9,7,0,22.777779,49.33975,6.1166544,2.760964,0.9338501,0.0,0.0,1.0,22.777779,3
4,10,7,0,22.777779,49.330223,0.8267235,1.0971359,0.92961705,0.0,0.0,1.0,22.777779,3
4,11,7,0,22.777779,49.33511,0.82106084,2.1919575,1.0305609,0.0,0.0,1.0,22.777779,3
4,12,7,0,22.777779,49.350246,0.8289782,2.8607538,1.0433898,0.0,0.0,1.0,22.777779,3
4,13,7,0,22.777779,49.387215,0.84071106,4.002765,1.1016388,0.0,0.0,1.0,22.777779,3
4,14,7,0,22.777779,49.39971,0.52520925,0.586547,1.121908,0.0,0.0,0.0,22.777779,3
4,15,7,0,22.777779,49.442955,0.52520925,1.7595656,1.4217359,0.0,0.0,0.0,22.777779,3
4,16,7,0,22.777779,49.453884,0.52378523,0.58654237,1.4773815,0.0,0.0,0.0,22.777779,3
4,17,7,0,22.777779,49.171967,0.5280572,1.1730891,1.6823231,0.0,0.0,0.0,22.777779,3
4,18,7,0,22.777779,48.861416,0.5637565,0.0,1.3851708,0.0,0.0,0.0,22.777779,3
4,19,7,0,22.777779,48.80687,0.5666045,0.0,1.3012246,0.0,0.0,0.0,22.777779,3
4,20,7,0,22.777779,48.732773,0.53375316,0.0,1.208239,0.0,0.0,0.0,22.777779,3
4,21,7,0,22.777779,48.64163,0.5323292,0.0,1.1182332,0.0,0.0,0.0,22.777779,3
4,22,7,0,22.777779,48.56145,0.5309052,0.0,1.0618818,0.0,0.0,0.0,22.777779,3
4,23,7,0,22.777779,48.553543,0.5280572,0.0,1.0023069,0.0,0.0,1.0,22.777779,3
4,24,7,0,22.777779,48.558624,0.52378523,0.0,0.85378426,0.0,0.0,1.0,22.777779,3
4,1,1,0,22.777779,48.43697,0.5223613,0.0,0.3878172,0.0,0.0,1.0,22.777779,3
4,2,1,0,22.777779,48.32044,0.52093726,0.0,0.4867816,0.0,0.0,1.0,22.777779,3
4,3,1,0,22.777779,48.345356,0.51951325,0.0,0.42507258,0.0,0.0,1.0,22.777779,3
4,4,1,0,22.777779,48.203735,0.5180893,0.0,0.07918273,0.0,0.0,1.0,22.777779,3
4,5,1,0,22.777779,48.209633,0.5166653,0.0,0.33112505,0.0,0.0,1.0,22.777779,3
4,6,1,0,22.777779,48.207535,0.5166653,0.0,0.2584697,0.0,0.0,1.0,22.777779,3
4,7,1,0,22.777779,48.19049,0.51951325,0.0,0.33239362,0.0,0.0,1.0,22.777779,3
4,8,1,0,22.777779,48.06829,0.5223613,0.0,0.16778098,0.0,0.0,1.0,22.777779,3
4,9,1,0,22.777779,47.64211,0.52378523,0.0,0.5753017,0.0,0.0,1.0,22.777779,3
4,10,1,0,22.777779,47.677193,0.52378523,0.0,1.0207175,0.0,0.0,1.0,22.777779,3
4,11,1,0,22.777779,47.718765,0.5223613,0.0,1.0966938,0.0,0.0,1.0,22.777779,3
4,12,1,0,24.495724,43.02058,0.5223613,0.0,0.0,0.32314938,0.0,0.0,24.5,3
4,13,1,0,24.999456,41.751484,0.52520925,0.0,0.25499135,0.0,0.0,0.0,25.0,3
4,14,1,0,24.999998,41.741913,0.52520925,0.0,0.56172127,0.0,0.0,0.0,25.0,3
4,15,1,0,23.485466,45.668747,0.52520925,0.0,1.578789,0.0,0.0,0.0,23.444445,3
4,16,1,0,22.854809,47.400303,0.52378523,0.0,2.3878214,0.0,0.0,0.0,22.777779,3
4,17,1,0,22.780966,47.338203,0.5280572,0.0,2.368652,0.0,0.0,0.0,22.777779,3
4,18,1,0,22.777811,47.101147,0.5637565,0.0,2.0666757,0.0,0.0,0.0,22.777779,3
4,19,1,0,22.777779,47.04809,0.5666045,0.0,1.6298989,0.0,0.0,0.0,22.777779,3
4,20,1,0,22.777779,47.003708,0.53375316,0.0,1.4853504,0.0,0.0,0.0,22.777779,3
4,21,1,0,22.777779,47.16259,0.5323292,1.9183463,2.3794546,0.0,0.0,1.0,22.777779,3
4,22,1,0,22.777779,47.058716,0.5309052,0.0,1.2786596,0.0,0.0,1.0,22.777779,3
4,23,1,0,22.777779,47.01657,0.5280572,0.0,1.0156957,0.0,0.0,1.0,22.777779,3
4,24,1,0,22.777779,47.002815,0.52378523,0.0,0.8547708,0.0,0.0,1.0,22.777779,3
4,1,2,0,22.777779,47.17222,0.5223613,3.4835033,1.2385402,0.0,0.0,1.0,22.777779,3
4,2,2,0,22.777779,47.405746,0.52093726,0.0,0.7579796,0.0,0.0,1.0,22.777779,3
4,3,2,0,22.777779,47.464905,0.51951325,0.0,0.6482101,0.0,0.0,1.0,22.777779,3
4,4,2,0,22.777779,47.569527,0.5180893,0.0,0.5654476,0.0,0.0,1.0,22.777779,3
4,5,2,0,22.777779,47.61832,0.5166653,0.0,0.49606532,0.0,0.0,1.0,22.777779,3
4,6,2,0,22.777779,47.706764,0.5166653,0.0,0.4403551,0.0,0.0,1.0,22.777779,3
4,7,2,0,22.777779,47.792152,0.51951325,0.0,0.513045,0.0,0.0,1.0,22.777779,3
4,8,2,0,22.777779,48.23689,0.8188192,2.8787882,2.3362997,0.0,0.0,1.0,22.777779,3
4,9,2,0,22.777779,48.234222,0.52378523,0.0,0.83564955,0.0,0.0,0.0,22.777779,3
4,10,2,0,22.777779,48.254288,0.52378523,0.0,1.0469073,0.0,0.0,0.0,22.777779,3
4,11,2,0,22.777779,48.294918,0.5223613,0.0,1.1280986,0.0,0.0,0.0,22.777779,3
4,12,2,0,22.777779,48.416092,0.5223613,1.161163,1.2986517,0.0,0.0,0.0,22.777779,3
4,13,2,0,22.777779,48.497166,0.52520925,0.0,1.257699,0.0,0.0,0.0,22.777779,3
4,14,2,0,22.777779,48.561897,0.52520925,0.0,1.4453558,0.0,0.0,0.0,22.777779,3
4,15,2,0,23.594746,46.253983,0.52520925,0.0,0.9905491,0.0,0.0,0.0,23.61111,3
4,16,2,0,22.829243,48.503128,0.52378523,0.0,1.971775,0.0,0.0,0.0,22.777779,3
4,17,2,0,22.77867,48.691357,0.5280572,0.0,2.2493882,0.0,0.0,0.0,22.777779,3
4,18,2,0,22.777784,48.686443,0.5637565,0.0,2.0028567,0.0,0.0,0.0,22.777779,3
4,19,2,0,22.777779,48.673096,0.5666045,0.0,1.6674219,0.0,0.0,0.0,22.777779,3
4,20,2,0,22.777779,48.68997,0.53375316,0.0,1.5105047,0.0,0.0,0.0,22.777779,3
4,21,2,0,22.777779,48.66539,0.5323292,0.0,1.4381633,0.0,0.0,0.0,22.777779,3
4,22,2,0,22.777779,48.65675,0.5309052,0.0,1.3504239,0.0,0.0,0.0,22.777779,3
4,23,2,0,22.777779,48.662373,0.5280572,0.0,1.2270741,0.0,0.0,0.0,22.777779,3
4,24,2,0,22.777779,48.70026,0.52378523,0.0,1.1518679,0.0,0.0,1.0,22.777779,3
4,1,3,0,22.777779,49.028606,0.5223613,0.0,0.8134256,0.0,0.0,1.0,22.777779,3
4,2,3,0,22.777779,49.37767,0.52093726,0.0,0.7813668,0.0,0.0,1.0,22.777779,3
4,3,3,0,22.777779,49.453068,0.51951325,0.0,0.66630733,0.0,0.0,1.0,22.777779,3
4,4,3,0,22.777779,49.63634,0.5180893,0.0,0.5768314,0.0,0.0,1.0,22.777779,3
4,5,3,0,22.777779,49.730198,0.5166653,0.0,0.5118077,0.0,0.0,1.0,22.777779,3
4,6,3,0,22.777779,49.869564,0.5166653,0.0,0.42461672,0.0,0.0,1.0,22.777779,3
4,7,3,0,22.777779,49.931034,0.51951325,0.0,0.5445416,0.0,0.0,1.0,22.777779,3
4,8,3,0,24.161695,46.169476,0.5223613,0.0,0.0,0.47950247,0.0,1.0,24.166666,3
4,9,3,0,24.998917,43.938625,0.83263206,0.0,0.0,0.16414611,0.0,1.0,25.0,3
4,10,3,0,25.0,43.962685,0.8267235,0.0,0.6394999,0.0,0.0,1.0,25.0,3
4,11,3,0,23.61806,47.70106,0.5223613,0.0,1.4584452,0.0,0.0,0.0,23.61111,3
4,12,3,0,22.781878,50.16073,0.5223613,0.0,2.0223856,0.0,0.0,0.0,22.777779,3
4,13,3,0,22.777828,50.21629,0.52520925,2.3102949,1.9670067,0.0,0.0,0.0,22.777779,3
4,14,3,0,22.777779,50.25279,0.52520925,1.7327291,1.8395362,0.0,0.0,0.0,22.777779,3
4,15,3,0,22.777779,50.24817,0.52520925,0.0,1.4357164,0.0,0.0,0.0,22.777779,3
4,16,3,0,22.777779,50.51038,0.52378523,0.0,0.9850618,0.0,0.0,0.0,22.777779,3
4,17,3,0,22.777779,50.727303,0.5280572,0.0,0.88605344,0.0,0.0,0.0,22.777779,3
4,18,3,0,22.777779,50.898495,0.5637565,0.0,0.78442615,0.0,0.0,0.0,22.777779,3
4,19,3,0,22.777779,50.916367,0.5666045,0.0,0.96144575,0.0,0.0,0.0,22.777779,3
4,20,3,0,22.777779,50.95381,0.53375316,0.0,0.96927816,0.0,0.0,0.0,22.777779,3
4,21,3,0,22.777779,51.022,0.5323292,0.0,0.8578946,0.0,0.0,0.0,22.777779,3
4,22,3,0,22.777779,50.537636,0.5309052,0.0,0.73963714,0.0,0.0,0.0,22.777779,3
4,23,3,0,22.777779,51.112072,0.87295234,0.0,0.8258795,0.0,0.0,1.0,22.777779,3
4,24,3,0,22.777779,51.036266,0.52378523,0.0,0.6265038,0.0,0.0,1.0,22.777779,3
4,1,4,0,22.777779,50.997906,0.5223613,0.0,0.5137365,0.0,0.0,1.0,22.777779,3
4,2,4,0,22.777779,51.070606,0.52093726,0.0,0.3254323,0.0,0.0,1.0,22.777779,3
4,3,4,0,22.777779,51.052322,0.51951325,0.0,0.21598282,0.0,0.0,1.0,22.777779,3
4,4,4,0,22.777779,51.047806,0.5180893,0.0,0.18490046,0.0,0.0,1.0,22.777779,3
4,5,4,0,22.777779,50.97945,0.5166653,0.0,0.14538804,0.0,0.0,1.0,22.777779,3
4,6,4,0,22.777779,50.890686,0.5166653,0.0,0.0975536,0.0,0.0,1.0,22.777779,3
4,7,4,0,22.777779,50.81261,0.51951325,0.0,0.18180121,0.0,0.0,1.0,22.777779,3
4,8,4,0,22.777779,50.795452,0.8188192,0.0,0.45872125,0.0,0.0,1.0,22.777779,3
4,9,4,0,22.777779,50.75402,0.52378523,0.0,0.5819622,0.0,0.0,0.0,22.777779,3
4,10,4,0,22.777779,50.723267,0.52378523,0.0,0.8268545,0.0,0.0,0.0,22.777779,3
4,11,4,0,22.777779,50.656612,0.5223613,0.0,0.9071918,0.0,0.0,0.0,22.777779,3
4,12,4,0,23.277527,49.138416,0.5223613,0.0,0.64495754,0.0,0.0,0.0,23.277779,3
4,13,4,0,24.992195,44.32451,0.52520925,0.0,0.0,0.39590183,0.0,0.0,25.0,3
4,14,4,0,24.999992,44.34072,0.84099317,0.0,0.56043965,0.0,0.0,1.0,25.0,3
4,15,4,0,25.0,44.35427,0.52520925,0.0,0.65069294,0.0,0.0,1.0,25.0,3
4,16,4,0,23.288345,49.12298,0.52378523,0.0,1.9724523,0.0,0.0,1.0,23.222221,3
4,17,4,0,22.783146,50.38242,0.5280572,0.0,2.3000169,0.0,0.0,0.0,22.777779,3
4,18,4,0,22.777807,50.22895,0.5637565,2.8728673,2.0705357,0.0,0.0,0.0,22.777779,3
4,19,4,0,24.99097,43.90329,0.5666045,0.0,0.0,0.42083326,0.0,0.0,25.0,3
4,20,4,0,24.999994,43.80205,0.53375316,0.0,0.5115487,0.0,0.0,0.0,25.0,3
4,21,4,0,25.0,43.729694,0.5323292,0.0,0.57118267,0.0,0.0,0.0,25.0,3
4,22,4,0,25.0,44.216778,1.0433279,4.0316772,3.0224478,0.0,0.0,1.0,25.0,3
4,23,4,0,24.889399,44.498627,0.5280572,0.0,0.65114903,0.0,0.0,1.0,24.88889,3
4,24,4,0,22.84248,50.329384,0.52378523,0.0,1.7853608,0.0,0.0,1.0,22.777779,3
4,1,5,0,22.778816,50.462894,0.5223613,0.0,1.1095153,0.0,0.0,1.0,22.777779,3
4,2,5,0,22.777802,50.594402,0.52093726,2.2864718,1.1701126,0.0,0.0,1.0,22.777779,3
4,3,5,0,22.77778,50.93788,0.51951325,3.0712895,2.2240694,0.0,0.0,1.0,22.777779,3
4,4,5,0,22.777779,50.990013,0.5180893,0.0,0.48469263,0.0,0.0,1.0,22.777779,3
4,5,5,0,22.777779,50.992935,0.5166653,0.0,0.533881,0.0,0.0,1.0,22.777779,3
4,6,5,0,22.777779,50.78948,0.5166653,0.0,0.22358556,0.0,0.0,1.0,22.777779,3
4,7,5,0,22.777779,50.758293,0.51951325,1.143227,0.66926324,0.0,0.0,1.0,22.777779,3
4,8,5,0,23.939182,47.256023,0.5223613,0.0,0.0,0.33663955,0.0,1.0,23.944445,3
4,9,5,0,24.997225,44.103397,0.52378523,0.0,0.0,0.73018235,0.0,0.0,25.0,3
4,10,5,0,25.0,43.887856,0.52378523,0.0,0.09393426,0.0,0.0,0.0,25.0,3
4,11,5,0,25.0,43.781204,0.5223613,0.0,0.5230744,0.0,0.0,0.0,25.0,3
4,12,5,0,25.0,43.77528,0.5223613,0.0,0.6182378,0.0,0.0,0.0,25.0,3
4,13,5,0,25.0,43.84261,0.52520925,1.1432153,0.85398656,0.0,0.0,0.0,25.0,3
4,14,5,0,25.0,43.85703,0.52520925,0.0,0.887268,0.0,0.0,0.0,25.0,3
4,15,5,0,23.343567,48.45605,0.52520925,0.0,2.2963448,0.0,0.0,0.0,23.277779,3
4,16,5,0,22.841795,49.94093,0.52378523,0.0,2.6015387,0.0,0.0,0.0,22.777779,3
4,17,5,0,22.779188,49.938774,0.5280572,0.0,2.323135,0.0,0.0,0.0,22.777779,3
4,18,5,0,22.777794,49.80608,0.5637565,0.0,2.007418,0.0,0.0,0.0,22.777779,3
4,19,5,0,22.777779,49.772095,0.5666045,0.0,1.7064586,0.0,0.0,0.0,22.777779,3
4,20,5,0,22.777779,49.68308,0.53375316,0.0,1.5498044,0.0,0.0,0.0,22.777779,3
4,21,5,0,22.777779,49.55601,0.5323292,0.0,1.3397732,0.0,0.0,0.0,22.777779,3
4,22,5,0,22.777779,49.588684,0.5309052,0.46357033,1.5064361,0.0,0.0,1.0,22.777779,3
4,23,5,0,22.777779,49.57593,0.5280572,0.0,1.1282256,0.0,0.0,1.0,22.777779,3
4,24,5,0,22.777779,49.580593,0.52378523,0.0,0.9605953,0.0,0.0,1.0,22.777779,3
4,1,6,0,22.777779,49.656303,0.5223613,0.0,0.9678218,0.0,0.0,1.0,22.777779,3
4,2,6,0,22.777779,49.70383,0.52093726,0.0,0.8529999,0.0,0.0,1.0,22.777779,3
4,3,6,0,22.777779,49.759727,0.51951325,0.0,0.7818143,0.0,0.0,1.0,22.777779,3
4,4,6,0,22.777779,49.825615,0.5180893,0.0,0.7187426,0.0,0.0,1.0,22.777779,3
4,5,6,0,22.777779,49.853905,0.5166653,0.0,0.61877185,0.0,0.0,1.0,22.777779,3
4,6,6,0,22.777779,49.86791,0.5166653,0.0,0.5658099,0.0,0.0,1.0,22.777779,3
4,7,6,0,22.777779,49.925224,0.51951325,0.0,0.64754695,0.0,0.0,1.0,22.777779,3
4,8,6,0,22.777779,49.959297,0.5223613,0.0,0.83755374,0.0,0.0,1.0,22.777779,3
4,9,6,0,22.777779,49.95447,0.52378523,0.0,1.0194011,0.0,0.0,0.0,22.777779,3
4,10,6,0,22.777779,49.98186,0.52378523,0.0,1.2678772,0.0,0.0,0.0,22.777779,3
4,11,6,0,22.777779,49.980938,0.5223613,0.0,1.3641958,0.0,0.0,0.0,22.777779,3
4,12,6,0,22.777779,50.9787,4.711052,0.0,2.3927574,0.0,0.0,1.0,22.777779,3
4,13,6,0,23.444296,48.97861,0.84071106,0.0,1.1796386,0.0,0.0,1.0,23.444445,3
4,14,6,0,24.994879,44.651367,0.84099317,0.0,0.56492925,0.0,0.0,1.0,25.0,3
4,15,6,0,23.717379,48.201145,0.52520925,0.0,1.5321556,0.0,0.0,0.0,23.666666,3
4,16,6,0,22.825123,50.83953,0.52378523,0.56862676,2.689812,0.0,0.0,0.0,22.777779,3
4,17,6,0,22.778215,50.838715,0.5280572,0.0,2.5462937,0.0,0.0,0.0,22.777779,3
4,18,6,0,22.77778,50.651882,0.5637565,0.0,2.1725378,0.0,0.0,0.0,22.777779,3
4,19,6,0,22.777779,50.609455,0.5666045,0.0,1.8252255,0.0,0.0,0.0,22.777779,3
4,20,6,0,22.777779,50.561558,0.53375316,0.0,1.6644312,0.0,0.0,0.0,22.777779,3
4,21,6,0,22.777779,50.57451,1.0227327,0.0,1.8292646,0.0,0.0,1.0,22.777779,3
4,22,6,0,22.777779,50.57254,1.0433279,0.0,1.7891841,0.0,0.0,1.0,22.777779,3
4,23,6,0,22.777779,50.620308,0.87295234,0.0,1.617016,0.0,0.0,1.0,22.777779,3
4,24,6,0,22.777779,50.68167,0.52378523,0.0,1.3205464,0.0,0.0,1.0,22.777779,3
4,1,7,0,22.777779,50.74855,0.5223613,0.0,1.1268598,0.0,0.0,1.0,22.777779,3
4,2,7,0,22.777779,50.819588,0.52093726,0.0,0.96407425,0.0,0.0,1.0,22.777779,3
4,3,7,0,22.777779,50.97464,0.51951325,0.0,0.8501761,0.0,0.0,1.0,22.777779,3
4,4,7,0,22.777779,51.039597,0.5180893,0.0,0.78158176,0.0,0.0,1.0,22.777779,3
4,5,7,0,22.777779,51.111237,0.5166653,0.0,0.7058792,0.0,0.0,1.0,22.777779,3
4,6,7,0,22.777779,51.168285,0.5166653,0.0,0.64874643,0.0,0.0,1.0,22.777779,3
4,7,7,0,22.777779,51.280857,0.51951325,0.0,0.7091217,0.0,0.0,1.0,22.777779,3
4,8,7,0,22.777779,51.3401,0.5223613,0.0,0.85669637,0.0,0.0,1.0,22.777779,3
4,9,7,0,22.777779,51.421307,0.83263206,0.0,1.1767484,0.0,0.0,1.0,22.777779,3
4,10,7,0,22.777779,51.48166,0.8267235,0.0,1.4308457,0.0,0.0,1.0,22.777779,3
4,11,7,0,22.777779,51.49426,0.5223613,0.0,1.3902125,0.0,0.0,0.0,22.777779,3
4,12,7,0,22.777779,51.50363,0.5223613,0.0,1.4200729,0.0,0.0,0.0,22.777779,3
4,13,7,0,22.777779,51.50268,0.52520925,0.0,1.5007082,0.0,0.0,0.0,22.777779,3
4,14,7,0,22.777779,51.53447,0.52520925,0.56563145,1.6774113,0.0,0.0,0.0,22.777779,3
4,15,7,0,22.777779,51.577484,0.52520925,1.1312611,1.89842,0.0,0.0,0.0,22.777779,3
4,16,7,0,22.777779,51.546772,0.52378523,0.0,1.8100442,0.0,0.0,0.0,22.777779,3
4,17,7,0,22.777779,51.474224,0.5280572,0.0,1.9139675,0.0,0.0,0.0,22.777779,3
4,18,7,0,22.777779,51.413677,0.5637565,0.0,1.8526016,0.0,0.0,0.0,22.777779,3
4,19,7,0,22.777779,51.373707,0.5666045,0.0,1.604842,0.0,0.0,0.0,22.777779,3
4,20,7,0,22.777779,51.35101,0.53375316,0.0,1.4859225,0.0,0.0,0.0,22.777779,3
4,21,7,0,22.777779,51.313297,0.5323292,0.0,1.3991144,0.0,0.0,0.0,22.777779,3
4,22,7,0,22.777779,51.329983,1.0433279,0.0,1.6036842,0.0,0.0,1.0,22.777779,3
4,23,7,0,22.777779,51.395977,0.87295234,0.0,1.445272,0.0,0.0,1.0,22.777779,3
4,24,7,0,22.777779,51.92848,0.52378523,3.1719282,2.9613822,0.0,0.0,1.0,22.777779,3
4,1,1,0,22.777779,52.55752,0.5223613,0.0,1.0076673,0.0,0.0,1.0,22.777779,3
4,2,1,0,22.777779,52.552994,0.52093726,0.0,0.8632538,0.0,0.0,1.0,22.777779,3
4,3,1,0,22.777779,52.687553,0.51951325,1.6879368,0.9611854,0.0,0.0,1.0,22.777779,3
4,4,1,0,22.777779,52.92202,0.5180893,0.0,0.7365473,0.0,0.0,1.0,22.777779,3
4,5,1,0,22.777779,53.190525,0.5166653,0.0,0.69972384,0.0,0.0,1.0,22.777779,3
4,6,1,0,22.777779,53.457123,0.5166653,0.0,0.6609821,0.0,0.0,1.0,22.777779,3
4,7,1,0,22.777779,53.67217,0.51951325,0.0,0.6982542,0.0,0.0,1.0,22.777779,3
4,8,1,0,22.777779,53.699333,0.5223613,0.0,0.7309943,0.0,0.0,1.0,22.777779,3
4,9,1,0,22.777779,53.784023,0.52378523,0.0,0.7534542,0.0,0.0,1.0,22.777779,3
4,10,1,0,22.777779,54.588005,0.8267235,5.206855,3.8946683,0.0,0.0,1.0,22.777779,3
4,11,1,0,22.777779,54.63551,0.5223613,0.0,1.0639381,0.0,0.0,0.0,22.777779,3
4,12,1,0,23.110975,53.73796,0.5223613,0.0,0.8995604,0.0,0.0,0.0,23.11111,3
4,13,1,0,24.989819,48.137676,0.52520925,0.0,0.0,0.41701564,0.0,0.0,25.0,3
4,14,1,0,25.0,48.28824,0.52520925,2.2504497,0.7730394,0.0,0.0,0.0,25.0,3
4,15,1,0,25.0,48.31726,0.52520925,0.0,0.47351554,0.0,0.0,0.0,25.0,3
4,16,1,0,23.968708,51.381466,0.52378523,0.0,0.9439467,0.0,0.0,0.0,23.944445,3
4,17,1,0,22.798437,55.448986,0.5280572,0.0,1.8014531,0.0,0.0,0.0,22.777779,3
4,18,1,0,22.77814,55.791695,0.99510026,0.0,1.7294225,0.0,0.0,1.0,22.777779,3
4,19,1,0,22.994328,55.02795,1.0350689,0.0,1.451129,0.0,0.0,1.0,23.0,3
4,20,1,0,24.985462,48.826237,0.53375316,0.0,0.0,0.46954086,0.0,0.0,25.0,3
4,21,1,0,24.999956,48.814945,0.5323292,0.0,0.34595373,0.0,0.0,0.0,25.0,3
4,22,1,0,25.0,48.94889,0.5309052,0.0,0.48469937,0.0,0.0,0.0,25.0,3
4,23,1,0,25.0,48.984264,0.5280572,0.0,0.49477172,0.0,0.0,0.0,25.0,3
4,24,1,0,25.0,49.07033,0.52378523,0.0,0.46712932,0.0,0.0,0.0,25.0,3
5,1,2,0,25.0,49.243675,0.5223613,0.0,0.42850825,0.0,0.0,1.0,25.0,3
5,2,2,0,25.0,49.306305,0.52093726,0.0,0.3536384,0.0,0.0,1.0,25.0,3
5,3,2,0,25.0,49.386482,0.51951325,0.0,0.3345398,0.0,0.0,1.0,25.0,3
5,4,2,0,25.0,49.55243,0.5180893,0.0,0.30480492,0.0,0.0,1.0,25.0,3
5,5,2,0,25.0,49.784763,0.5166653,0.0,0.277702,0.0,0.0,1.0,25.0,3
5,6,2,0,25.0,49.97588,0.5166653,0.0,0.30498865,0.0,0.0,1.0,25.0,3
5,7,2,0,25.0,50.137238,0.51951325,0.0,0.32381755,0.0,0.0,1.0,25.0,3
5,8,2,0,25.0,50.591812,0.8153945,3.64867,2.5054252,0.0,0.0,1.0,25.0,3
5,9,2,0,25.0,50.563572,0.52378523,0.0,0.37584075,0.0,0.0,0.0,25.0,3
5,10,2,0,25.0,50.61174,0.52378523,0.0,0.38347244,0.0,0.0,0.0,25.0,3
5,11,2,0,25.0,50.79802,0.5223613,0.0,0.4194541,0.0,0.0,0.0,25.0,3
5,12,2,0,25.0,50.93432,0.5223613,1.1192598,0.57448643,0.0,0.0,0.0,25.0,3
5,13,2,0,25.0,50.998913,0.52520925,0.0,0.49152473,0.0,0.0,0.0,25.0,3
5,14,2,0,25.0,51.14108,0.52520925,0.0,0.539979,0.0,0.0,0.0,25.0,3
5,15,2,0,25.0,51.20379,0.52520925,0.0,0.6130441,0.0,0.0,0.0,25.0,3
5,16,2,0,23.819914,54.94652,0.52378523,0.0,1.2837849,0.0,0.0,0.0,23.777779,3
5,17,2,0,22.841743,58.593536,0.5280572,0.0,2.0633705,0.0,0.0,0.0,22.777779,3
5,18,2,0,22.787643,59.19132,0.9856137,2.9142978,3.579376,0.0,0.0,1.0,22.777779,3
5,19,2,0,23.09348,58.490448,0.5666045,0.0,1.163338,0.0,0.0,0.0,23.11111,3
5,20,2,0,24.98691,52.255203,0.53375316,0.0,0.0,0.39591935,0.0,0.0,25.0,3
5,21,2,0,24.99995,52.222263,0.5323292,0.0,0.376381,0.0,0.0,0.0,25.0,3
5,22,2,0,25.0,52.324028,0.5309052,1.6789858,0.68812007,0.0,0.0,0.0,25.0,3
5,23,2,0,25.0,52.403862,0.5280572,0.0,0.56466275,0.0,0.0,1.0,25.0,3
5,24,2,0,24.148247,55.223053,0.52378523,0.0,0.8069965,0.0,0.0,1.0,24.11111,3
5,1,3,0,22.835423,59.66297,0.5223613,0.0,1.69528,0.0,0.0,1.0,22.777779,3
5,2,3,0,22.779934,59.671608,0.52093726,0.0,1.2381954,0.0,0.0,1.0,22.777779,3
5,3,3,0,22.777784,59.57375,0.51951325,0.0,1.0428656,0.0,0.0,1.0,22.777779,3
5,4,3,0,22.777779,59.63283,0.5180893,0.0,0.8993188,0.0,0.0,1.0,22.777779,3
5,5,3,0,22.777779,59.616936,0.5166653,0.0,0.78294647,0.0,0.0,0.0,22.777779,3
5,6,3,0,22.777779,59.523273,0.5166653,0.0,0.7522487,0.0,0.0,0.0,22.777779,3
5,7,3,0,22.777779,59.50114,0.51951325,0.0,0.7751854,0.0,0.0,0.0,22.777779,3
5,8,3,0,23.453316,57.355873,0.8153945,5.7898245,3.6769269,0.0,0.0,1.0,23.61111,3
5,9,3,0,24.98849,52.354946,0.52378523,0.0,0.0,0.29983512,0.0,0.0,25.0,3
5,10,3,0,24.999998,52.435688,0.52378523,0.0,0.103133485,0.0,0.0,0.0,25.0,3
5,11,3,0,25.0,52.539787,0.5223613,0.0,0.3825503,0.0,0.0,0.0,25.0,3
5,12,3,0,25.0,52.61055,0.5223613,1.1133261,0.6716181,0.0,0.0,0.0,25.0,3
5,13,3,0,25.0,52.77171,0.52520925,0.0,0.7292942,0.0,0.0,0.0,25.0,3
5,14,3,0,25.0,52.787186,0.83246505,0.0,0.9750677,0.0,0.0,1.0,25.0,3
5,15,3,0,25.0,52.830734,0.8195951,0.0,1.1846375,0.0,0.0,1.0,25.0,3
5,16,3,0,24.189943,55.294838,0.8468106,0.0,1.8894265,0.0,0.0,1.0,24.166666,3
5,17,3,0,22.85897,59.80478,0.5280572,0.0,3.0435913,0.0,0.0,0.0,22.777779,3
5,18,3,0,22.78283,59.989674,0.5637565,0.0,2.4063387,0.0,0.0,0.0,22.777779,3
5,19,3,0,22.777868,59.69818,0.5666045,0.0,1.8077365,0.0,0.0,0.0,22.777779,3
5,20,3,0,22.777779,59.480843,0.53375316,0.0,1.564541,0.0,0.0,0.0,22.777779,3
5,21,3,0,22.777779,59.28937,0.9942262,0.0,1.714433,0.0,0.0,1.0,22.777779,3
5,22,3,0,22.777779,59.15053,0.5309052,0.0,1.42419,0.0,0.0,0.0,22.777779,3
5,23,3,0,22.777779,59.118435,0.5280572,0.0,1.309956,0.0,0.0,0.0,22.777779,3
5,24,3,0,22.777779,59.22892,0.6768194,0.0,1.3344434,0.0,0.0,1.0,22.777779,3
5,1,4,0,22.777779,59.35477,0.6101621,0.0,1.1673661,0.0,0.0,1.0,22.777779,3
5,2,4,0,22.777779,59.374683,0.52093726,0.0,0.97640216,0.0,0.0,1.0,22.777779,3
5,3,4,0,22.777779,59.392918,0.51951325,0.0,0.91785353,0.0,0.0,1.0,22.777779,3
5,4,4,0,22.777779,59.382862,0.5180893,0.0,0.8616238,0.0,0.0,1.0,22.777779,3
5,5,4,0,22.777779,59.692036,0.5166653,0.5536976,0.8876516,0.0,0.0,1.0,22.777779,3
5,6,4,0,22.777779,59.459732,0.5166653,0.0,0.8214705,0.0,0.0,1.0,22.777779,3
5,7,4,0,22.777779,59.38507,0.51951325,0.0,0.84184206,0.0,0.0,1.0,22.777779,3
5,8,4,0,22.777779,59.47384,0.8153945,4.0992146,3.353621,0.0,0.0,1.0,22.777779,3
5,9,4,0,22.777779,59.53771,0.8262037,0.0,1.054059,0.0,0.0,1.0,22.777779,3
5,10,4,0,22.777779,59.504932,0.8174324,2.5172417,2.55528,0.0,0.0,1.0,22.777779,3
5,11,4,0,22.777779,59.441658,0.81194586,0.0,1.361821,0.0,0.0,1.0,22.777779,3
5,12,4,0,22.777779,59.422146,0.5223613,0.42148206,1.5040355,0.0,0.0,0.0,22.777779,3
5,13,4,0,23.665953,56.439163,0.52520925,1.6610677,0.7050315,0.0,0.0,0.0,23.666666,3
5,14,4,0,24.992838,52.332207,0.52520925,0.0,0.28054005,0.0,0.0,0.0,25.0,3
5,15,4,0,23.115368,58.414486,0.52520925,2.2147815,2.336579,0.0,0.0,0.0,23.055555,3
5,16,4,0,22.782,59.409443,0.52378523,0.0,2.0336618,0.0,0.0,0.0,22.777779,3
5,17,4,0,22.777887,59.863094,0.5280572,0.0,2.0307941,0.0,0.0,0.0,22.777779,3
5,18,4,0,23.043781,58.930176,0.5637565,0.0,1.6515431,0.0,0.0,0.0,23.055555,3
5,19,4,0,24.988478,52.4608,0.5666045,0.0,0.0,0.3412659,0.0,0.0,25.0,3
5,20,4,0,24.999977,52.439705,0.53375316,0.0,0.60056293,0.0,0.0,0.0,25.0,3
5,21,4,0,25.0,52.3714,0.5323292,0.0,0.67760366,0.0,0.0,0.0,25.0,3
5,22,4,0,25.0,52.390823,1.0164467,0.0,0.9588387,0.0,0.0,1.0,25.0,3
5,23,4,0,25.0,52.398613,0.5280572,0.0,0.77218753,0.0,0.0,1.0,25.0,3
5,24,4,0,23.822191,56.122967,0.52378523,0.0,1.3639995,0.0,0.0,1.0,23.777779,3
5,1,5,0,22.842117,59.310307,0.5223613,0.0,1.9384048,0.0,0.0,1.0,22.777779,3
5,2,5,0,22.77952,59.409184,0.52093726,0.0,1.377866,0.0,0.0,1.0,22.777779,3
5,3,5,0,22.777803,59.333935,0.51951325,0.0,1.0920132,0.0,0.0,1.0,22.777779,3
5,4,5,0,22.777779,59.089455,0.5180893,0.0,0.9479138,0.0,0.0,1.0,22.777779,3
5,5,5,0,22.777779,59.13136,0.5166653,0.0,0.86929613,0.0,0.0,1.0,22.777779,3
5,6,5,0,22.777779,59.123703,0.5166653,0.0,0.81552696,0.0,0.0,1.0,22.777779,3
5,7,5,0,22.777779,58.988567,0.51951325,0.0,0.82089865,0.0,0.0,1.0,22.777779,3
5,8,5,0,22.777779,58.823788,0.5223613,0.0,0.8235005,0.0,0.0,1.0,22.777779,3
5,9,5,0,22.777779,58.816307,0.52378523,0.0,0.8069182,0.0,0.0,1.0,22.777779,3
5,10,5,0,22.777779,58.816288,0.52378523,0.0,0.49604583,0.0,0.0,0.0,22.777779,3
5,11,5,0,22.777779,58.701122,0.5223613,0.0,0.5399759,0.0,0.0,0.0,22.777779,3
5,12,5,0,23.331484,56.84164,0.5223613,0.0,0.2036772,0.0,0.0,0.0,23.333334,3
5,13,5,0,24.985779,51.558044,0.52520925,0.0,0.0,0.43773028,0.0,0.0,25.0,3
5,14,5,0,24.999998,51.818306,0.52520925,0.55071414,0.0,0.02288085,0.0,0.0,25.0,3
5,15,5,0,24.88946,52.15832,0.52520925,0.0,0.14902066,0.0,0.0,0.0,24.88889,3
5,16,5,0,22.836248,58.758842,0.52378523,0.0,1.4610616,0.0,0.0,0.0,22.777779,3
5,17,5,0,22.777779,59.123543,0.5280572,0.0,0.7348913,0.0,0.0,0.0,22.777779,3
5,18,5,0,22.777779,59.16227,0.5637565,0.0,0.7987056,0.0,0.0,0.0,22.777779,3
5,19,5,0,22.777779,59.06643,0.5666045,0.0,0.8607404,0.0,0.0,0.0,22.777779,3
5,20,5,0,22.777779,58.913696,0.53375316,0.0,0.8348942,0.0,0.0,0.0,22.777779,3
5,21,5,0,22.777779,58.58761,0.5323292,0.0,0.8117311,0.0,0.0,0.0,22.777779,3
5,22,5,0,22.777779,58.55572,0.5309052,0.0,0.7899489,0.0,0.0,0.0,22.777779,3
5,23,5,0,22.777779,58.379753,0.86549777,0.0,0.9179489,0.0,0.0,1.0,22.777779,3
5,24,5,0,22.777779,58.310223,0.6768194,0.0,0.7909737,0.0,0.0,1.0,22.777779,3
5,1,6,0,22.777779,58.36701,0.5223613,0.0,0.657264,0.0,0.0,1.0,22.777779,3
5,2,6,0,22.777779,58.446888,0.52093726,0.0,0.5523422,0.0,0.0,1.0,22.777779,3
5,3,6,0,22.777779,58.51011,0.51951325,0.0,0.504814,0.0,0.0,1.0,22.777779,3
5,4,6,0,22.777779,58.561092,0.5180893,0.0,0.44363716,0.0,0.0,1.0,22.777779,3
5,5,6,0,22.777779,58.582973,0.5166653,0.0,0.441581,0.0,0.0,1.0,22.777779,3
5,6,6,0,22.777779,58.600533,0.5166653,0.0,0.442087,0.0,0.0,1.0,22.777779,3
5,7,6,0,22.777779,58.57408,0.51951325,0.0,0.49735746,0.0,0.0,1.0,22.777779,3
5,8,6,0,22.777779,58.54474,0.5223613,0.0,0.5814904,0.0,0.0,1.0,22.777779,3
5,9,6,0,22.777779,58.443848,0.52378523,0.0,0.89022774,0.0,0.0,1.0,22.777779,3
5,10,6,0,22.777779,58.31016,0.8174324,0.0,1.216108,0.0,0.0,1.0,22.777779,3
5,11,6,0,22.777779,58.147255,0.81194586,0.0,1.3159192,0.0,0.0,1.0,22.777779,3
5,12,6,0,22.777779,58.112083,0.8201629,2.2356138,2.6426792,0.0,0.0,1.0,22.777779,3
5,13,6,0,22.777779,58.027225,0.83212495,1.6795132,2.43196,0.0,0.0,1.0,22.777779,3
5,14,6,0,22.777779,57.904133,0.83246505,2.5490415,2.2973604,0.0,0.0,1.0,22.777779,3
5,15,6,0,22.777779,57.655388,0.8195951,0.0,1.7842083,0.0,0.0,1.0,22.777779,3
5,16,6,0,22.777779,57.413395,0.52378523,0.0,1.7858078,0.0,0.0,0.0,22.777779,3
5,17,6,0,22.777779,56.925926,0.5280572,0.0,2.0935063,0.0,0.0,0.0,22.777779,3
5,18,6,0,22.777779,56.429897,1.6589962,0.0,2.3543105,0.0,0.0,0.0,22.777779,3
5,19,6,0,22.777779,56.25167,0.5666045,0.0,1.6401769,0.0,0.0,0.0,22.777779,3
5,20,6,0,22.777779,56.522274,16.38582,0.0,2.7463858,0.0,0.0,0.0,22.777779,3
5,21,6,0,22.777779,56.34381,0.5323292,0.0,1.5079443,0.0,0.0,0.0,22.777779,3
5,22,6,0,22.777779,56.22696,0.5309052,0.0,1.3080196,0.0,0.0,0.0,22.777779,3
5,23,6,0,22.777779,56.145554,0.5280572,0.0,1.1341327,0.0,0.0,0.0,22.777779,3
5,24,6,0,22.777779,56.096558,0.52378523,0.0,0.9717586,0.0,0.0,0.0,22.777779,3
5,1,7,0,22.777779,56.06052,0.5223613,0.0,0.76100427,0.0,0.0,0.0,22.777779,3
5,2,7,0,22.777779,56.09321,0.52093726,0.0,0.6864368,0.0,0.0,1.0,22.777779,3
5,3,7,0,22.777779,56.11378,0.51951325,0.0,0.6442027,0.0,0.0,1.0,22.777779,3
5,4,7,0,22.777779,56.165886,0.5180893,0.0,0.5684525,0.0,0.0,1.0,22.777779,3
5,5,7,0,22.777779,56.164886,0.5166653,0.0,0.5199705,0.0,0.0,1.0,22.777779,3
5,6,7,0,22.777779,56.146748,0.5166653,0.0,0.48587015,0.0,0.0,1.0,22.777779,3
5,7,7,0,22.777779,56.143173,0.51951325,0.0,0.5977056,0.0,0.0,1.0,22.777779,3
5,8,7,0,22.777779,56.13105,0.5223613,0.0,0.7208575,0.0,0.0,1.0,22.777779,3
5,9,7,0,22.777779,56.627243,0.8262037,5.5005116,4.317574,0.0,0.0,1.0,22.777779,3
5,10,7,0,22.777779,56.52254,0.52378523,0.0,1.1642632,0.0,0.0,0.0,22.777779,3
5,11,7,0,22.777779,56.392048,0.5223613,0.0,1.2430822,0.0,0.0,0.0,22.777779,3
5,12,7,0,22.777779,56.2899,0.8201629,0.0,1.4839107,0.0,0.0,1.0,22.777779,3
5,13,7,0,22.777779,56.239548,0.83212495,0.5447935,1.6124437,0.0,0.0,1.0,22.777779,3
5,14,7,0,22.777779,56.342766,0.83246505,2.5583158,3.2389352,0.0,0.0,1.0,22.777779,3
5,15,7,0,22.777779,56.206135,0.8195951,0.0,1.9726642,0.0,0.0,1.0,22.777779,3
5,16,7,0,22.777779,56.334747,0.52378523,4.4129333,3.7082777,0.0,0.0,0.0,22.777779,3
5,17,7,0,22.777779,56.083103,0.5280572,0.0,2.2714705,0.0,0.0,0.0,22.777779,3
5,18,7,0,22.777779,55.808277,0.5637565,0.5447929,2.1072898,0.0,0.0,0.0,22.777779,3
5,19,7,0,22.777779,55.65184,0.5666045,0.5447934,1.8364621,0.0,0.0,0.0,22.777779,3
5,20,7,0,22.777779,55.52641,0.53375316,0.0,1.6102855,0.0,0.0,0.0,22.777779,3
5,21,7,0,22.777779,55.401134,0.5323292,0.0,1.5250568,0.0,0.0,0.0,22.777779,3
5,22,7,0,22.777779,55.30733,0.5309052,0.0,1.443303,0.0,0.0,0.0,22.777779,3
5,23,7,0,22.777779,55.256424,0.5280572,0.0,1.280458,0.0,0.0,0.0,22.777779,3
5,24,7,0,22.777779,55.22577,0.52378523,0.0,1.118716,0.0,0.0,0.0,22.777779,3
5,1,1,0,22.777779,55.203865,0.5223613,0.0,0.94345397,0.0,0.0,0.0,22.777779,3
5,2,1,0,22.777779,55.200085,0.52093726,0.0,0.78756624,0.0,0.0,0.0,22.777779,3
5,3,1,0,22.777779,55.206852,0.51951325,0.0,0.7197333,0.0,0.0,0.0,22.777779,3
5,4,1,0,22.777779,55.167793,0.5180893,0.0,0.6476329,0.0,0.0,0.0,22.777779,3
5,5,1,0,22.777779,55.160877,0.5166653,0.0,0.62708104,0.0,0.0,1.0,22.777779,3
5,6,1,0,22.777779,55.171837,0.5166653,0.0,0.55247027,0.0,0.0,1.0,22.777779,3
5,7,1,0,22.777779,55.196125,0.51951325,0.0,0.7042999,0.0,0.0,1.0,22.777779,3
5,8,1,0,22.777779,55.319298,0.8153945,0.0,0.85002774,0.0,0.0,1.0,22.777779,3
5,9,1,0,22.777779,55.30759,0.8262037,0.0,1.277678,0.0,0.0,1.0,22.777779,3
5,10,1,0,22.777779,55.284893,0.52378523,0.0,1.3177547,0.0,0.0,0.0,22.777779,3
5,11,1,0,22.777779,55.27471,0.5223613,0.0,1.418552,0.0,0.0,0.0,22.777779,3
5,12,1,0,23.16646,54.092094,0.5223613,1.6254891,1.3563615,0.0,0.0,0.0,23.166666,3
5,13,1,0,24.99322,48.51304,0.52520925,1.0836638,0.4163347,0.0,0.0,0.0,25.0,3
5,14,1,0,24.999983,48.4702,0.52520925,0.0,0.8166203,0.0,0.0,0.0,25.0,3
5,15,1,0,25.0,48.452354,0.52520925,0.0,1.0139862,0.0,0.0,0.0,25.0,3
5,16,1,0,25.0,48.397774,0.52378523,0.0,1.3303201,0.0,0.0,0.0,25.0,3
5,17,1,0,22.870153,54.756516,0.5280572,0.0,3.6147316,0.0,0.0,0.0,22.777779,3
5,18,1,0,22.778557,54.829098,0.5637565,0.0,3.0042846,0.0,0.0,0.0,22.777779,3
5,19,1,0,22.77778,54.72951,0.5666045,0.0,2.2307832,0.0,0.0,0.0,22.777779,3
5,20,1,0,22.777779,54.63785,0.53375316,0.0,1.9073044,0.0,0.0,0.0,22.777779,3
5,21,1,0,22.777779,54.591606,0.9942262,0.0,1.9862242,0.0,0.0,1.0,22.777779,3
5,22,1,0,22.777779,54.52454,0.5309052,0.0,1.6509866,0.0,0.0,0.0,22.777779,3
5,23,1,0,22.777779,54.61324,0.5280572,0.0,1.4811503,0.0,0.0,1.0,22.777779,3
5,24,1,0,22.777779,54.768574,0.52378523,0.0,1.2939489,0.0,0.0,1.0,22.777779,3
5,1,2,0,22.777779,54.77154,0.5223613,0.0,1.2063252,0.0,0.0,1.0,22.777779,3
5,2,2,0,22.777779,54.82139,0.52093726,0.0,1.0397434,0.0,0.0,1.0,22.777779,3
5,3,2,0,22.777779,54.854015,0.51951325,0.0,0.9247916,0.0,0.0,1.0,22.777779,3
5,4,2,0,22.777779,54.869736,0.5180893,0.0,0.8695489,0.0,0.0,1.0,22.777779,3
5,5,2,0,22.777779,54.89449,0.5166653,0.0,0.7879908,0.0,0.0,1.0,22.777779,3
5,6,2,0,22.777779,54.894466,0.5166653,0.0,0.7259752,0.0,0.0,1.0,22.777779,3
5,7,2,0,22.777779,54.89343,0.70924115,0.0,0.92335767,0.0,0.0,1.0,22.777779,3
5,8,2,0,23.94157,51.182674,0.8153945,0.0,0.4547579,0.0,0.0,1.0,23.944445,3
5,9,2,0,24.998835,48.31643,0.52378523,2.1361902,1.5366111,0.0,0.0,1.0,25.0,3
5,10,2,0,25.0,48.312595,0.52378523,0.0,0.6731415,0.0,0.0,1.0,25.0,3
5,11,2,0,25.0,48.33221,0.5223613,0.538893,0.8363019,0.0,0.0,1.0,25.0,3
5,12,2,0,25.0,48.322323,0.5223613,0.0,0.89614075,0.0,0.0,0.0,25.0,3
5,13,2,0,25.0,48.38823,0.83212495,0.5388887,1.2546961,0.0,0.0,1.0,25.0,3
5,14,2,0,25.0,48.566345,0.52520925,1.685178,2.22575,0.0,0.0,0.0,25.0,3
5,15,2,0,25.0,48.51627,0.52520925,0.0,1.4085464,0.0,0.0,0.0,25.0,3
5,16,2,0,24.893007,48.76686,0.52378523,0.0,1.5055662,0.0,0.0,0.0,24.88889,3
5,17,2,0,22.864298,54.96864,0.5280572,0.0,3.6492944,0.0,0.0,0.0,22.777779,3
5,18,2,0,22.77909,55.03975,0.5637565,0.0,3.0061815,0.0,0.0,0.0,22.777779,3
5,19,2,0,22.777786,54.940666,0.5666045,0.0,2.2020724,0.0,0.0,0.0,22.777779,3
5,20,2,0,22.777779,54.769844,0.53375316,0.0,1.9222775,0.0,0.0,0.0,22.777779,3
5,21,2,0,22.777779,54.635605,0.5323292,0.0,1.7484758,0.0,0.0,0.0,22.777779,3
5,22,2,0,22.777779,54.517845,0.5309052,0.0,1.59496,0.0,0.0,0.0,22.777779,3
5,23,2,0,22.777779,54.44342,0.5280572,0.0,1.4139633,0.0,0.0,0.0,22.777779,3
5,24,2,0,22.777779,54.45011,0.6768194,0.0,1.3561264,0.0,0.0,1.0,22.777779,3
5,1,3,0,22.777779,55.22147,0.5223613,5.5865164,4.4235487,0.0,0.0,1.0,22.777779,3
5,2,3,0,22.777779,55.204525,0.52093726,0.0,0.9502449,0.0,0.0,1.0,22.777779,3
5,3,3,0,22.777779,55.281082,0.51951325,0.0,0.8585331,0.0,0.0,1.0,22.777779,3
5,4,3,0,22.777779,55.355286,0.5180893,0.0,0.7822555,0.0,0.0,1.0,22.777779,3
5,5,3,0,22.777779,55.419994,0.5166653,0.0,0.7229292,0.0,0.0,1.0,22.777779,3
5,6,3,0,22.777779,55.51485,0.5166653,0.0,0.70998126,0.0,0.0,1.0,22.777779,3
5,7,3,0,22.777779,55.640236,0.70924115,0.0,0.8200324,0.0,0.0,1.0,22.777779,3
5,8,3,0,23.719694,52.606644,0.5223613,0.0,0.26872745,0.0,0.0,0.0,23.722221,3
5,9,3,0,24.996506,48.797375,0.52378523,0.0,0.0,0.24484974,0.0,0.0,25.0,3
5,10,3,0,24.999998,48.846806,0.8174324,0.0,0.65944624,0.0,0.0,1.0,25.0,3
5,11,3,0,25.0,49.14722,0.81194586,3.7323058,2.1916704,0.0,0.0,1.0,25.0,3
5,12,3,0,25.0,49.142765,0.5223613,0.0,0.69794285,0.0,0.0,0.0,25.0,3
5,13,3,0,25.0,49.163647,0.52520925,0.0,0.7760473,0.0,0.0,0.0,25.0,3
5,14,3,0,25.0,49.169018,0.52520925,0.0,0.98475397,0.0,0.0,0.0,25.0,3
5,15,3,0,24.409725,50.93808,0.52520925,1.6078691,1.7856889,0.0,0.0,0.0,24.38889,3
5,16,3,0,22.85072,55.7643,0.52378523,0.0,3.0559206,0.0,0.0,0.0,22.777779,3
5,17,3,0,22.783102,55.802277,0.5280572,0.0,2.9459388,0.0,0.0,0.0,22.777779,3
5,18,3,0,22.777832,55.582874,0.5637565,0.0,2.441804,0.0,0.0,0.0,22.777779,3
5,19,3,0,22.777779,55.40149,0.5666045,0.0,2.007843,0.0,0.0,0.0,22.777779,3
5,20,3,0,22.777779,55.228863,0.53375316,0.0,1.7565025,0.0,0.0,0.0,22.777779,3
5,21,3,0,22.777779,55.06951,0.9942262,0.0,1.8964479,0.0,0.0,1.0,22.777779,3
5,22,3,0,22.777779,55.020397,0.5309052,0.0,1.6028103,0.0,0.0,1.0,22.777779,3
5,23,3,0,22.777779,54.999413,0.5280572,0.0,1.3599932,0.0,0.0,1.0,22.777779,3
5,24,3,0,22.777779,55.01043,0.52378523,0.0,1.2851757,0.0,0.0,1.0,22.777779,3
5,1,4,0,22.777779,55.077076,0.5223613,0.0,1.1164188,0.0,0.0,1.0,22.777779,3
5,2,4,0,22.777779,55.195515,0.52093726,1.5990893,1.1535164,0.0,0.0,1.0,22.777779,3
5,3,4,0,22.777779,55.281475,0.51951325,0.0,0.9098737,0.0,0.0,1.0,22.777779,3
5,4,4,0,22.777779,55.412292,0.5180893,0.0,0.8327823,0.0,0.0,1.0,22.777779,3
5,5,4,0,22.777779,55.50134,0.5166653,0.0,0.7813462,0.0,0.0,1.0,22.777779,3
5,6,4,0,22.777779,55.56967,0.5166653,0.0,0.74528164,0.0,0.0,1.0,22.777779,3
5,7,4,0,22.777779,55.6051,0.51951325,0.0,0.826708,0.0,0.0,1.0,22.777779,3
5,8,4,0,22.777779,55.618988,0.5223613,0.0,0.9500523,0.0,0.0,1.0,22.777779,3
5,9,4,0,22.777779,55.613354,0.52378523,0.0,1.0769587,0.0,0.0,0.0,22.777779,3
5,10,4,0,22.777779,55.445393,0.52378523,0.0,1.3191838,0.0,0.0,0.0,22.777779,3
5,11,4,0,22.777779,55.606915,0.5223613,0.0,1.4010844,0.0,0.0,0.0,22.777779,3
5,12,4,0,23.44406,53.41486,0.5223613,0.0,1.0007219,0.0,0.0,0.0,23.444445,3
5,13,4,0,24.994692,48.770596,0.83212495,0.0,0.5123098,0.0,0.0,1.0,25.0,3
5,14,4,0,24.999985,48.49194,0.83246505,0.0,0.96553665,0.0,0.0,1.0,25.0,3
5,15,4,0,22.861248,55.4665,0.8195951,0.0,2.6819751,0.0,0.0,1.0,22.777779,3
5,16,4,0,22.78782,55.630795,0.8468106,0.0,2.8605502,0.0,0.0,1.0,22.777779,3
5,17,4,0,22.777977,55.668533,0.5280572,0.0,2.7263608,0.0,0.0,0.0,22.777779,3
5,18,4,0,22.77778,55.479816,0.5637565,0.0,2.44992,0.0,0.0,0.0,22.777779,3
5,19,4,0,23.38861,53.4092,0.5666045,0.5330287,1.538385,0.0,0.0,0.0,23.38889,3
5,20,4,0,24.995636,48.55953,0.53375316,1.5990547,0.68864954,0.0,0.0,0.0,25.0,3
5,21,4,0,24.999985,49.36621,4.8763,0.0,1.7792945,0.0,0.0,1.0,25.0,3
5,22,4,0,25.0,49.33692,1.0164467,0.0,1.2877156,0.0,0.0,1.0,25.0,3
5,23,4,0,23.849873,52.83864,0.5280572,0.0,1.7943605,0.0,0.0,1.0,23.833334,3
5,24,4,0,22.8085,56.17111,0.52378523,0.0,2.3615623,0.0,0.0,1.0,22.777779,3
5,1,5,0,22.77878,56.271065,0.5223613,0.0,1.7490929,0.0,0.0,1.0,22.777779,3
5,2,5,0,22.777803,56.281506,0.52093726,0.0,1.3699741,0.0,0.0,1.0,22.777779,3
5,3,5,0,22.777779,56.33584,0.51951325,0.0,1.2033547,0.0,0.0,1.0,22.777779,3
5,4,5,0,22.777779,56.403275,0.5180893,0.0,1.087983,0.0,0.0,1.0,22.777779,3
5,5,5,0,22.777779,56.438023,0.5166653,0.0,1.0254009,0.0,0.0,1.0,22.777779,3
5,6,5,0,22.777779,56.808537,0.57909477,3.593888,3.141226,0.0,0.0,1.0,22.777779,3
5,7,5,0,22.777779,56.740658,0.70924115,0.0,1.132352,0.0,0.0,1.0,22.777779,3
5,8,5,0,23.929129,53.247562,0.8153945,3.0093846,2.1880088,0.0,0.0,1.0,23.944445,3
5,9,5,0,24.999752,50.25739,0.8262037,3.0532784,2.2768526,0.0,0.0,1.0,25.0,3
5,10,5,0,25.0,50.281044,0.52378523,0.5301138,0.8693625,0.0,0.0,1.0,25.0,3
5,11,5,0,25.0,50.35723,0.5223613,0.0,0.9480282,0.0,0.0,1.0,25.0,3
5,12,5,0,25.0,50.377216,0.5223613,0.0,1.0109997,0.0,0.0,1.0,25.0,3
5,13,5,0,25.0,50.38266,0.83212495,0.5301123,1.3249187,0.0,0.0,1.0,25.0,3
5,14,5,0,25.0,50.348454,0.83246505,0.0,1.4754896,0.0,0.0,1.0,25.0,3
5,15,5,0,25.0,50.27971,0.8195951,0.0,1.6883711,0.0,0.0,1.0,25.0,3
5,16,5,0,23.740116,54.04149,0.8468106,0.0,3.0880046,0.0,0.0,1.0,23.666666,3
5,17,5,0,22.824852,56.82045,0.88316506,0.0,3.915378,0.0,0.0,1.0,22.777779,3
5,18,5,0,22.778622,56.722168,0.5637565,0.0,3.0228584,0.0,0.0,0.0,22.777779,3
5,19,5,0,22.777782,56.518238,0.5666045,0.0,2.369844,0.0,0.0,0.0,22.777779,3
5,20,5,0,22.777779,56.21863,0.53375316,0.5301131,2.1538641,0.0,0.0,0.0,22.777779,3
5,21,5,0,22.777779,56.15789,0.5323292,0.0,1.9187571,0.0,0.0,0.0,22.777779,3
5,22,5,0,22.777779,56.165092,0.5309052,0.0,1.8023334,0.0,0.0,0.0,22.777779,3
5,23,5,0,22.777779,56.15239,0.5280572,0.0,1.6267382,0.0,0.0,0.0,22.777779,3
5,24,5,0,22.777779,56.17407,0.52378523,0.0,1.5470673,0.0,0.0,1.0,22.777779,3
5,1,6,0,22.777779,56.24532,0.5223613,0.0,1.4046617,0.0,0.0,1.0,22.777779,3
5,2,6,0,22.777779,56.283012,0.52093726,0.0,1.258892,0.0,0.0,1.0,22.777779,3
5,3,6,0,22.777779,56.342007,0.51951325,0.0,1.1744425,0.0,0.0,1.0,22.777779,3
5,4,6,0,22.777779,56.404194,0.5180893,0.0,1.107987,0.0,0.0,1.0,22.777779,3
5,5,6,0,22.777779,56.44738,0.5166653,0.0,1.0661808,0.0,0.0,1.0,22.777779,3
5,6,6,0,22.777779,56.507694,0.5166653,0.0,1.0357139,0.0,0.0,1.0,22.777779,3
5,7,6,0,22.777779,56.505936,0.51951325,0.0,1.1064911,0.0,0.0,1.0,22.777779,3
5,8,6,0,22.777779,56.539467,0.5223613,0.0,1.1929073,0.0,0.0,1.0,22.777779,3
5,9,6,0,22.777779,56.505943,0.52378523,0.0,1.4439734,0.0,0.0,0.0,22.777779,3
5,10,6,0,22.777779,56.42461,0.52378523,0.0,1.5809084,0.0,0.0,0.0,22.777779,3
5,11,6,0,22.777779,56.512512,0.5223613,0.0,1.6670752,0.0,0.0,0.0,22.777779,3
5,12,6,0,22.777779,56.45412,0.5223613,0.0,1.7114387,0.0,0.0,0.0,22.777779,3
5,13,6,0,22.777779,56.525223,0.52520925,0.0,1.8174663,0.0,0.0,0.0,22.777779,3
5,14,6,0,22.777779,56.34111,0.52520925,0.0,1.8905574,0.0,0.0,0.0,22.777779,3
5,15,6,0,22.777779,56.449455,0.52520925,0.0,2.1002526,0.0,0.0,0.0,22.777779,3
5,16,6,0,22.777779,56.372208,0.52378523,0.0,2.198404,0.0,0.0,0.0,22.777779,3
5,17,6,0,22.777779,56.414494,0.5280572,0.0,2.6726918,0.0,0.0,0.0,22.777779,3
5,18,6,0,22.777779,56.482216,0.5637565,0.0,2.4893227,0.0,0.0,0.0,22.777779,3
5,19,6,0,22.777779,56.35801,0.5666045,0.0,2.0153513,0.0,0.0,0.0,22.777779,3
5,20,6,0,22.777779,56.28468,0.53375316,0.0,1.8520083,0.0,0.0,0.0,22.777779,3
5,21,6,0,22.777779,56.23615,0.5323292,0.0,1.7510478,0.0,0.0,0.0,22.777779,3
5,22,6,0,22.777779,56.23949,0.5309052,0.0,1.6686114,0.0,0.0,0.0,22.777779,3
5,23,6,0,22.777779,56.18812,0.5280572,0.0,1.5392468,0.0,0.0,0.0,22.777779,3
5,24,6,0,22.777779,56.207653,0.52378523,0.0,1.4271951,0.0,0.0,0.0,22.777779,3
5,1,7,0,22.777779,56.270508,0.5223613,0.0,1.3274132,0.0,0.0,1.0,22.777779,3
5,2,7,0,22.777779,56.362392,0.52093726,0.0,1.1991838,0.0,0.0,1.0,22.777779,3
5,3,7,0,22.777779,56.526897,0.51951325,0.0,1.137181,0.0,0.0,1.0,22.777779,3
5,4,7,0,22.777779,56.678818,0.5180893,0.0,1.070185,0.0,0.0,1.0,22.777779,3
5,5,7,0,22.777779,56.755505,0.5166653,0.0,1.0330518,0.0,0.0,1.0,22.777779,3
5,6,7,0,22.777779,56.774937,0.5166653,0.0,1.0083665,0.0,0.0,1.0,22.777779,3
5,7,7,0,22.777779,56.77632,0.51951325,0.0,1.0626292,0.0,0.0,1.0,22.777779,3
5,8,7,0,22.777779,56.62663,0.5223613,0.0,1.1096153,0.0,0.0,1.0,22.777779,3
5,9,7,0,22.777779,57.647655,4.405859,0.0,2.016294,0.0,0.0,1.0,22.777779,3
5,10,7,0,22.777779,58.38247,4.6995063,0.0,2.4987245,0.0,0.0,1.0,22.777779,3
5,11,7,0,22.777779,59.049534,4.69402,0.0,2.7225485,0.0,0.0,1.0,22.777779,3
5,12,7,0,22.777779,58.873344,0.8201629,0.0,2.023631,0.0,0.0,1.0,22.777779,3
5,13,7,0,23.555323,56.203438,0.83212495,0.0,1.4280728,0.0,0.0,1.0,23.555555,3
5,14,7,0,24.995089,51.64659,0.52520925,0.0,0.59823436,0.0,0.0,1.0,25.0,3
5,15,7,0,24.99997,51.745186,0.8195951,1.5729457,1.287427,0.0,0.0,1.0,25.0,3
5,16,7,0,25.0,51.706463,0.52378523,0.0,1.3284066,0.0,0.0,0.0,25.0,3
5,17,7,0,25.0,52.474796,4.765239,0.0,2.7747254,0.0,0.0,1.0,25.0,3
5,18,7,0,25.0,52.54754,0.9856137,2.1869743,3.3979802,0.0,0.0,1.0,25.0,3
5,19,7,0,25.0,52.365788,0.5666045,0.0,1.5754588,0.0,0.0,0.0,25.0,3
5,20,7,0,23.037138,58.571404,0.53375316,4.9475327,5.8852997,0.0,0.0,0.0,23.0,3
5,21,7,0,22.780207,59.03302,0.5323292,0.0,2.628242,0.0,0.0,0.0,22.777779,3
5,22,7,0,22.7778,58.750484,1.0164467,0.5243166,2.4275115,0.0,0.0,1.0,22.777779,3
5,23,7,0,22.777779,58.544865,0.86549777,0.0,2.010005,0.0,0.0,1.0,22.777779,3
5,24,7,0,22.777779,58.416004,0.52378523,0.0,1.6593226,0.0,0.0,1.0,22.777779,3
5,1,1,0,22.777779,58.348442,0.5223613,0.0,1.4536896,0.0,0.0,1.0,22.777779,3
5,2,1,0,22.777779,58.33028,0.52093726,0.0,1.2783555,0.0,0.0,1.0,22.777779,3
5,3,1,0,22.777779,58.315487,0.51951325,0.0,1.1786596,0.0,0.0,1.0,22.777779,3
5,4,1,0,22.777779,58.354935,0.5180893,0.0,1.1056116,0.0,0.0,1.0,22.777779,3
5,5,1,0,22.777779,58.30495,0.5166653,0.0,1.0601821,0.0,0.0,1.0,22.777779,3
5,6,1,0,22.777779,58.20861,0.5166653,0.0,1.0232236,0.0,0.0,1.0,22.777779,3
5,7,1,0,22.777779,58.060753,0.51951325,0.0,0.99328977,0.0,0.0,0.0,22.777779,3
5,8,1,0,22.777779,58.00534,0.5223613,0.0,1.0719761,0.0,0.0,0.0,22.777779,3
5,9,1,0,22.777779,57.920185,0.52378523,0.0,1.2021124,0.0,0.0,0.0,22.777779,3
5,10,1,0,22.777779,57.890583,0.52378523,0.0,1.3648238,0.0,0.0,0.0,22.777779,3
5,11,1,0,22.777779,57.898514,0.5223613,0.0,1.5966953,0.0,0.0,0.0,22.777779,3
5,12,1,0,23.277746,56.159065,0.5223613,0.0,1.2677034,0.0,0.0,0.0,23.277779,3
5,13,1,0,24.993864,50.75385,0.52520925,0.0,0.46016628,0.0,0.0,0.0,25.0,3
5,14,1,0,24.99998,50.774075,0.83246505,0.0,1.100581,0.0,0.0,1.0,25.0,3
5,15,1,0,24.999998,50.991745,0.8195951,2.023838,2.6861491,0.0,0.0,1.0,25.0,3
5,16,1,0,24.391685,52.780106,0.52378523,0.0,2.0111594,0.0,0.0,0.0,24.333334,3
5,17,1,0,22.859375,57.816067,0.5280572,0.0,3.7945051,0.0,0.0,0.0,22.777779,3
5,18,1,0,22.779028,58.01278,0.5637565,0.0,3.0571985,0.0,0.0,0.0,22.777779,3
5,19,1,0,22.777788,57.733696,0.5666045,0.52143985,2.31391,0.0,0.0,0.0,22.777779,3
5,20,1,0,22.777779,57.52044,0.53375316,0.0,2.0167112,0.0,0.0,0.0,22.777779,3
5,21,1,0,22.777779,57.188503,0.5323292,0.0,1.9072007,0.0,0.0,0.0,22.777779,3
5,22,1,0,22.777779,57.09623,1.0164467,0.0,2.056684,0.0,0.0,1.0,22.777779,3
5,23,1,0,22.777779,57.00329,0.5280572,0.0,1.7263157,0.0,0.0,1.0,22.777779,3
5,24,1,0,22.777779,56.992798,0.52378523,0.0,1.5660619,0.0,0.0,1.0,22.777779,3
5,1,2,0,22.777779,57.040848,0.5223613,0.0,1.3888133,0.0,0.0,1.0,22.777779,3
5,2,2,0,22.777779,57.061996,0.52093726,0.0,1.264681,0.0,0.0,1.0,22.777779,3
5,3,2,0,22.777779,57.170933,0.51951325,0.0,1.1817784,0.0,0.0,1.0,22.777779,3
5,4,2,0,22.777779,57.204605,0.5180893,0.0,1.108407,0.0,0.0,1.0,22.777779,3
5,5,2,0,22.777779,57.208084,0.5166653,0.0,1.0627156,0.0,0.0,1.0,22.777779,3
5,6,2,0,22.777779,57.13087,0.5166653,0.0,1.0263613,0.0,0.0,1.0,22.777779,3
5,7,2,0,22.777779,57.0259,0.70924115,0.0,1.1832216,0.0,0.0,1.0,22.777779,3
5,8,2,0,24.087692,53.14282,0.8153945,5.0139394,3.3752327,0.0,0.0,1.0,24.11111,3
5,9,2,0,24.998438,50.339474,0.52378523,0.0,0.49958634,0.0,0.0,0.0,25.0,3
5,10,2,0,24.999998,50.348564,0.52378523,0.0,0.83983433,0.0,0.0,0.0,25.0,3
5,11,2,0,25.0,50.06893,0.5223613,0.0,0.9228728,0.0,0.0,0.0,25.0,3
5,12,2,0,25.0,50.43427,0.5223613,1.0371485,1.1442074,0.0,0.0,0.0,25.0,3
5,13,2,0,25.0,50.46749,0.52520925,0.0,1.1123741,0.0,0.0,0.0,25.0,3
5,14,2,0,25.0,50.508354,0.52520925,0.0,1.3017106,0.0,0.0,0.0,25.0,3
5,15,2,0,24.891745,50.776863,0.52520925,0.0,1.5783843,0.0,0.0,0.0,24.88889,3
5,16,2,0,22.866518,57.10798,0.8468106,0.0,3.745691,0.0,0.0,1.0,22.777779,3
5,17,2,0,22.779366,57.35443,0.88316506,0.0,3.6553602,0.0,0.0,1.0,22.777779,3
5,18,2,0,22.777792,57.314503,0.9856137,0.0,3.0442157,0.0,0.0,1.0,22.777779,3
5,19,2,0,22.777779,57.088116,0.5666045,0.0,2.1994805,0.0,0.0,0.0,22.777779,3
5,20,2,0,22.777779,56.97721,0.53375316,1.5557104,2.1179886,0.0,0.0,0.0,22.777779,3
5,21,2,0,22.777779,56.844105,0.5323292,0.0,1.7964365,0.0,0.0,0.0,22.777779,3
5,22,2,0,22.777779,56.720505,0.5309052,0.0,1.7521735,0.0,0.0,0.0,22.777779,3
5,23,2,0,22.777779,56.62764,0.86549777,0.0,1.7795998,0.0,0.0,1.0,22.777779,3
5,24,2,0,22.777779,56.60281,0.6768194,0.0,1.5918392,0.0,0.0,1.0,22.777779,3
5,1,3,0,22.777779,56.579285,0.5223613,0.0,1.3365757,0.0,0.0,1.0,22.777779,3
5,2,3,0,22.777779,56.622707,0.52093726,0.0,1.1518518,0.0,0.0,1.0,22.777779,3
5,3,3,0,22.777779,56.469246,0.51951325,0.0,1.0996622,0.0,0.0,1.0,22.777779,3
5,4,3,0,22.777779,56.591667,0.5180893,0.0,1.0057907,0.0,0.0,1.0,22.777779,3
5,5,3,0,22.777779,56.62047,0.5166653,0.0,0.9068692,0.0,0.0,0.0,22.777779,3
5,6,3,0,22.777779,56.514412,0.5166653,0.0,0.8396135,0.0,0.0,0.0,22.777779,3
5,7,3,0,22.777779,56.507435,0.51951325,0.0,0.94281715,0.0,0.0,0.0,22.777779,3
5,8,3,0,23.996483,52.38562,0.5223613,0.0,0.35055023,0.0,0.0,0.0,24.0,3
5,9,3,0,24.998192,49.39266,0.52378523,0.0,0.37574336,0.0,0.0,0.0,25.0,3
5,10,3,0,25.0,49.45334,0.52378523,0.0,0.7401797,0.0,0.0,0.0,25.0,3
5,11,3,0,25.0,49.49778,0.5223613,0.0,0.85212636,0.0,0.0,0.0,25.0,3
5,12,3,0,25.0,49.53427,0.5223613,0.0,0.99629354,0.0,0.0,0.0,25.0,3
5,13,3,0,25.0,49.519505,0.52520925,0.0,1.1013435,0.0,0.0,0.0,25.0,3
5,14,3,0,25.0,49.42538,0.52520925,0.0,1.2953832,0.0,0.0,0.0,25.0,3
5,15,3,0,25.0,49.327137,0.52520925,0.0,1.5875098,0.0,0.0,0.0,25.0,3
5,16,3,0,24.89714,49.563107,0.52378523,0.0,1.8434175,0.0,0.0,0.0,24.88889,3
5,17,3,0,22.842505,56.048576,0.5280572,0.0,4.1672816,0.0,0.0,0.0,22.777779,3
5,18,3,0,22.77858,56.27227,0.5637565,0.0,3.4661696,0.0,0.0,0.0,22.777779,3
5,19,3,0,22.777782,56.035088,0.5666045,0.0,2.6036909,0.0,0.0,0.0,22.777779,3
5,20,3,0,22.777779,55.8449,0.53375316,0.0,2.2621963,0.0,0.0,0.0,22.777779,3
5,21,3,0,22.777779,55.762043,0.5323292,0.0,2.112271,0.0,0.0,0.0,22.777779,3
5,22,3,0,22.777779,55.69889,0.5309052,0.0,1.9747831,0.0,0.0,0.0,22.777779,3
5,23,3,0,22.777779,55.654617,0.5280572,0.0,1.8112735,0.0,0.0,0.0,22.777779,3
5,24,3,0,22.777779,55.644115,0.6768194,0.0,1.8144791,0.0,0.0,1.0,22.777779,3
5,1,4,0,22.777779,55.639458,0.5223613,0.0,1.5437042,0.0,0.0,1.0,22.777779,3
5,2,4,0,22.777779,55.652107,0.52093726,0.0,1.3552758,0.0,0.0,1.0,22.777779,3
5,3,4,0,22.777779,55.665028,0.51951325,0.0,1.2533569,0.0,0.0,1.0,22.777779,3
5,4,4,0,22.777779,55.671055,0.5180893,0.0,1.1578919,0.0,0.0,1.0,22.777779,3
5,5,4,0,22.777779,55.693428,0.5166653,0.0,1.1118493,0.0,0.0,1.0,22.777779,3
5,6,4,0,22.777779,55.702183,0.5166653,0.0,1.0609676,0.0,0.0,1.0,22.777779,3
5,7,4,0,22.777779,55.66966,0.51951325,0.0,1.1265701,0.0,0.0,1.0,22.777779,3
5,8,4,0,22.777779,55.650814,0.5223613,0.0,1.2277166,0.0,0.0,1.0,22.777779,3
5,9,4,0,22.777779,55.66585,0.52378523,0.0,1.6032491,0.0,0.0,1.0,22.777779,3
5,10,4,0,22.777779,55.69727,0.52378523,0.0,1.8033643,0.0,0.0,1.0,22.777779,3
5,11,4,0,24.219849,51.160763,0.5223613,0.0,0.90881974,0.0,0.0,1.0,24.222221,3
5,12,4,0,23.504253,53.43528,0.5223613,0.0,1.5211821,0.0,0.0,1.0,23.5,3
5,13,4,0,22.783878,55.770107,0.52520925,0.0,2.3397017,0.0,0.0,0.0,22.777779,3
5,14,4,0,22.777887,55.763264,0.52520925,0.0,2.3366606,0.0,0.0,0.0,22.777779,3
5,15,4,0,22.777782,55.70674,0.52520925,0.0,2.4307702,0.0,0.0,0.0,22.777779,3
5,16,4,0,22.777779,55.639477,0.8468106,0.0,2.7411404,0.0,0.0,1.0,22.777779,3
5,17,4,0,22.777779,55.734703,0.5280572,0.0,3.0652566,0.0,0.0,0.0,22.777779,3
5,18,4,0,22.998234,54.995796,0.5637565,0.0,2.5978563,0.0,0.0,0.0,23.0,3
5,19,4,0,24.993143,48.765728,0.5666045,0.0,0.71657556,0.0,0.0,0.0,25.0,3
5,20,4,0,24.99999,48.746128,0.53375316,1.0257914,1.104157,0.0,0.0,0.0,25.0,3
5,21,4,0,25.0,48.693928,0.5323292,0.0,1.1856668,0.0,0.0,0.0,25.0,3
5,22,4,0,24.228651,50.905052,0.5309052,0.0,1.7677987,0.0,0.0,0.0,24.222221,3
5,23,4,0,22.802618,55.328,0.5280572,0.0,2.7029326,0.0,0.0,0.0,22.777779,3
5,24,4,0,22.778215,55.384098,0.6768194,0.0,2.2599857,0.0,0.0,1.0,22.777779,3
5,1,5,0,22.777786,55.3903,0.6101621,0.0,1.7811782,0.0,0.0,1.0,22.777779,3
5,2,5,0,22.777779,55.406593,0.5609091,0.0,1.485205,0.0,0.0,1.0,22.777779,3
5,3,5,0,22.777779,55.442158,0.5361922,0.0,1.3353598,0.0,0.0,1.0,22.777779,3
5,4,5,0,22.777779,55.53541,0.5180893,0.0,1.2347038,0.0,0.0,1.0,22.777779,3
5,5,5,0,22.777779,55.660816,0.5166653,0.0,1.169201,0.0,0.0,1.0,22.777779,3
5,6,5,0,22.777779,55.679348,0.5166653,0.0,1.1034851,0.0,0.0,1.0,22.777779,3
5,7,5,0,22.777779,56.0839,0.70924115,2.895684,3.0507042,0.0,0.0,1.0,22.777779,3
5,8,5,0,22.777779,56.055386,0.5223613,0.0,1.2315602,0.0,0.0,0.0,22.777779,3
5,9,5,0,22.777779,56.00653,0.52378523,0.0,1.5391803,0.0,0.0,0.0,22.777779,3
5,10,5,0,23.111006,54.89061,0.52378523,0.0,1.4582616,0.0,0.0,0.0,23.11111,3
5,11,5,0,24.110014,51.80296,0.5223613,1.5302285,1.1196976,0.0,0.0,0.0,24.11111,3
5,12,5,0,23.28383,54.509346,0.5223613,0.0,1.7218648,0.0,0.0,0.0,23.277779,3
5,13,5,0,24.993958,49.341175,0.52520925,0.0,0.6317161,0.0,0.0,0.0,25.0,3
5,14,5,0,24.999973,49.356365,0.52520925,0.0,1.0378367,0.0,0.0,0.0,25.0,3
5,15,5,0,24.999998,49.328213,0.52520925,0.0,1.4424748,0.0,0.0,0.0,25.0,3
5,16,5,0,24.448948,50.911964,0.8468106,0.0,2.324435,0.0,0.0,1.0,24.38889,3
5,17,5,0,22.87241,55.991302,0.88316506,0.0,4.422271,0.0,0.0,1.0,22.777779,3
5,18,5,0,22.779713,56.2615,0.5637565,0.0,3.4356518,0.0,0.0,0.0,22.777779,3
5,19,5,0,24.770962,49.929314,0.5666045,0.0,1.0072576,0.0,0.0,0.0,24.777779,3
5,20,5,0,24.99982,49.243603,0.53375316,0.0,1.0170797,0.0,0.0,0.0,25.0,3
5,21,5,0,25.0,49.20684,0.5323292,0.510084,1.2349187,0.0,0.0,0.0,25.0,3
5,22,5,0,25.0,49.149246,0.5309052,0.0,1.2196206,0.0,0.0,0.0,25.0,3
5,23,5,0,24.560322,50.442387,0.5280572,0.0,1.4828761,0.0,0.0,0.0,24.555555,3
5,24,5,0,22.827679,55.932186,0.52378523,0.0,2.6736174,0.0,0.0,0.0,22.777779,3
5,1,6,0,22.779129,56.10795,0.5223613,0.0,2.0511172,0.0,0.0,0.0,22.777779,3
5,2,6,0,22.77784,56.199066,0.5609091,0.0,1.6727052,0.0,0.0,1.0,22.777779,3
5,3,6,0,22.777782,56.323517,0.51951325,0.0,1.461655,0.0,0.0,1.0,22.777779,3
5,4,6,0,22.777779,56.496437,0.5180893,0.0,1.3249409,0.0,0.0,1.0,22.777779,3
5,5,6,0,22.777779,56.450893,0.5166653,0.0,1.2301017,0.0,0.0,1.0,22.777779,3
5,6,6,0,22.777779,56.444542,0.5166653,0.0,1.1743959,0.0,0.0,1.0,22.777779,3
5,7,6,0,22.777779,56.529522,0.51951325,0.0,1.1966972,0.0,0.0,1.0,22.777779,3
5,8,6,0,22.777779,56.51927,1.9106343,6.6477795,1.8114254,0.0,0.0,1.0,22.777779,3
5,9,6,0,22.777779,57.425632,16.67827,8.811311,3.0209074,0.0,0.0,1.0,22.777779,3
5,10,6,0,22.777779,57.324764,0.8174324,4.0750146,1.8902066,0.0,0.0,1.0,22.777779,3
5,11,6,0,22.777779,57.346336,0.81194586,3.6072764,2.115663,0.0,0.0,1.0,22.777779,3
5,12,6,0,22.777779,57.31966,0.8201629,0.0,2.1234884,0.0,0.0,1.0,22.777779,3
5,13,6,0,22.777779,57.558846,0.83212495,3.3686802,3.7791524,0.0,0.0,1.0,22.777779,3
5,14,6,0,22.777779,57.46761,0.52520925,0.50728595,2.1534956,0.0,0.0,0.0,22.777779,3
5,15,6,0,22.777779,57.414555,0.52520925,1.0145764,2.4263873,0.0,0.0,0.0,22.777779,3
5,16,6,0,22.777779,57.313763,0.52378523,1.5217752,2.3822374,0.0,0.0,0.0,22.777779,3
5,17,6,0,22.777779,57.114414,0.5280572,0.0,2.738614,0.0,0.0,0.0,22.777779,3
5,18,6,0,22.777779,57.11685,0.5637565,0.0,2.6236358,0.0,0.0,0.0,22.777779,3
5,19,6,0,22.777779,57.012486,0.5666045,0.0,2.1493878,0.0,0.0,0.0,22.777779,3
5,20,6,0,22.777779,56.79804,0.53375316,0.0,1.9456764,0.0,0.0,0.0,22.777779,3
5,21,6,0,22.777779,56.61641,0.5323292,0.0,1.84844,0.0,0.0,0.0,22.777779,3
5,22,6,0,22.777779,56.585514,0.5309052,0.0,1.7366657,0.0,0.0,0.0,22.777779,3
5,23,6,0,22.777779,56.54843,0.5280572,0.0,1.5981656,0.0,0.0,0.0,22.777779,3
5,24,6,0,22.777779,56.524082,0.52378523,0.0,1.4639763,0.0,0.0,0.0,22.777779,3
5,1,7,0,22.777779,56.562862,0.5223613,0.0,1.3693441,0.0,0.0,1.0,22.777779,3
5,2,7,0,22.777779,56.709084,0.52093726,0.0,1.2463237,0.0,0.0,1.0,22.777779,3
5,3,7,0,22.777779,57.08415,0.51951325,0.0,1.1856604,0.0,0.0,1.0,22.777779,3
5,4,7,0,22.777779,57.53207,0.5180893,0.0,1.1159557,0.0,0.0,1.0,22.777779,3
5,5,7,0,22.777779,57.57277,0.5166653,0.0,1.0489839,0.0,0.0,1.0,22.777779,3
5,6,7,0,22.777779,57.56799,0.5166653,0.0,1.0229161,0.0,0.0,1.0,22.777779,3
5,7,7,0,22.777779,57.52029,0.51951325,0.0,1.0279708,0.0,0.0,1.0,22.777779,3
5,8,7,0,22.777779,57.4836,0.5223613,0.0,1.0710942,0.0,0.0,1.0,22.777779,3
5,9,7,0,22.777779,57.60328,0.52378523,0.0,1.1709722,0.0,0.0,1.0,22.777779,3
5,10,7,0,22.777779,57.52351,0.52378523,0.0,1.342685,0.0,0.0,0.0,22.777779,3
5,11,7,0,22.777779,57.548985,0.5223613,0.0,1.3237095,0.0,0.0,0.0,22.777779,3
5,12,7,0,22.777779,57.553436,0.5223613,0.0,1.213581,0.0,0.0,0.0,22.777779,3
5,13,7,0,23.9962,53.569855,0.52520925,0.0,0.3744612,0.0,0.0,0.0,24.0,3
5,14,7,0,24.996433,50.640106,0.52520925,0.0,0.29950878,0.0,0.0,1.0,25.0,3
5,15,7,0,24.348738,52.6526,0.52520925,0.0,1.0337718,0.0,0.0,0.0,24.333334,3
5,16,7,0,22.800453,57.534065,0.52378523,0.0,2.2479792,0.0,0.0,0.0,22.777779,3
5,17,7,0,22.778357,57.9246,0.5280572,0.0,1.9850763,0.0,0.0,0.0,22.777779,3
5,18,7,0,22.777803,58.190792,0.5637565,0.0,1.677048,0.0,0.0,0.0,22.777779,3
5,19,7,0,22.777779,58.10726,0.5666045,0.0,1.4603819,0.0,0.0,0.0,22.777779,3
5,20,7,0,22.777779,57.879177,0.53375316,0.0,1.3815327,0.0,0.0,0.0,22.777779,3
5,21,7,0,22.777779,57.751377,0.5323292,0.0,1.3362609,0.0,0.0,0.0,22.777779,3
5,22,7,0,22.777779,57.662567,0.5309052,0.0,1.3550208,0.0,0.0,1.0,22.777779,3
5,23,7,0,22.777779,57.622314,0.5280572,0.0,1.2637783,0.0,0.0,1.0,22.777779,3
5,24,7,0,22.777779,57.582485,0.52378523,0.0,1.1774055,0.0,0.0,1.0,22.777779,3
5,1,1,0,22.777779,57.534317,0.5223613,0.0,1.0609988,0.0,0.0,1.0,22.777779,3
5,2,1,0,22.777779,57.483673,0.52093726,0.0,0.9568214,0.0,0.0,1.0,22.777779,3
5,3,1,0,22.777779,57.440224,0.51951325,0.0,0.9084568,0.0,0.0,1.0,22.777779,3
5,4,1,0,22.777779,57.383022,0.5180893,0.0,0.87717026,0.0,0.0,1.0,22.777779,3
5,5,1,0,22.777779,58.255226,4.4146476,0.0,1.6529481,0.0,0.0,1.0,22.777779,3
5,6,1,0,22.777779,58.098763,0.57909477,0.0,0.9381519,0.0,0.0,1.0,22.777779,3
5,7,1,0,22.777779,57.81366,0.51951325,0.0,0.8339521,0.0,0.0,0.0,22.777779,3
5,8,1,0,22.777779,57.69756,0.5223613,0.0,0.9217446,0.0,0.0,0.0,22.777779,3
5,9,1,0,22.777779,57.664444,0.52378523,1.505152,1.2001823,0.0,0.0,0.0,22.777779,3
5,10,1,0,22.777779,57.56576,0.52378523,0.5017491,1.1583258,0.0,0.0,0.0,22.777779,3
5,11,1,0,22.777779,57.50907,0.5223613,0.0,1.2185038,0.0,0.0,0.0,22.777779,3
5,12,1,0,22.777779,57.421356,0.5223613,0.0,1.3256762,0.0,0.0,0.0,22.777779,3
5,13,1,0,24.935268,50.509277,0.52520925,0.0,0.0,0.45528427,0.0,0.0,24.944445,3
5,14,1,0,24.999952,50.32119,0.52520925,0.0,0.6772062,0.0,0.0,0.0,25.0,3
5,15,1,0,25.0,50.323437,0.52520925,0.0,0.823598,0.0,0.0,0.0,25.0,3
5,16,1,0,25.0,50.307068,0.52378523,0.0,1.125805,0.0,0.0,0.0,25.0,3
5,17,1,0,23.063025,56.60484,0.88316506,0.0,3.331905,0.0,0.0,1.0,23.0,3
5,18,1,0,22.78147,57.685368,0.5637565,0.0,2.825537,0.0,0.0,0.0,22.777779,3
5,19,1,0,22.777802,57.513702,0.5666045,0.0,2.1209562,0.0,0.0,0.0,22.777779,3
5,20,1,0,22.777779,57.34623,0.53375316,0.0,1.804115,0.0,0.0,0.0,22.777779,3
5,21,1,0,22.777779,57.223083,0.5323292,1.0034893,1.7490567,0.0,0.0,0.0,22.777779,3
5,22,1,0,22.777779,57.088352,1.0164467,0.0,1.8082197,0.0,0.0,1.0,22.777779,3
5,23,1,0,22.777779,57.022186,0.5280572,0.0,1.4965312,0.0,0.0,1.0,22.777779,3
5,24,1,0,22.777779,56.97871,0.52378523,0.0,1.3491622,0.0,0.0,1.0,22.777779,3
5,1,2,0,22.777779,56.88506,0.5223613,0.0,1.1929755,0.0,0.0,1.0,22.777779,3
5,2,2,0,22.777779,56.852844,0.52093726,0.0,1.048395,0.0,0.0,1.0,22.777779,3
5,3,2,0,22.777779,56.808647,0.51951325,0.0,0.9850543,0.0,0.0,1.0,22.777779,3
5,4,2,0,22.777779,56.829826,0.5180893,0.0,0.92048866,0.0,0.0,1.0,22.777779,3
5,5,2,0,22.777779,56.78814,0.5166653,0.0,0.87648785,0.0,0.0,1.0,22.777779,3
5,6,2,0,22.777779,56.71802,0.5166653,0.0,0.8582572,0.0,0.0,1.0,22.777779,3
5,7,2,0,22.777779,56.67943,0.51951325,0.0,0.9567532,0.0,0.0,1.0,22.777779,3
5,8,2,0,23.941336,52.918854,0.5223613,0.0,0.38915208,0.0,0.0,1.0,23.944445,3
5,9,2,0,24.99789,49.732185,0.52378523,0.0,0.3731634,0.0,0.0,1.0,25.0,3
5,10,2,0,24.999998,49.780346,0.8174324,0.0,0.77078503,0.0,0.0,1.0,25.0,3
5,11,2,0,25.0,49.84655,0.5223613,0.0,0.775676,0.0,0.0,0.0,25.0,3
5,12,2,0,25.0,49.922184,0.5223613,0.0,0.89809114,0.0,0.0,0.0,25.0,3
5,13,2,0,25.0,49.91312,0.52520925,0.0,0.9683537,0.0,0.0,0.0,25.0,3
5,14,2,0,25.0,50.083675,0.52520925,2.9940772,1.4784671,0.0,0.0,0.0,25.0,3
5,15,2,0,25.0,50.07716,0.52520925,0.0,1.3226042,0.0,0.0,0.0,25.0,3
5,16,2,0,24.420357,51.797157,0.52378523,0.0,1.9909256,0.0,0.0,0.0,24.38889,3
5,17,2,0,22.84309,56.90138,0.5280572,0.0,3.8038797,0.0,0.0,0.0,22.777779,3
5,18,2,0,22.778599,57.13769,0.5637565,0.0,2.9921274,0.0,0.0,0.0,22.777779,3
5,19,2,0,22.777784,56.897503,0.5666045,0.0,2.3409295,0.0,0.0,0.0,22.777779,3
5,20,2,0,22.777779,56.711205,0.53375316,0.0,1.9866818,0.0,0.0,0.0,22.777779,3
5,21,2,0,22.777779,56.577415,0.5323292,0.0,1.8356336,0.0,0.0,0.0,22.777779,3
5,22,2,0,22.777779,56.472942,0.5309052,0.0,1.7389181,0.0,0.0,0.0,22.777779,3
5,23,2,0,22.777779,56.42063,0.5280572,0.0,1.6186827,0.0,0.0,1.0,22.777779,3
5,24,2,0,22.777779,56.40591,0.52378523,0.0,1.4939692,0.0,0.0,1.0,22.777779,3
5,1,3,0,22.777779,56.395596,0.5223613,0.0,1.337378,0.0,0.0,1.0,22.777779,3
5,2,3,0,22.777779,56.397476,0.52093726,0.0,1.2027676,0.0,0.0,1.0,22.777779,3
5,3,3,0,22.777779,56.41783,0.51951325,0.0,1.1176833,0.0,0.0,1.0,22.777779,3
5,4,3,0,22.777779,56.413677,0.5180893,0.0,1.0620273,0.0,0.0,1.0,22.777779,3
5,5,3,0,22.777779,56.4038,0.5166653,0.0,1.0048032,0.0,0.0,1.0,22.777779,3
5,6,3,0,22.777779,56.57751,0.5166653,1.8439624,2.1049023,0.0,0.0,0.0,22.777779,3
5,7,3,0,22.777779,56.53749,0.51951325,0.0,1.0155925,0.0,0.0,0.0,22.777779,3
5,8,3,0,22.777779,56.509884,0.5223613,0.0,1.1149622,0.0,0.0,0.0,22.777779,3
5,9,3,0,22.777779,56.502445,0.8262037,0.0,1.5280232,0.0,0.0,1.0,22.777779,3
5,10,3,0,22.777779,56.511814,0.52378523,0.0,1.5540712,0.0,0.0,0.0,22.777779,3
5,11,3,0,22.777779,56.590275,0.5223613,0.0,1.671627,0.0,0.0,0.0,22.777779,3
5,12,3,0,22.777779,56.594933,0.5223613,0.0,1.6370595,0.0,0.0,0.0,22.777779,3
5,13,3,0,22.777779,56.603,0.52520925,0.0,1.6440893,0.0,0.0,0.0,22.777779,3
5,14,3,0,22.777779,56.595512,0.52520925,0.0,1.9218159,0.0,0.0,0.0,22.777779,3
5,15,3,0,22.777779,56.622807,0.52520925,0.0,2.121675,0.0,0.0,0.0,22.777779,3
5,16,3,0,22.777779,56.47223,0.52378523,0.0,2.0240712,0.0,0.0,0.0,22.777779,3
5,17,3,0,22.777779,56.914665,0.5280572,0.0,2.5746202,0.0,0.0,0.0,22.777779,3
5,18,3,0,22.777779,57.108788,0.5637565,0.0,2.3728275,0.0,0.0,0.0,22.777779,3
5,19,3,0,22.777779,56.96106,0.5666045,0.0,1.9969795,0.0,0.0,0.0,22.777779,3
5,20,3,0,22.777779,56.852764,0.53375316,0.0,1.8379846,0.0,0.0,0.0,22.777779,3
5,21,3,0,22.777779,56.685917,0.5323292,0.0,1.7032179,0.0,0.0,0.0,22.777779,3
5,22,3,0,22.777779,56.633,0.5309052,0.0,1.6532676,0.0,0.0,0.0,22.777779,3
5,23,3,0,22.777779,56.595417,0.5280572,0.0,1.5421568,0.0,0.0,0.0,22.777779,3
5,24,3,0,22.777779,56.534073,0.52378523,0.0,1.4022921,0.0,0.0,0.0,22.777779,3
5,1,4,0,22.777779,56.459312,0.5223613,0.0,1.2757131,0.0,0.0,0.0,22.777779,3
5,2,4,0,22.777779,56.46093,0.5609091,0.0,1.2151027,0.0,0.0,1.0,22.777779,3
5,3,4,0,22.777779,56.417965,0.51951325,0.0,1.1333988,0.0,0.0,1.0,22.777779,3
5,4,4,0,22.777779,56.39405,0.5180893,0.0,1.0826402,0.0,0.0,1.0,22.777779,3
5,5,4,0,22.777779,56.40194,0.5166653,0.0,1.0583524,0.0,0.0,1.0,22.777779,3
5,6,4,0,22.777779,56.388504,0.5166653,0.0,0.9888158,0.0,0.0,0.0,22.777779,3
5,7,4,0,22.777779,56.37319,0.51951325,0.0,1.0830419,0.0,0.0,0.0,22.777779,3
5,8,4,0,22.777779,56.38592,0.5223613,0.0,1.1218326,0.0,0.0,0.0,22.777779,3
5,9,4,0,22.777779,56.36653,0.52378523,0.0,1.2187203,0.0,0.0,0.0,22.777779,3
5,10,4,0,22.777779,56.367306,0.52378523,0.0,1.4991364,0.0,0.0,0.0,22.777779,3
5,11,4,0,22.777779,56.359364,0.5223613,0.0,1.6549847,0.0,0.0,0.0,22.777779,3
5,12,4,0,22.777779,56.386326,0.5223613,0.0,1.6491051,0.0,0.0,0.0,22.777779,3
5,13,4,0,22.777779,56.43218,0.83212495,0.0,1.91224,0.0,0.0,1.0,22.777779,3
5,14,4,0,22.777779,56.45324,0.52520925,0.0,1.8734766,0.0,0.0,0.0,22.777779,3
5,15,4,0,22.777779,56.44261,0.52520925,0.0,2.1218665,0.0,0.0,0.0,22.777779,3
5,16,4,0,22.777779,56.36801,0.52378523,0.0,2.308455,0.0,0.0,0.0,22.777779,3
5,17,4,0,22.777779,56.531094,0.5280572,0.0,2.8658628,0.0,0.0,0.0,22.777779,3
5,18,4,0,22.777779,56.771706,0.5637565,1.9742471,2.8616068,0.0,0.0,0.0,22.777779,3
5,19,4,0,22.777779,56.651234,0.5666045,0.0,2.2452567,0.0,0.0,0.0,22.777779,3
5,20,4,0,22.777779,56.493996,0.53375316,0.0,2.0190265,0.0,0.0,0.0,22.777779,3
5,21,4,0,22.777779,56.383316,0.5323292,0.0,1.9178988,0.0,0.0,0.0,22.777779,3
5,22,4,0,22.777779,56.388725,0.5309052,0.0,1.903708,0.0,0.0,0.0,22.777779,3
5,23,4,0,22.777779,56.38277,0.5280572,0.0,1.7769169,0.0,0.0,1.0,22.777779,3
5,24,4,0,22.777779,56.415108,0.52378523,0.0,1.6637864,0.0,0.0,1.0,22.777779,3
5,1,5,0,22.777779,56.44908,0.5223613,0.0,1.50733,0.0,0.0,1.0,22.777779,3
5,2,5,0,22.777779,56.49602,0.52093726,0.0,1.3569238,0.0,0.0,1.0,22.777779,3
5,3,5,0,22.777779,56.534447,0.51951325,0.0,1.27732,0.0,0.0,1.0,22.777779,3
5,4,5,0,22.777779,56.610306,0.5180893,0.0,1.2203923,0.0,0.0,1.0,22.777779,3
5,5,5,0,22.777779,56.66613,0.5166653,0.0,1.1706333,0.0,0.0,1.0,22.777779,3
5,6,5,0,22.777779,56.685802,0.5166653,0.0,1.1471941,0.0,0.0,1.0,22.777779,3
5,7,5,0,22.777779,56.66062,0.51951325,0.0,1.2442173,0.0,0.0,1.0,22.777779,3
5,8,5,0,22.777779,56.659374,0.5223613,0.0,1.3607234,0.0,0.0,1.0,22.777779,3
5,9,5,0,22.777779,56.648605,0.52378523,0.0,1.7347174,0.0,0.0,1.0,22.777779,3
5,10,5,0,22.777779,56.66273,0.52378523,0.0,1.895549,0.0,0.0,1.0,22.777779,3
5,11,5,0,22.777779,56.70431,0.5223613,0.0,1.9446266,0.0,0.0,1.0,22.777779,3
5,12,5,0,22.777779,56.74765,0.5223613,0.0,2.0296814,0.0,0.0,1.0,22.777779,3
5,13,5,0,22.777779,56.792652,0.52520925,0.0,2.072906,0.0,0.0,1.0,22.777779,3
5,14,5,0,22.777779,56.737934,0.52520925,0.0,2.1275551,0.0,0.0,0.0,22.777779,3
5,15,5,0,22.777779,56.641186,0.52520925,0.0,2.297625,0.0,0.0,0.0,22.777779,3
5,16,5,0,22.777779,56.58014,0.52378523,0.0,2.5603418,0.0,0.0,0.0,22.777779,3
5,17,5,0,24.60696,50.935303,0.5280572,0.0,1.4898854,0.0,0.0,0.0,24.61111,3
5,18,5,0,23.731457,53.918377,0.5637565,0.9818441,2.4642978,0.0,0.0,0.0,23.722221,3
5,19,5,0,22.787605,56.8244,0.5666045,0.0,3.0046818,0.0,0.0,0.0,22.777779,3
5,20,5,0,22.777824,56.730362,0.53375316,0.0,2.4655,0.0,0.0,0.0,22.777779,3
5,21,5,0,22.777779,56.62144,0.5323292,0.0,2.1749737,0.0,0.0,0.0,22.777779,3
5,22,5,0,22.777779,56.50091,0.5309052,0.0,2.0395253,0.0,0.0,0.0,22.777779,3
5,23,5,0,22.777779,56.463757,0.5280572,0.0,1.971581,0.0,0.0,1.0,22.777779,3
5,24,5,0,22.777779,56.44432,0.52378523,0.0,1.8030115,0.0,0.0,1.0,22.777779,3
5,1,6,0,22.777779,56.44911,0.5223613,0.0,1.6255313,0.0,0.0,1.0,22.777779,3
5,2,6,0,22.777779,56.49458,0.52093726,0.0,1.489156,0.0,0.0,1.0,22.777779,3
5,3,6,0,22.777779,56.518524,0.51951325,0.0,1.3684652,0.0,0.0,1.0,22.777779,3
5,4,6,0,22.777779,56.5028,0.5180893,0.0,1.3156116,0.0,0.0,1.0,22.777779,3
5,5,6,0,22.777779,56.50787,0.5166653,0.0,1.2589101,0.0,0.0,1.0,22.777779,3
5,6,6,0,22.777779,56.485676,0.5166653,0.0,1.1891394,0.0,0.0,1.0,22.777779,3
5,7,6,0,22.777779,56.462666,0.51951325,0.0,1.2794191,0.0,0.0,1.0,22.777779,3
5,8,6,0,22.777779,56.523735,0.5223613,0.0,1.4378519,0.0,0.0,1.0,22.777779,3
5,9,6,0,22.777779,56.40931,0.8262037,0.0,1.9528533,0.0,0.0,1.0,22.777779,3
5,10,6,0,22.777779,56.36949,0.8174324,0.0,2.1500046,0.0,0.0,1.0,22.777779,3
5,11,6,0,22.777779,56.495667,0.81194586,0.0,2.2280254,0.0,0.0,1.0,22.777779,3
5,12,6,0,22.777779,56.61041,0.8201629,0.0,2.2810473,0.0,0.0,1.0,22.777779,3
5,13,6,0,24.440336,51.419964,0.83212495,0.0,1.1382636,0.0,0.0,1.0,24.444445,3
5,14,6,0,24.99866,49.830982,0.83246505,0.0,1.195366,0.0,0.0,1.0,25.0,3
5,15,6,0,24.999962,49.827812,0.8195951,0.0,1.7122356,0.0,0.0,1.0,25.0,3
5,16,6,0,24.999996,49.825012,0.8468106,1.4648365,2.20712,0.0,0.0,1.0,25.0,3
5,17,6,0,23.667126,54.125336,0.88316506,1.4647248,4.2155466,0.0,0.0,1.0,23.61111,3
5,18,6,0,22.793667,57.140152,0.9856137,0.48827702,4.4200416,0.0,0.0,1.0,22.777779,3
5,19,6,0,22.777893,56.961346,0.5666045,0.0,3.0482836,0.0,0.0,0.0,22.777779,3
5,20,6,0,22.777779,56.80214,0.53375316,0.0,2.601414,0.0,0.0,0.0,22.777779,3
5,21,6,0,22.777779,57.14975,0.9942262,5.037845,5.8967967,0.0,0.0,1.0,22.777779,3
5,22,6,0,22.777779,57.02952,1.0164467,0.0,2.5945535,0.0,0.0,1.0,22.777779,3
5,23,6,0,22.777779,56.93423,0.5280572,0.0,2.1759093,0.0,0.0,1.0,22.777779,3
5,24,6,0,22.777779,56.90195,0.52378523,0.0,2.012494,0.0,0.0,1.0,22.777779,3
5,1,7,0,22.777779,56.865257,0.5223613,0.0,1.786302,0.0,0.0,1.0,22.777779,3
5,2,7,0,22.777779,56.795387,0.52093726,0.48565066,1.6516075,0.0,0.0,1.0,22.777779,3
5,3,7,0,22.777779,56.799706,0.51951325,0.0,1.4972382,0.0,0.0,1.0,22.777779,3
5,4,7,0,22.777779,56.727673,0.5180893,0.0,1.3961407,0.0,0.0,1.0,22.777779,3
5,5,7,0,22.777779,56.712082,0.5166653,0.0,1.3274795,0.0,0.0,1.0,22.777779,3
5,6,7,0,22.777779,56.62177,0.5166653,0.0,1.2818218,0.0,0.0,1.0,22.777779,3
5,7,7,0,22.777779,56.53459,0.51951325,0.0,1.3674089,0.0,0.0,1.0,22.777779,3
5,8,7,0,22.777779,56.53487,0.5223613,0.0,1.4839478,0.0,0.0,1.0,22.777779,3
5,9,7,0,22.777779,56.753906,0.8262037,2.4081085,3.5426068,0.0,0.0,1.0,22.777779,3
5,10,7,0,22.777779,56.760284,0.8174324,0.0,2.155042,0.0,0.0,1.0,22.777779,3
5,11,7,0,22.777779,56.975212,0.81194586,2.3812623,3.8065324,0.0,0.0,1.0,22.777779,3
5,12,7,0,22.777779,57.135014,0.5223613,1.606723,3.1468534,0.0,0.0,0.0,22.777779,3
5,13,7,0,22.722588,57.28463,0.52520925,0.9712923,2.3173203,0.0,0.0,0.0,22.722221,3
5,14,7,0,22.342663,58.515446,0.52520925,0.97126806,2.8180256,0.0,0.0,0.0,22.333334,3
5,15,7,0,22.750467,57.03994,0.52520925,0.9713078,2.461136,0.0,0.0,0.0,22.777779,3
5,16,7,0,22.776558,56.893753,0.52378523,0.0,2.5633547,0.0,0.0,1.0,22.777779,3
5,17,7,0,22.777748,57.0776,0.88316506,0.0,3.3905067,0.0,0.0,1.0,22.777779,3
5,18,7,0,22.777777,57.20774,0.5637565,0.0,3.0813813,0.0,0.0,0.0,22.777779,3
5,19,7,0,22.777779,57.034473,0.5666045,0.0,2.5082726,0.0,0.0,0.0,22.777779,3
5,20,7,0,22.777779,56.884567,0.53375316,0.0,2.301645,0.0,0.0,0.0,22.777779,3
5,21,7,0,22.777779,56.779324,0.5323292,0.97129416,2.3082469,0.0,0.0,0.0,22.777779,3
5,22,7,0,22.777779,56.688465,1.0164467,0.0,2.3742435,0.0,0.0,1.0,22.777779,3
5,23,7,0,22.777779,56.642456,0.86549777,0.0,2.1714106,0.0,0.0,1.0,22.777779,3
5,24,7,0,22.777779,56.64004,0.52378523,0.0,1.8869743,0.0,0.0,1.0,22.777779,3
5,1,1,0,22.777779,56.653965,0.5223613,0.0,1.6935551,0.0,0.0,1.0,22.777779,3
5,2,1,0,22.777779,56.65485,0.52093726,0.0,1.5029514,0.0,0.0,1.0,22.777779,3
5,3,1,0,22.777779,56.63663,0.51951325,0.0,1.4251745,0.0,0.0,1.0,22.777779,3
5,4,1,0,22.777779,56.637375,0.5180893,0.0,1.3313266,0.0,0.0,1.0,22.777779,3
5,5,1,0,22.777779,56.52544,0.5166653,0.0,1.2232823,0.0,0.0,0.0,22.777779,3
5,6,1,0,22.777779,56.37886,0.5166653,0.0,1.181805,0.0,0.0,0.0,22.777779,3
5,7,1,0,22.777779,56.34334,0.51951325,0.0,1.2983731,0.0,0.0,0.0,22.777779,3
5,8,1,0,22.777779,56.322163,0.5223613,0.0,1.4461266,0.0,0.0,0.0,22.777779,3
5,9,1,0,22.777779,56.307125,0.52378523,0.0,1.8384213,0.0,0.0,0.0,22.777779,3
5,10,1,0,22.777779,56.28769,0.52378523,0.0,1.9860291,0.0,0.0,0.0,22.777779,3
5,11,1,0,22.777779,56.319042,0.5223613,0.0,2.0737424,0.0,0.0,0.0,22.777779,3
5,12,1,0,22.777779,56.35961,0.5223613,0.0,2.134139,0.0,0.0,0.0,22.777779,3
5,13,1,0,23.555481,53.81475,0.52520925,0.0,1.5071952,0.0,0.0,0.0,23.555555,3
5,14,1,0,22.790096,56.294125,0.52520925,0.0,2.422241,0.0,0.0,0.0,22.777779,3
5,15,1,0,22.777779,56.16216,0.52520925,0.0,2.4889228,0.0,0.0,0.0,22.777779,3
5,16,1,0,22.777779,55.981373,0.52378523,0.0,2.7306218,0.0,0.0,0.0,22.777779,3
5,17,1,0,22.777779,56.122696,0.5280572,0.0,3.2661235,0.0,0.0,0.0,22.777779,3
5,18,1,0,22.777779,56.28496,0.5637565,0.0,3.048451,0.0,0.0,0.0,22.777779,3
5,19,1,0,22.777779,56.17659,0.5666045,0.0,2.5379329,0.0,0.0,0.0,22.777779,3
5,20,1,0,22.777779,56.113644,0.9827759,0.0,2.594256,0.0,0.0,1.0,22.777779,3
5,21,1,0,22.777779,56.06568,0.5323292,0.0,2.2233822,0.0,0.0,0.0,22.777779,3
5,22,1,0,22.777779,56.01016,0.5309052,0.0,2.0876472,0.0,0.0,0.0,22.777779,3
5,23,1,0,22.777779,55.97758,0.5280572,0.0,1.9399753,0.0,0.0,0.0,22.777779,3
5,24,1,0,22.777779,55.968628,0.6768194,0.0,1.9211762,0.0,0.0,1.0,22.777779,3
5,1,2,0,22.777779,56.07326,0.6101621,2.4024,2.0130763,0.0,0.0,1.0,22.777779,3
5,2,2,0,22.777779,56.028378,0.52093726,0.0,1.4849695,0.0,0.0,0.0,22.777779,3
5,3,2,0,22.777779,56.00336,0.51951325,0.0,1.4208272,0.0,0.0,1.0,22.777779,3
5,4,2,0,22.777779,56.05413,0.5180893,0.0,1.3365319,0.0,0.0,1.0,22.777779,3
5,5,2,0,22.777779,56.05169,0.5166653,0.0,1.2930799,0.0,0.0,1.0,22.777779,3
5,6,2,0,22.777779,56.069862,0.57909477,0.0,1.2734895,0.0,0.0,1.0,22.777779,3
5,7,2,0,22.777779,56.07471,0.70924115,0.0,1.433815,0.0,0.0,1.0,22.777779,3
5,8,2,0,22.777779,56.1058,0.5223613,0.0,1.4785389,0.0,0.0,0.0,22.777779,3
5,9,2,0,22.777779,56.084644,0.52378523,0.0,1.8373038,0.0,0.0,0.0,22.777779,3
5,10,2,0,22.777779,56.125797,0.8174324,0.0,2.164899,0.0,0.0,1.0,22.777779,3
5,11,2,0,22.777779,56.33075,0.81194586,1.5661926,3.3074613,0.0,0.0,1.0,22.777779,3
5,12,2,0,22.99932,55.6277,0.8201629,0.0,2.1532316,0.0,0.0,1.0,23.0,3
5,13,2,0,24.993324,49.58037,0.83212495,0.7853151,1.2981738,0.0,0.0,1.0,25.0,3
5,14,2,0,24.999916,50.096092,0.83246505,2.7141063,3.1189744,0.0,0.0,1.0,25.0,3
5,15,2,0,24.394615,51.77117,0.52520925,0.0,2.1109104,0.0,0.0,0.0,24.333334,3
5,16,2,0,22.859787,56.53599,0.52378523,0.0,3.7447622,0.0,0.0,0.0,22.777779,3
5,17,2,0,22.780037,56.790886,0.5280572,0.0,3.8439608,0.0,0.0,0.0,22.777779,3
5,18,2,0,22.777819,56.77836,0.9856137,0.9609478,3.6935244,0.0,0.0,1.0,22.777779,3
5,19,2,0,22.777779,56.586315,0.5666045,0.0,2.7116868,0.0,0.0,0.0,22.777779,3
5,20,2,0,22.777779,56.45924,0.53375316,0.0,2.4296737,0.0,0.0,0.0,22.777779,3
5,21,2,0,23.887783,52.800846,0.5323292,0.0,1.4347417,0.0,0.0,0.0,23.88889,3
5,22,2,0,22.790895,56.308704,0.5309052,0.0,2.4031143,0.0,0.0,0.0,22.777779,3
5,23,2,0,22.77793,56.322327,0.5280572,0.0,2.2314572,0.0,0.0,1.0,22.777779,3
5,24,2,0,22.77778,56.30892,0.52378523,0.0,1.9771438,0.0,0.0,1.0,22.777779,3
5,1,3,0,22.777779,56.299698,0.5223613,0.0,1.7502507,0.0,0.0,1.0,22.777779,3
5,2,3,0,22.777779,56.289062,0.52093726,0.0,1.5710515,0.0,0.0,1.0,22.777779,3
5,3,3,0,22.777779,56.317924,0.51951325,0.0,1.4733855,0.0,0.0,1.0,22.777779,3
5,4,3,0,22.777779,56.400112,0.5180893,0.0,1.3746923,0.0,0.0,1.0,22.777779,3
5,5,3,0,22.777779,56.445896,0.5166653,0.0,1.3091289,0.0,0.0,1.0,22.777779,3
5,6,3,0,22.777779,56.45053,0.5166653,0.0,1.2707084,0.0,0.0,1.0,22.777779,3
5,7,3,0,22.777779,56.507572,0.51951325,0.0,1.3718749,0.0,0.0,1.0,22.777779,3
5,8,3,0,23.666245,53.676285,0.5223613,0.0,0.80389935,0.0,0.0,1.0,23.666666,3
5,9,3,0,24.996183,49.665043,0.52378523,0.0,0.5271571,0.0,0.0,0.0,25.0,3
5,10,3,0,24.999996,49.723408,0.52378523,0.0,0.97511685,0.0,0.0,0.0,25.0,3
5,11,3,0,25.0,49.785248,0.5223613,0.0,1.170406,0.0,0.0,0.0,25.0,3
5,12,3,0,25.0,49.86544,0.5223613,0.0,1.3136493,0.0,0.0,0.0,25.0,3
5,13,3,0,25.0,49.926113,0.52520925,0.0,1.4146004,0.0,0.0,0.0,25.0,3
5,14,3,0,25.0,49.953747,0.52520925,0.0,1.5967276,0.0,0.0,0.0,25.0,3
5,15,3,0,24.789738,50.60989,0.8195951,0.0,2.267215,0.0,0.0,1.0,24.777779,3
5,16,3,0,22.952425,56.69435,0.8468106,4.178534,7.099,0.0,0.0,1.0,22.777779,3
5,17,3,0,23.217905,55.79707,0.5280572,0.0,3.727889,0.0,0.0,0.0,23.222221,3
5,18,3,0,24.996891,50.45054,0.5637565,0.0,1.5435023,0.0,0.0,0.0,25.0,3
5,19,3,0,24.999989,50.401295,0.5666045,0.0,1.5086367,0.0,0.0,0.0,25.0,3
5,20,3,0,25.0,50.361603,0.53375316,0.955854,1.6690805,0.0,0.0,0.0,25.0,3
5,21,3,0,25.0,50.328304,0.5323292,0.0,1.563616,0.0,0.0,0.0,25.0,3
5,22,3,0,22.926823,56.734222,0.5309052,0.0,3.149006,0.0,0.0,0.0,22.88889,3
5,23,3,0,22.780323,57.047184,0.5280572,0.0,2.6638265,0.0,0.0,0.0,22.777779,3
5,24,3,0,22.777819,57.038815,0.52378523,0.0,2.1766229,0.0,0.0,1.0,22.777779,3
5,1,4,0,22.777779,57.03029,0.5223613,0.0,1.8922665,0.0,0.0,1.0,22.777779,3
5,2,4,0,22.777779,57.09516,0.52093726,0.0,1.6702564,0.0,0.0,1.0,22.777779,3
5,3,4,0,22.777779,57.145035,0.51951325,0.0,1.5324954,0.0,0.0,1.0,22.777779,3
5,4,4,0,22.777779,57.19098,0.5180893,0.0,1.4458138,0.0,0.0,1.0,22.777779,3
5,5,4,0,22.777779,57.210854,0.5166653,0.0,1.3882753,0.0,0.0,1.0,22.777779,3
5,6,4,0,22.777779,57.27589,0.5166653,0.0,1.3534881,0.0,0.0,1.0,22.777779,3
5,7,4,0,22.777779,57.253456,0.51951325,0.0,1.4372079,0.0,0.0,1.0,22.777779,3
5,8,4,0,23.775763,54.031296,0.8153945,0.0,0.8677143,0.0,0.0,1.0,23.777779,3
5,9,4,0,24.164612,53.007507,0.8262037,1.5496337,2.1617532,0.0,0.0,1.0,24.166666,3
5,10,4,0,22.792688,57.465725,0.8174324,0.0,2.5144053,0.0,0.0,1.0,22.777779,3
5,11,4,0,22.777859,57.685455,0.5223613,3.3159719,4.614673,0.0,0.0,0.0,22.777779,3
5,12,4,0,22.777779,57.639927,0.5223613,0.475412,2.291839,0.0,0.0,0.0,22.777779,3
5,13,4,0,22.777779,57.597515,0.52520925,0.0,2.2869954,0.0,0.0,0.0,22.777779,3
5,14,4,0,22.777779,57.526596,0.52520925,0.0,2.3901978,0.0,0.0,0.0,22.777779,3
5,15,4,0,22.777779,57.466347,0.52520925,1.4261386,2.7693584,0.0,0.0,0.0,22.777779,3
5,16,4,0,22.777779,57.316418,0.52378523,0.0,2.7910826,0.0,0.0,0.0,22.777779,3
5,17,4,0,22.777779,57.425224,0.5280572,0.0,3.3802476,0.0,0.0,0.0,22.777779,3
5,18,4,0,22.777779,57.463333,0.5637565,0.0,3.1519895,0.0,0.0,0.0,22.777779,3
5,19,4,0,22.777779,57.289806,0.5666045,0.0,2.6336615,0.0,0.0,0.0,22.777779,3
5,20,4,0,22.777779,57.16558,0.53375316,0.0,2.3583224,0.0,0.0,0.0,22.777779,3
5,21,4,0,22.777779,57.097706,0.5323292,0.0,2.2447298,0.0,0.0,0.0,22.777779,3
5,22,4,0,22.777779,57.032047,0.5309052,0.0,2.1116028,0.0,0.0,0.0,22.777779,3
5,23,4,0,22.777779,56.95427,0.86549777,0.0,2.1083465,0.0,0.0,1.0,22.777779,3
5,24,4,0,22.777779,56.932957,0.52378523,0.0,1.8776118,0.0,0.0,1.0,22.777779,3
6,1,5,0,22.777779,56.94829,0.5229918,0.0,1.6556622,0.0,0.0,1.0,22.777779,3
6,2,5,0,22.777779,56.995876,0.521552,0.0,1.5120417,0.0,0.0,1.0,22.777779,3
6,3,5,0,22.777779,57.071133,0.5201123,0.47291252,1.4926585,0.0,0.0,1.0,22.777779,3
6,4,5,0,22.777779,57.13581,0.5186725,0.0,1.3631744,0.0,0.0,1.0,22.777779,3
6,5,5,0,22.777779,57.160763,0.5172328,0.0,1.3038182,0.0,0.0,1.0,22.777779,3
6,6,5,0,22.777779,57.195225,0.5172328,0.0,1.2564336,0.0,0.0,1.0,22.777779,3
6,7,5,0,22.777779,57.22723,0.5201123,0.0,1.3471601,0.0,0.0,1.0,22.777779,3
6,8,5,0,22.777779,57.283768,0.5229918,0.0,1.4120202,0.0,0.0,1.0,22.777779,3
6,9,5,0,22.777779,57.280746,0.5244316,0.0,1.5736674,0.0,0.0,1.0,22.777779,3
6,10,5,0,22.777779,57.283684,0.70749056,0.0,1.8763784,0.0,0.0,1.0,22.777779,3
6,11,5,0,22.777779,57.299206,0.70204663,0.0,2.1111608,0.0,0.0,1.0,22.777779,3
6,12,5,0,23.333235,55.48872,0.5229918,0.0,1.5938715,0.0,0.0,0.0,23.333334,3
6,13,5,0,22.836271,57.168846,0.52587134,0.0,2.1718233,0.0,0.0,0.0,22.833334,3
6,14,5,0,22.778238,57.360855,0.52587134,0.4729194,2.4313688,0.0,0.0,0.0,22.777779,3
6,15,5,0,22.77779,57.302837,0.52587134,0.94577783,2.686718,0.0,0.0,0.0,22.777779,3
6,16,5,0,22.777779,57.19794,0.5244316,0.0,2.7742558,0.0,0.0,0.0,22.777779,3
6,17,5,0,22.777779,57.219097,0.52875084,0.0,3.3824236,0.0,0.0,0.0,22.777779,3
6,18,5,0,22.777779,57.32054,0.5645132,0.0,3.1554918,0.0,0.0,0.0,22.777779,3
6,19,5,0,22.777779,57.14813,0.5673927,0.0,2.5811453,0.0,0.0,0.0,22.777779,3
6,20,5,0,22.777779,57.01271,0.53450984,0.0,2.3740091,0.0,0.0,0.0,22.777779,3
6,21,5,0,23.887674,53.269627,0.5330701,0.0,1.3629684,0.0,0.0,0.0,23.88889,3
6,22,5,0,22.790665,56.845642,0.53163034,0.0,2.321964,0.0,0.0,0.0,22.777779,3
6,23,5,0,22.77792,56.823547,0.52875084,0.0,2.1131165,0.0,0.0,0.0,22.777779,3
6,24,5,0,22.777779,56.82566,0.5244316,0.0,1.8653185,0.0,0.0,0.0,22.777779,3
6,1,6,0,22.777779,56.851654,0.5229918,0.0,1.7128124,0.0,0.0,1.0,22.777779,3
6,2,6,0,22.777779,56.89926,0.521552,0.0,1.5682532,0.0,0.0,1.0,22.777779,3
6,3,6,0,22.777779,56.941532,0.5201123,0.0,1.4736762,0.0,0.0,1.0,22.777779,3
6,4,6,0,22.777779,57.10285,0.5186725,0.0,1.3820066,0.0,0.0,1.0,22.777779,3
6,5,6,0,22.777779,57.176052,0.5172328,0.0,1.3134644,0.0,0.0,1.0,22.777779,3
6,6,6,0,22.777779,57.18305,0.5172328,0.0,1.273662,0.0,0.0,1.0,22.777779,3
6,7,6,0,22.777779,57.30502,0.5201123,0.0,1.3436141,0.0,0.0,1.0,22.777779,3
6,8,6,0,22.777779,57.374687,0.5229918,0.0,1.4678402,0.0,0.0,1.0,22.777779,3
6,9,6,0,22.777779,57.325577,0.5244316,0.0,1.768182,0.0,0.0,1.0,22.777779,3
6,10,6,0,22.777779,57.31706,0.5244316,0.0,1.9958903,0.0,0.0,1.0,22.777779,3
6,11,6,0,22.777779,57.30739,0.5229918,0.0,2.1222856,0.0,0.0,1.0,22.777779,3
6,12,6,0,24.496584,52.60573,4.4050655,0.0,1.6508192,0.0,0.0,1.0,24.5,3
6,13,6,0,24.333752,53.127796,0.71787935,0.0,1.5504189,0.0,0.0,1.0,24.333334,3
6,14,6,0,22.811506,57.95166,0.71797997,0.0,3.1531699,0.0,0.0,1.0,22.777779,3
6,15,6,0,22.77858,57.882385,0.70725137,0.0,3.1985745,0.0,0.0,1.0,22.777779,3
6,16,6,0,22.777779,57.567684,0.72971207,0.0,3.1928482,0.0,0.0,1.0,22.777779,3
6,17,6,0,22.777779,57.591805,0.7608982,0.0,3.729889,0.0,0.0,1.0,22.777779,3
6,18,6,0,22.777779,57.583656,0.8525658,0.94089323,3.6365087,0.0,0.0,1.0,22.777779,3
6,19,6,0,22.777779,57.395863,0.88369906,1.4113245,3.0909202,0.0,0.0,1.0,22.777779,3
6,20,6,0,24.6064,51.465206,0.8463143,0.0,1.2087415,0.0,0.0,1.0,24.61111,3
6,21,6,0,24.999815,50.310127,0.8579059,0.4704568,1.3179857,0.0,0.0,1.0,25.0,3
6,22,6,0,24.889303,50.61461,0.53163034,0.0,1.4040755,0.0,0.0,0.0,24.88889,3
6,23,6,0,22.81657,57.185158,0.7585331,0.47045588,3.1996326,0.0,0.0,1.0,22.777779,3
6,24,6,0,22.778418,57.24371,0.5244316,0.9408788,2.6456923,0.0,0.0,1.0,22.777779,3
6,1,7,0,22.777788,57.227623,0.5229918,0.0,2.0306106,0.0,0.0,1.0,22.777779,3
6,2,7,0,22.777779,57.243713,0.521552,0.0,1.7465031,0.0,0.0,1.0,22.777779,3
6,3,7,0,22.777779,57.259624,0.5201123,0.0,1.5781854,0.0,0.0,1.0,22.777779,3
6,4,7,0,22.777779,57.31269,0.5186725,0.0,1.4555253,0.0,0.0,1.0,22.777779,3
6,5,7,0,22.777779,57.29508,0.5172328,0.0,1.3712946,0.0,0.0,1.0,22.777779,3
6,6,7,0,22.777779,57.301136,0.5172328,0.0,1.3073281,0.0,0.0,1.0,22.777779,3
6,7,7,0,22.777779,57.29065,0.5201123,0.0,1.3208647,0.0,0.0,1.0,22.777779,3
6,8,7,0,22.777779,57.305145,0.5229918,0.0,1.4301652,0.0,0.0,1.0,22.777779,3
6,9,7,0,22.777779,57.31081,0.5244316,0.0,1.5674387,0.0,0.0,1.0,22.777779,3
6,10,7,0,22.777779,57.32158,0.5244316,0.0,1.7849282,0.0,0.0,1.0,22.777779,3
6,11,7,0,22.777779,57.341404,0.70204663,0.0,2.0757422,0.0,0.0,1.0,22.777779,3
6,12,7,0,22.777779,57.35731,0.7080301,0.0,2.164664,0.0,0.0,1.0,22.777779,3
6,13,7,0,22.777779,57.39016,0.71787935,0.0,2.251291,0.0,0.0,1.0,22.777779,3
6,14,7,0,22.777779,57.401295,0.71797997,0.0,2.459548,0.0,0.0,1.0,22.777779,3
6,15,7,0,22.777779,57.313557,0.52587134,0.0,2.5265105,0.0,0.0,0.0,22.777779,3
6,16,7,0,22.777779,57.22596,0.5244316,0.0,2.630747,0.0,0.0,0.0,22.777779,3
6,17,7,0,22.777779,57.524742,0.52875084,0.93601763,3.3833137,0.0,0.0,0.0,22.777779,3
6,18,7,0,22.777779,57.774513,0.5645132,0.0,3.0748558,0.0,0.0,0.0,22.777779,3
6,19,7,0,22.777779,57.64939,0.5673927,0.0,2.4817445,0.0,0.0,0.0,22.777779,3
6,20,7,0,22.777779,57.521736,0.53450984,0.0,2.2929914,0.0,0.0,0.0,22.777779,3
6,21,7,0,22.777779,57.436142,0.5330701,0.0,2.2193034,0.0,0.0,0.0,22.777779,3
6,22,7,0,22.777779,57.337185,0.53163034,0.0,2.1449099,0.0,0.0,0.0,22.777779,3
6,23,7,0,22.777779,57.299915,0.7585331,0.0,2.19974,0.0,0.0,1.0,22.777779,3
6,24,7,0,22.777779,57.28462,0.5244316,0.0,1.8560835,0.0,0.0,1.0,22.777779,3
6,1,1,0,22.777779,57.291767,0.5229918,0.0,1.5966052,0.0,0.0,1.0,22.777779,3
6,2,1,0,22.777779,57.245335,0.521552,0.0,1.4381795,0.0,0.0,1.0,22.777779,3
6,3,1,0,22.777779,57.26148,0.5201123,0.0,1.339811,0.0,0.0,1.0,22.777779,3
6,4,1,0,22.777779,57.314957,0.5186725,0.0,1.2589886,0.0,0.0,1.0,22.777779,3
6,5,1,0,22.777779,57.24827,0.5172328,0.0,1.2339685,0.0,0.0,1.0,22.777779,3
6,6,1,0,22.777779,57.192554,0.5172328,0.0,1.1847831,0.0,0.0,1.0,22.777779,3
6,7,1,0,22.777779,57.28184,0.5201123,0.0,1.1840883,0.0,0.0,1.0,22.777779,3
6,8,1,0,22.777779,57.472683,0.5229918,0.0,1.1936033,0.0,0.0,0.0,22.777779,3
6,9,1,0,22.777779,57.073063,0.5244316,0.0,1.2820951,0.0,0.0,0.0,22.777779,3
6,10,1,0,22.777779,56.870815,0.5244316,0.0,1.3411475,0.0,0.0,0.0,22.777779,3
6,11,1,0,22.777779,56.641483,0.5229918,0.0,1.4113163,0.0,0.0,0.0,22.777779,3
6,12,1,0,22.777779,56.749683,0.5229918,0.0,1.4133215,0.0,0.0,0.0,22.777779,3
6,13,1,0,22.777779,56.854996,0.52587134,0.0,1.448908,0.0,0.0,0.0,22.777779,3
6,14,1,0,22.777779,56.80053,0.52587134,0.0,1.5143905,0.0,0.0,0.0,22.777779,3
6,15,1,0,22.777779,56.789356,0.52587134,3.2591152,2.1397715,0.0,0.0,0.0,22.777779,3
6,16,1,0,22.777779,56.679707,0.5244316,0.0,1.9682522,0.0,0.0,0.0,22.777779,3
6,17,1,0,22.777779,57.056026,0.52875084,0.0,2.4750803,0.0,0.0,0.0,22.777779,3
6,18,1,0,22.777779,57.2732,0.5645132,0.0,2.4153,0.0,0.0,0.0,22.777779,3
6,19,1,0,22.777779,57.163734,0.5673927,0.0,1.9826573,0.0,0.0,0.0,22.777779,3
6,20,1,0,22.777779,57.062008,0.53450984,0.0,1.7943064,0.0,0.0,0.0,22.777779,3
6,21,1,0,22.777779,56.958195,0.5330701,0.0,1.767686,0.0,0.0,0.0,22.777779,3
6,22,1,0,22.777779,56.878838,0.8827137,0.0,1.9201806,0.0,0.0,1.0,22.777779,3
6,23,1,0,22.777779,56.848774,0.52875084,0.0,1.7164775,0.0,0.0,1.0,22.777779,3
6,24,1,0,22.777779,56.83174,0.5244316,0.0,1.6060973,0.0,0.0,1.0,22.777779,3
6,1,2,0,22.777779,56.795006,0.5229918,0.0,1.4483883,0.0,0.0,1.0,22.777779,3
6,2,2,0,22.777779,56.77518,0.521552,0.0,1.3134849,0.0,0.0,1.0,22.777779,3
6,3,2,0,22.777779,56.76951,0.5201123,0.0,1.233929,0.0,0.0,1.0,22.777779,3
6,4,2,0,22.777779,56.81282,0.5186725,0.0,1.1728183,0.0,0.0,1.0,22.777779,3
6,5,2,0,22.777779,56.828278,0.5172328,0.0,1.1255739,0.0,0.0,1.0,22.777779,3
6,6,2,0,22.777779,56.866722,0.5172328,0.0,1.0993912,0.0,0.0,1.0,22.777779,3
6,7,2,0,22.777779,56.892803,0.5201123,0.0,1.2071838,0.0,0.0,1.0,22.777779,3
6,8,2,0,24.327192,51.928856,0.5229918,0.0,0.37046367,0.0,0.0,1.0,24.333334,3
6,9,2,0,24.999338,49.997524,0.5244316,0.0,0.6563182,0.0,0.0,1.0,25.0,3
6,10,2,0,25.0,50.077385,0.5244316,0.0,0.94899493,0.0,0.0,1.0,25.0,3
6,11,2,0,25.0,50.26878,0.5229918,0.0,1.15723,0.0,0.0,1.0,25.0,3
6,12,2,0,25.0,50.342766,0.5229918,0.0,1.3098246,0.0,0.0,1.0,25.0,3
6,13,2,0,24.833977,50.924667,0.52587134,0.0,1.5628455,0.0,0.0,1.0,24.833334,3
6,14,2,0,24.612978,51.59766,0.71797997,0.0,1.9924787,0.0,0.0,1.0,24.61111,3
6,15,2,0,24.447107,52.023575,0.70725137,0.0,2.2657363,0.0,0.0,1.0,24.444445,3
6,16,2,0,24.30871,52.297493,0.5244316,0.0,2.4626482,0.0,0.0,0.0,24.277779,3
6,17,2,0,24.06281,53.14199,0.7608982,0.0,3.3573425,0.0,0.0,1.0,24.055555,3
6,18,2,0,23.890703,53.699417,0.5645132,0.0,3.0990288,0.0,0.0,0.0,23.88889,3
6,19,2,0,23.723288,54.045242,0.5673927,0.4632472,2.646629,0.0,0.0,0.0,23.722221,3
6,20,2,0,23.501038,54.597607,0.53450984,0.0,2.4842715,0.0,0.0,0.0,23.5,3
6,21,2,0,23.334427,55.02604,0.8579059,0.46324724,2.6143982,0.0,0.0,1.0,23.333334,3
6,22,2,0,23.168541,55.717155,0.8827137,2.252118,4.085559,0.0,0.0,1.0,23.166666,3
6,23,2,0,22.94739,56.383957,0.7585331,0.0,2.446243,0.0,0.0,1.0,22.944445,3
6,24,2,0,22.780218,56.98,0.5244316,0.0,2.2114725,0.0,0.0,1.0,22.777779,3
6,1,3,0,22.777813,56.985806,0.5229918,0.0,1.8622822,0.0,0.0,1.0,22.777779,3
6,2,3,0,22.777779,57.00498,0.521552,0.0,1.6443812,0.0,0.0,1.0,22.777779,3
6,3,3,0,22.777779,57.053047,0.5201123,0.46090257,1.5705994,0.0,0.0,1.0,22.777779,3
6,4,3,0,22.777779,57.115307,0.5186725,0.0,1.4127337,0.0,0.0,1.0,22.777779,3
6,5,3,0,22.777779,57.125595,0.5172328,0.0,1.3493345,0.0,0.0,1.0,22.777779,3
6,6,3,0,22.777779,57.907257,4.399307,0.0,2.065282,0.0,0.0,0.0,22.777779,3
6,7,3,0,22.777779,58.571953,0.5201123,0.0,1.4202437,0.0,0.0,0.0,22.777779,3
6,8,3,0,23.665981,55.46463,0.5229918,0.0,0.80813867,0.0,0.0,0.0,23.666666,3
6,9,3,0,24.996767,51.356384,0.5244316,0.0,0.58352476,0.0,0.0,0.0,25.0,3
6,10,3,0,24.999996,51.41181,0.5244316,1.3827038,1.1644986,0.0,0.0,0.0,25.0,3
6,11,3,0,25.0,51.51227,0.5229918,0.0,1.2187546,0.0,0.0,0.0,25.0,3
6,12,3,0,25.0,51.489506,0.5229918,0.0,1.3637295,0.0,0.0,0.0,25.0,3
6,13,3,0,25.0,51.43713,0.52587134,0.0,1.4745425,0.0,0.0,0.0,25.0,3
6,14,3,0,25.0,51.51486,0.52587134,0.0,1.8056366,0.0,0.0,0.0,25.0,3
6,15,3,0,25.0,51.39067,0.52587134,0.0,1.962265,0.0,0.0,0.0,25.0,3
6,16,3,0,22.875544,57.92932,0.5244316,0.0,4.061272,0.0,0.0,0.0,22.777779,3
6,17,3,0,22.7801,58.1177,0.52875084,0.0,4.103496,0.0,0.0,0.0,22.777779,3
6,18,3,0,22.777811,58.131916,0.5645132,0.0,3.4813445,0.0,0.0,0.0,22.777779,3
6,19,3,0,22.777779,57.858013,0.5673927,0.0,2.809797,0.0,0.0,0.0,22.777779,3
6,20,3,0,22.777779,57.649246,0.53450984,0.0,2.5071192,0.0,0.0,0.0,22.777779,3
6,21,3,0,22.777779,57.511974,0.5330701,0.0,2.3769245,0.0,0.0,0.0,22.777779,3
6,22,3,0,22.777779,57.40013,0.53163034,0.0,2.2872844,0.0,0.0,1.0,22.777779,3
6,23,3,0,22.777779,57.360123,0.52875084,0.0,2.096257,0.0,0.0,1.0,22.777779,3
6,24,3,0,22.777779,57.32676,0.5244316,0.0,1.9232216,0.0,0.0,1.0,22.777779,3
6,1,4,0,22.777779,57.343117,0.5229918,0.0,1.7600633,0.0,0.0,1.0,22.777779,3
6,2,4,0,22.777779,57.365364,0.521552,0.0,1.5747237,0.0,0.0,1.0,22.777779,3
6,3,4,0,22.777779,57.401337,0.5201123,0.0,1.477332,0.0,0.0,1.0,22.777779,3
6,4,4,0,22.777779,57.41364,0.5186725,0.0,1.3882306,0.0,0.0,1.0,22.777779,3
6,5,4,0,22.777779,57.408016,0.5172328,0.0,1.3259863,0.0,0.0,1.0,22.777779,3
6,6,4,0,22.777779,57.41773,0.5172328,0.0,1.2837167,0.0,0.0,1.0,22.777779,3
6,7,4,0,22.777779,57.57902,0.5201123,2.4762297,2.9902995,0.0,0.0,0.0,22.777779,3
6,8,4,0,22.777779,57.57163,0.71013606,0.0,1.5356655,0.0,0.0,1.0,22.777779,3
6,9,4,0,22.777779,57.59029,0.71743906,0.0,1.8651475,0.0,0.0,1.0,22.777779,3
6,10,4,0,22.777779,57.577396,0.70749056,0.0,1.9590423,0.0,0.0,1.0,22.777779,3
6,11,4,0,23.666666,54.957157,4.808697,3.018202,2.699236,0.0,0.0,1.0,23.666666,3
6,12,4,0,24.666132,52.05662,2.624467,0.4585983,1.8667318,0.0,0.0,1.0,24.666666,3
6,13,4,0,23.183084,56.759426,0.71787935,0.0,2.7032962,0.0,0.0,1.0,23.166666,3
6,14,4,0,24.44386,52.664665,0.52587134,0.0,1.4166567,0.0,0.0,0.0,24.444445,3
6,15,4,0,22.8094,57.825146,0.52587134,0.4585958,3.1220727,0.0,0.0,0.0,22.777779,3
6,16,4,0,22.777779,57.47214,0.5244316,0.91718525,3.0360086,0.0,0.0,0.0,22.777779,3
6,17,4,0,22.777779,57.44122,0.52875084,3.21019,3.8851895,0.0,0.0,0.0,22.777779,3
6,18,4,0,22.777779,57.21888,0.5645132,0.0,3.231848,0.0,0.0,0.0,22.777779,3
6,19,4,0,22.777779,56.997242,0.5673927,0.0,2.6205864,0.0,0.0,0.0,22.777779,3
6,20,4,0,22.777779,56.838615,0.53450984,0.0,2.3964946,0.0,0.0,0.0,22.777779,3
6,21,4,0,22.777779,56.754284,0.5330701,0.0,2.3000405,0.0,0.0,1.0,22.777779,3
6,22,4,0,22.777779,56.711277,0.53163034,0.0,2.223639,0.0,0.0,1.0,22.777779,3
6,23,4,0,22.777779,56.66676,0.52875084,0.0,2.0075397,0.0,0.0,1.0,22.777779,3
6,24,4,0,22.777779,56.642673,0.5244316,0.0,1.8435911,0.0,0.0,1.0,22.777779,3
6,1,5,0,22.777779,56.699623,0.5229918,0.0,1.6662686,0.0,0.0,1.0,22.777779,3
6,2,5,0,22.777779,56.753426,0.521552,0.0,1.5123374,0.0,0.0,1.0,22.777779,3
6,3,5,0,22.777779,56.78775,0.5201123,0.0,1.420229,0.0,0.0,1.0,22.777779,3
6,4,5,0,22.777779,56.792328,0.5186725,0.0,1.3156884,0.0,0.0,1.0,22.777779,3
6,5,5,0,22.777779,56.913696,0.5172328,0.0,1.2816172,0.0,0.0,1.0,22.777779,3
6,6,5,0,22.777779,56.949455,0.4984589,0.0,1.2164776,0.0,0.0,1.0,22.777779,3
6,7,5,0,22.777779,57.27193,0.61683655,2.4266117,2.9851887,0.0,0.0,1.0,22.777779,3
6,8,5,0,22.997038,56.517296,0.5229918,0.0,1.1209371,0.0,0.0,0.0,23.0,3
6,9,5,0,24.990795,50.282394,0.5244316,0.0,0.0,0.36242014,0.0,0.0,25.0,3
6,10,5,0,24.999992,50.33133,0.5244316,0.0,0.8896297,0.0,0.0,0.0,25.0,3
6,11,5,0,25.0,50.367104,0.5229918,1.368961,1.1853514,0.0,0.0,0.0,25.0,3
6,12,5,0,25.0,50.431892,0.7080301,0.0,1.3734404,0.0,0.0,1.0,25.0,3
6,13,5,0,25.0,50.431507,0.52587134,0.0,1.4197301,0.0,0.0,0.0,25.0,3
6,14,5,0,25.0,50.44399,0.52587134,0.0,1.5560862,0.0,0.0,0.0,25.0,3
6,15,5,0,25.0,50.40324,0.52587134,0.0,1.8232399,0.0,0.0,0.0,25.0,3
6,16,5,0,23.358442,55.24357,0.5244316,0.0,3.487789,0.0,0.0,0.0,23.277779,3
6,17,5,0,22.835615,56.936512,0.52875084,0.45630142,4.2790318,0.0,0.0,0.0,22.777779,3
6,18,5,0,22.778473,57.081097,0.5645132,0.0,3.451198,0.0,0.0,0.0,22.777779,3
6,19,5,0,22.777782,56.869865,0.5673927,0.0,2.6932242,0.0,0.0,0.0,22.777779,3
6,20,5,0,24.93683,50.0162,0.8463143,0.0,0.9086577,0.0,0.0,1.0,24.944445,3
6,21,5,0,23.242302,55.271038,0.5330701,0.0,2.151915,0.0,0.0,1.0,23.222221,3
6,22,5,0,22.784002,56.70736,0.53163034,0.0,2.669876,0.0,0.0,1.0,22.777779,3
6,23,5,0,22.777884,56.670025,0.52875084,0.0,2.2272227,0.0,0.0,1.0,22.777779,3
6,24,5,0,22.777779,56.6234,0.5244316,0.0,1.948315,0.0,0.0,1.0,22.777779,3
6,1,6,0,22.777779,56.6605,0.5229918,0.0,1.7518299,0.0,0.0,1.0,22.777779,3
6,2,6,0,22.777779,56.710075,0.521552,0.0,1.571871,0.0,0.0,1.0,22.777779,3
6,3,6,0,22.777779,56.768147,0.5201123,0.0,1.4872607,0.0,0.0,1.0,22.777779,3
6,4,6,0,22.777779,56.833313,0.5186725,0.0,1.4080026,0.0,0.0,1.0,22.777779,3
6,5,6,0,22.777779,56.889786,0.5172328,0.0,1.3538823,0.0,0.0,1.0,22.777779,3
6,6,6,0,22.777779,56.947544,0.5172328,0.0,1.3209049,0.0,0.0,1.0,22.777779,3
6,7,6,0,22.777779,56.957047,0.5201123,0.0,1.4205209,0.0,0.0,1.0,22.777779,3
6,8,6,0,22.777779,56.986717,0.5229918,0.0,1.5331593,0.0,0.0,1.0,22.777779,3
6,9,6,0,22.777779,56.984764,0.71743906,0.0,1.9789823,0.0,0.0,1.0,22.777779,3
6,10,6,0,22.777779,56.968075,0.5244316,0.0,2.0425727,0.0,0.0,0.0,22.777779,3
6,11,6,0,22.777779,56.921394,0.5229918,0.0,2.1374032,0.0,0.0,0.0,22.777779,3
6,12,6,0,22.777779,56.88524,0.5229918,0.0,2.1456656,0.0,0.0,0.0,22.777779,3
6,13,6,0,22.777779,56.779057,0.52587134,0.45408013,2.1565182,0.0,0.0,0.0,22.777779,3
6,14,6,0,22.777779,56.753094,0.52587134,0.0,2.3258126,0.0,0.0,0.0,22.777779,3
6,15,6,0,22.777779,56.67406,0.52587134,0.0,2.4364002,0.0,0.0,0.0,22.777779,3
6,16,6,0,22.777779,56.585346,0.5244316,0.0,2.226825,0.0,0.0,0.0,22.777779,3
6,17,6,0,22.777779,57.15111,0.52875084,0.0,2.3382573,0.0,0.0,0.0,22.777779,3
6,18,6,0,22.777779,57.432106,0.5645132,0.0,2.4334764,0.0,0.0,0.0,22.777779,3
6,19,6,0,22.777779,57.246105,0.5673927,0.0,2.1452482,0.0,0.0,0.0,22.777779,3
6,20,6,0,22.777779,57.02552,0.53450984,0.0,1.9693167,0.0,0.0,0.0,22.777779,3
6,21,6,0,22.777779,57.115593,1.9531457,4.73796,4.3242145,0.0,0.0,1.0,22.777779,3
6,22,6,0,22.777779,57.14336,0.53163034,0.0,1.9382005,0.0,0.0,1.0,22.777779,3
6,23,6,0,22.777779,57.633778,8.983187,0.0,2.525794,0.0,0.0,1.0,22.777779,3
6,24,6,0,22.777779,57.536312,0.5244316,0.0,1.7419674,0.0,0.0,1.0,22.777779,3
6,1,7,0,22.777779,57.52385,0.5229918,0.45186043,1.5997245,0.0,0.0,1.0,22.777779,3
6,2,7,0,22.777779,57.56912,0.521552,0.0,1.4261657,0.0,0.0,1.0,22.777779,3
6,3,7,0,22.777779,57.631916,0.5201123,0.0,1.3521396,0.0,0.0,1.0,22.777779,3
6,4,7,0,22.777779,57.67651,0.5186725,0.0,1.2766526,0.0,0.0,1.0,22.777779,3
6,5,7,0,22.777779,57.654934,0.5172328,0.0,1.2548705,0.0,0.0,1.0,22.777779,3
6,6,7,0,22.777779,57.6804,0.5172328,0.0,1.235695,0.0,0.0,1.0,22.777779,3
6,7,7,0,22.777779,57.652565,0.61683655,0.0,1.3843162,0.0,0.0,1.0,22.777779,3
6,8,7,0,22.777779,57.827568,0.5229918,2.1843255,2.9928224,0.0,0.0,0.0,22.777779,3
6,9,7,0,22.777779,57.78054,0.5244316,0.0,1.7893282,0.0,0.0,0.0,22.777779,3
6,10,7,0,22.777779,57.722424,0.5244316,0.0,1.9829317,0.0,0.0,0.0,22.777779,3
6,11,7,0,22.777779,57.683086,0.5229918,1.8074558,2.2738295,0.0,0.0,0.0,22.777779,3
6,12,7,0,22.777779,57.586777,0.5229918,0.4518743,2.1433334,0.0,0.0,0.0,22.777779,3
6,13,7,0,23.220835,56.04406,0.52587134,0.0,1.8002053,0.0,0.0,0.0,23.222221,3
6,14,7,0,24.993708,50.507416,0.52587134,0.0,0.8640872,0.0,0.0,0.0,25.0,3
6,15,7,0,24.287683,52.575653,0.52587134,0.0,1.7627031,0.0,0.0,0.0,24.277779,3
6,16,7,0,24.975634,50.368,0.5244316,0.0,1.6603358,0.0,0.0,0.0,25.0,3
6,17,7,0,24.999653,50.31732,0.52875084,0.0,2.3203726,0.0,0.0,0.0,25.0,3
6,18,7,0,24.396591,52.169025,0.5645132,0.0,2.85503,0.0,0.0,0.0,24.38889,3
6,19,7,0,22.795877,57.110424,0.5673927,0.0,3.789235,0.0,0.0,0.0,22.777779,3
6,20,7,0,22.777893,56.986084,0.53450984,0.0,2.9733407,0.0,0.0,0.0,22.777779,3
6,21,7,0,22.777779,56.752758,0.5330701,0.0,2.5396464,0.0,0.0,0.0,22.777779,3
6,22,7,0,22.777779,56.66469,0.8827137,0.0,2.4524884,0.0,0.0,1.0,22.777779,3
6,23,7,0,22.777779,56.6627,0.52875084,0.0,2.1172125,0.0,0.0,1.0,22.777779,3
6,24,7,0,22.777779,56.67231,0.5244316,0.0,1.9158648,0.0,0.0,1.0,22.777779,3
6,1,1,0,22.777779,56.777454,0.5229918,0.0,1.7792041,0.0,0.0,1.0,22.777779,3
6,2,1,0,22.777779,56.909893,0.521552,0.0,1.5823721,0.0,0.0,1.0,22.777779,3
6,3,1,0,22.777779,56.995197,0.5201123,0.0,1.5041147,0.0,0.0,1.0,22.777779,3
6,4,1,0,22.777779,57.080887,0.5186725,0.0,1.4292932,0.0,0.0,1.0,22.777779,3
6,5,1,0,22.777779,57.1179,0.5172328,0.0,1.3874843,0.0,0.0,1.0,22.777779,3
6,6,1,0,22.777779,57.20192,0.5172328,0.0,1.3568826,0.0,0.0,1.0,22.777779,3
6,7,1,0,22.777779,57.2167,0.5201123,0.0,1.4517128,0.0,0.0,1.0,22.777779,3
6,8,1,0,22.777779,57.246826,0.5229918,0.0,1.5681045,0.0,0.0,1.0,22.777779,3
6,9,1,0,22.777779,57.27789,0.5244316,0.0,1.7481192,0.0,0.0,1.0,22.777779,3
6,10,1,0,22.777779,57.238033,0.5244316,0.0,2.0188973,0.0,0.0,1.0,22.777779,3
6,11,1,0,23.055042,56.300785,0.5229918,0.0,1.9708759,0.0,0.0,1.0,23.055555,3
6,12,1,0,24.993774,50.27768,0.5229918,0.0,0.7162477,0.0,0.0,1.0,25.0,3
6,13,1,0,24.999979,50.372814,0.71787935,0.0,1.191219,0.0,0.0,1.0,25.0,3
6,14,1,0,23.129383,56.468246,0.71797997,3.142943,5.3348694,0.0,0.0,1.0,23.055555,3
6,15,1,0,22.825855,57.289146,0.52587134,0.0,3.4143517,0.0,0.0,0.0,22.777779,3
6,16,1,0,22.781708,57.080856,0.5244316,0.0,3.1183958,0.0,0.0,0.0,22.777779,3
6,17,1,0,22.77813,57.24036,0.52875084,1.349107,3.6796389,0.0,0.0,0.0,22.777779,3
6,18,1,0,22.777784,57.310345,0.5645132,0.44969872,3.2536042,0.0,0.0,0.0,22.777779,3
6,19,1,0,22.777779,57.091026,0.5673927,0.0,2.6067715,0.0,0.0,0.0,22.777779,3
6,20,1,0,22.777779,56.91072,0.53450984,0.0,2.3722804,0.0,0.0,0.0,22.777779,3
6,21,1,0,22.777779,56.663406,0.5330701,0.0,2.2409575,0.0,0.0,0.0,22.777779,3
6,22,1,0,22.777779,56.648823,0.53163034,0.0,2.1391883,0.0,0.0,0.0,22.777779,3
6,23,1,0,22.777779,56.683826,0.52875084,0.0,1.9991176,0.0,0.0,0.0,22.777779,3
6,24,1,0,22.777779,56.66107,0.5244316,0.0,1.8164502,0.0,0.0,0.0,22.777779,3
6,1,2,0,22.777779,56.98366,0.5229918,1.8322549,3.0406709,0.0,0.0,1.0,22.777779,3
6,2,2,0,22.777779,57.010204,0.521552,0.0,1.6039327,0.0,0.0,1.0,22.777779,3
6,3,2,0,22.777779,57.078766,0.5201123,0.0,1.5179285,0.0,0.0,1.0,22.777779,3
6,4,2,0,22.777779,57.2344,0.5186725,0.0,1.4393253,0.0,0.0,1.0,22.777779,3
6,5,2,0,22.777779,57.39027,0.5172328,0.0,1.3937856,0.0,0.0,1.0,22.777779,3
6,6,2,0,22.777779,57.51352,0.5172328,0.0,1.3432682,0.0,0.0,1.0,22.777779,3
6,7,2,0,22.777779,57.579933,0.5201123,0.0,1.4712127,0.0,0.0,1.0,22.777779,3
6,8,2,0,22.777779,57.61172,0.5229918,0.0,1.5459363,0.0,0.0,1.0,22.777779,3
6,9,2,0,22.777779,57.60001,0.5244316,0.0,1.8039643,0.0,0.0,0.0,22.777779,3
6,10,2,0,22.777779,57.60745,0.5244316,0.0,2.058798,0.0,0.0,0.0,22.777779,3
6,11,2,0,22.777779,57.569557,0.5229918,0.0,2.1397567,0.0,0.0,0.0,22.777779,3
6,12,2,0,22.777779,57.431034,0.5229918,0.0,2.1806002,0.0,0.0,0.0,22.777779,3
6,13,2,0,22.777779,57.379414,0.52587134,0.0,2.221321,0.0,0.0,0.0,22.777779,3
6,14,2,0,22.777779,57.293785,0.52587134,0.0,2.4006245,0.0,0.0,0.0,22.777779,3
6,15,2,0,22.777779,57.16217,0.52587134,0.0,2.574021,0.0,0.0,0.0,22.777779,3
6,16,2,0,22.777779,56.978214,0.5244316,0.0,2.756907,0.0,0.0,0.0,22.777779,3
6,17,2,0,22.777779,56.867588,0.52875084,0.0,3.503713,0.0,0.0,0.0,22.777779,3
6,18,2,0,22.777779,56.726402,0.5645132,0.0,3.1959295,0.0,0.0,0.0,22.777779,3
6,19,2,0,22.777779,56.568813,0.5673927,0.0,2.676041,0.0,0.0,0.0,22.777779,3
6,20,2,0,22.777779,56.322777,0.53450984,0.0,2.3860517,0.0,0.0,0.0,22.777779,3
6,21,2,0,24.440184,50.89184,0.5330701,0.0,1.0083812,0.0,0.0,0.0,24.444445,3
6,22,2,0,22.802841,56.138023,0.53163034,0.0,2.2592163,0.0,0.0,1.0,22.777779,3
6,23,2,0,22.778145,56.20742,0.52875084,0.0,2.3143435,0.0,0.0,1.0,22.777779,3
6,24,2,0,22.777782,56.206837,0.5244316,0.0,1.9874235,0.0,0.0,1.0,22.777779,3
6,1,3,0,22.777779,56.243458,0.5229918,0.0,1.7906619,0.0,0.0,1.0,22.777779,3
6,2,3,0,22.777779,56.30161,0.521552,0.0,1.6252551,0.0,0.0,1.0,22.777779,3
6,3,3,0,22.777779,56.439957,0.5201123,0.0,1.5194185,0.0,0.0,1.0,22.777779,3
6,4,3,0,22.777779,56.659874,0.5186725,0.0,1.4507719,0.0,0.0,1.0,22.777779,3
6,5,3,0,22.777779,56.843075,0.5172328,0.0,1.3899257,0.0,0.0,1.0,22.777779,3
6,6,3,0,22.777779,56.931816,0.5172328,0.0,1.359313,0.0,0.0,1.0,22.777779,3
6,7,3,0,22.777779,56.973392,0.5201123,0.0,1.4484982,0.0,0.0,1.0,22.777779,3
6,8,3,0,22.777779,57.064064,0.5229918,0.0,1.5566517,0.0,0.0,1.0,22.777779,3
6,9,3,0,24.99136,50.05584,0.5244316,0.0,0.4197749,0.0,0.0,1.0,25.0,3
6,10,3,0,24.999992,50.15935,0.70749056,0.0,1.2070194,0.0,0.0,1.0,25.0,3
6,11,3,0,25.0,50.281322,0.70204663,0.0,1.3683103,0.0,0.0,1.0,25.0,3
6,12,3,0,25.0,50.364433,0.7080301,0.0,1.5173316,0.0,0.0,1.0,25.0,3
6,13,3,0,25.0,50.61136,0.71787935,2.7624316,3.6118393,0.0,0.0,1.0,25.0,3
6,14,3,0,25.0,50.538887,0.52587134,0.0,1.7351122,0.0,0.0,0.0,25.0,3
6,15,3,0,23.878695,53.831306,0.52587134,0.0,2.9723735,0.0,0.0,0.0,23.833334,3
6,16,3,0,22.830925,56.76939,0.5244316,0.0,3.8527339,0.0,0.0,0.0,22.777779,3
6,17,3,0,22.778585,56.870255,0.52875084,0.0,3.752475,0.0,0.0,0.0,22.777779,3
6,18,3,0,22.77779,56.685287,0.8525658,2.0832314,3.6995614,0.0,0.0,1.0,22.777779,3
6,19,3,0,22.777779,56.785286,0.88369906,2.774592,5.003933,0.0,0.0,1.0,22.777779,3
6,20,3,0,22.777779,56.931988,0.8463143,3.3282778,5.1005034,0.0,0.0,1.0,22.777779,3
6,21,3,0,22.777779,56.757153,0.5330701,0.0,2.51053,0.0,0.0,1.0,22.777779,3
6,22,3,0,22.777779,56.64753,0.53163034,0.44546536,2.4288914,0.0,0.0,1.0,22.777779,3
6,23,3,0,22.777779,56.60805,0.52875084,0.89091176,2.2497296,0.0,0.0,1.0,22.777779,3
6,24,3,0,22.777779,56.572998,0.5244316,0.0,1.9707086,0.0,0.0,1.0,22.777779,3
6,1,4,0,22.777779,56.618706,0.5229918,0.0,1.7742411,0.0,0.0,1.0,22.777779,3
6,2,4,0,22.777779,56.64739,0.521552,0.0,1.6109666,0.0,0.0,1.0,22.777779,3
6,3,4,0,22.777779,56.67352,0.5201123,0.0,1.5044683,0.0,0.0,1.0,22.777779,3
6,4,4,0,22.777779,56.726448,0.5186725,0.0,1.4349209,0.0,0.0,1.0,22.777779,3
6,5,4,0,22.777779,56.758247,0.5172328,0.0,1.367792,0.0,0.0,1.0,22.777779,3
6,6,4,0,22.777779,56.749268,0.5172328,0.0,1.3321906,0.0,0.0,1.0,22.777779,3
6,7,4,0,22.777779,56.759476,0.5201123,0.0,1.4625788,0.0,0.0,1.0,22.777779,3
6,8,4,0,23.332966,54.945145,0.5229918,0.0,1.128527,0.0,0.0,1.0,23.333334,3
6,9,4,0,24.99587,49.83681,0.71743906,0.0,0.7239225,0.0,0.0,1.0,25.0,3
6,10,4,0,24.999996,49.900425,0.70749056,0.0,1.1699126,0.0,0.0,1.0,25.0,3
6,11,4,0,25.0,50.002247,0.70204663,0.0,1.4960241,0.0,0.0,1.0,25.0,3
6,12,4,0,25.0,50.135326,0.7080301,0.0,1.5888356,0.0,0.0,1.0,25.0,3
6,13,4,0,25.0,50.17115,0.52587134,1.3301834,1.7940965,0.0,0.0,1.0,25.0,3
6,14,4,0,25.0,50.169018,0.52587134,0.0,1.8256234,0.0,0.0,1.0,25.0,3
6,15,4,0,25.0,50.090923,0.52587134,0.44339547,1.9591053,0.0,0.0,0.0,25.0,3
6,16,4,0,23.310246,55.075428,0.5244316,0.0,3.7513204,0.0,0.0,0.0,23.222221,3
6,17,4,0,22.78357,56.94382,0.52875084,0.0,4.062934,0.0,0.0,0.0,22.777779,3
6,18,4,0,22.777893,57.253387,0.5645132,2.0209742,4.9679246,0.0,0.0,0.0,22.777779,3
6,19,4,0,22.777779,57.006462,0.5673927,0.0,2.8179708,0.0,0.0,0.0,22.777779,3
6,20,4,0,22.777779,56.820705,0.53450984,0.0,2.5249264,0.0,0.0,0.0,22.777779,3
6,21,4,0,22.777779,56.58529,0.5330701,0.0,2.334018,0.0,0.0,0.0,22.777779,3
6,22,4,0,22.777779,56.487217,0.53163034,0.0,2.2073674,0.0,0.0,0.0,22.777779,3
6,23,4,0,22.777779,56.49464,0.7585331,0.0,2.206644,0.0,0.0,1.0,22.777779,3
6,24,4,0,22.777779,56.477734,0.5897157,0.0,2.0224812,0.0,0.0,1.0,22.777779,3
6,1,5,0,22.777779,56.473362,0.5260766,0.0,1.8082238,0.0,0.0,1.0,22.777779,3
6,2,5,0,22.777779,56.479378,0.4816983,0.0,1.6304877,0.0,0.0,1.0,22.777779,3
6,3,5,0,22.777779,56.5337,0.45930693,0.0,1.5195768,0.0,0.0,1.0,22.777779,3
6,4,5,0,22.777779,56.582176,0.5186725,0.0,1.4770904,0.0,0.0,1.0,22.777779,3
6,5,5,0,22.777779,56.610313,0.5172328,0.0,1.4157044,0.0,0.0,1.0,22.777779,3
6,6,5,0,22.777779,56.59663,0.5172328,0.0,1.3176795,0.0,0.0,0.0,22.777779,3
6,7,5,0,22.777779,56.586548,0.5201123,1.3241332,1.6088569,0.0,0.0,0.0,22.777779,3
6,8,5,0,22.777779,56.61017,0.5229918,0.44137317,1.6069659,0.0,0.0,0.0,22.777779,3
6,9,5,0,22.777779,56.598343,0.5244316,0.0,1.8541895,0.0,0.0,0.0,22.777779,3
6,10,5,0,22.777779,56.607487,0.5244316,0.0,2.0244424,0.0,0.0,0.0,22.777779,3
6,11,5,0,22.777779,56.839653,0.5229918,0.0,2.1349316,0.0,0.0,0.0,22.777779,3
6,12,5,0,22.777779,56.54674,0.5229918,0.0,2.198292,0.0,0.0,0.0,22.777779,3
6,13,5,0,24.990997,49.636158,0.52587134,0.0,0.6223026,0.0,0.0,0.0,25.0,3
6,14,5,0,24.999962,49.66078,0.52587134,0.0,1.0644592,0.0,0.0,0.0,25.0,3
6,15,5,0,25.0,49.781826,0.52587134,0.0,1.8147781,0.0,0.0,0.0,25.0,3
6,16,5,0,23.814518,53.48495,0.5244316,0.0,2.8268237,0.0,0.0,0.0,23.777779,3
6,17,5,0,22.79849,56.93521,0.52875084,0.0,4.1994867,0.0,0.0,0.0,22.777779,3
6,18,5,0,22.777927,56.941376,0.5645132,0.0,3.091017,0.0,0.0,0.0,22.777779,3
6,19,5,0,22.777779,56.866882,0.5673927,0.0,2.6509182,0.0,0.0,0.0,22.777779,3
6,20,5,0,22.777779,56.73241,0.53450984,0.0,2.3273993,0.0,0.0,0.0,22.777779,3
6,21,5,0,22.777779,56.59087,0.5330701,0.0,2.2055285,0.0,0.0,0.0,22.777779,3
6,22,5,0,22.777779,56.519306,0.53163034,0.0,2.055531,0.0,0.0,0.0,22.777779,3
6,23,5,0,22.777779,56.490234,0.52875084,0.0,1.9081731,0.0,0.0,0.0,22.777779,3
6,24,5,0,22.777779,56.47727,0.5244316,0.0,1.7825826,0.0,0.0,0.0,22.777779,3
6,1,6,0,22.777779,56.490543,0.5229918,0.0,1.6259674,0.0,0.0,0.0,22.777779,3
6,2,6,0,22.777779,56.494778,0.521552,0.0,1.4937562,0.0,0.0,0.0,22.777779,3
6,3,6,0,22.777779,56.582005,0.5201123,0.0,1.4773135,0.0,0.0,1.0,22.777779,3
6,4,6,0,22.777779,56.701553,0.5186725,0.0,1.4269964,0.0,0.0,1.0,22.777779,3
6,5,6,0,22.777779,56.804203,0.5172328,0.0,1.378162,0.0,0.0,1.0,22.777779,3
6,6,6,0,22.777779,56.809006,0.5172328,0.0,1.3328394,0.0,0.0,1.0,22.777779,3
6,7,6,0,22.777779,56.835674,0.5201123,0.0,1.4589598,0.0,0.0,1.0,22.777779,3
6,8,6,0,22.777779,56.928482,0.5229918,0.0,1.566546,0.0,0.0,1.0,22.777779,3
6,9,6,0,22.777779,56.944744,0.5244316,0.0,1.7243371,0.0,0.0,1.0,22.777779,3
6,10,6,0,22.777779,57.005585,0.70749056,0.0,1.9972471,0.0,0.0,1.0,22.777779,3
6,11,6,0,22.777779,57.132584,0.5229918,0.0,2.0668483,0.0,0.0,0.0,22.777779,3
6,12,6,0,23.276613,55.490982,0.5229918,0.0,1.6538596,0.0,0.0,0.0,23.277779,3
6,13,6,0,24.99284,50.20742,0.52587134,0.0,0.6290033,0.0,0.0,0.0,25.0,3
6,14,6,0,24.999865,50.388245,0.52587134,0.8787314,1.0988592,0.0,0.0,0.0,25.0,3
6,15,6,0,24.999996,50.29114,0.52587134,0.0,1.2334367,0.0,0.0,0.0,25.0,3
6,16,6,0,25.0,50.108734,0.5244316,0.0,1.5068984,0.0,0.0,0.0,25.0,3
6,17,6,0,25.0,50.5881,0.52875084,0.0,2.0414097,0.0,0.0,0.0,25.0,3
6,18,6,0,25.0,51.242634,0.5645132,0.0,2.126508,0.0,0.0,0.0,25.0,3
6,19,6,0,23.74215,54.9322,0.5673927,0.0,2.8530316,0.0,0.0,0.0,23.722221,3
6,20,6,0,22.790493,57.870926,0.53450984,0.0,3.2439113,0.0,0.0,0.0,22.777779,3
6,21,6,0,22.777903,57.695473,0.8579059,0.0,2.7415655,0.0,0.0,1.0,22.777779,3
6,22,6,0,22.777779,57.52044,0.53163034,0.0,2.2960265,0.0,0.0,1.0,22.777779,3
6,23,6,0,22.777779,57.438084,0.52875084,0.0,2.0786722,0.0,0.0,1.0,22.777779,3
6,24,6,0,22.777779,57.362507,0.5244316,0.0,1.8793178,0.0,0.0,1.0,22.777779,3
6,1,7,0,22.777779,57.363197,0.5229918,0.0,1.7050306,0.0,0.0,1.0,22.777779,3
6,2,7,0,22.777779,57.34065,0.521552,0.0,1.538947,0.0,0.0,1.0,22.777779,3
6,3,7,0,22.777779,57.340706,0.5201123,0.0,1.4602226,0.0,0.0,1.0,22.777779,3
6,4,7,0,22.777779,57.259598,0.5186725,0.0,1.3896571,0.0,0.0,1.0,22.777779,3
6,5,7,0,22.777779,57.15552,0.5172328,0.0,1.3286376,0.0,0.0,1.0,22.777779,3
6,6,7,0,22.777779,57.1008,0.5172328,0.0,1.2853571,0.0,0.0,1.0,22.777779,3
6,7,7,0,22.777779,57.064064,0.5201123,0.0,1.3984729,0.0,0.0,1.0,22.777779,3
6,8,7,0,22.777779,57.066856,0.5229918,0.0,1.5297729,0.0,0.0,1.0,22.777779,3
6,9,7,0,22.777779,57.259663,0.71743906,1.9394042,3.1167586,0.0,0.0,1.0,22.777779,3
6,10,7,0,22.777779,57.25128,0.70749056,0.0,1.8394705,0.0,0.0,1.0,22.777779,3
6,11,7,0,22.777779,57.23843,0.70204663,0.0,2.0525572,0.0,0.0,1.0,22.777779,3
6,12,7,0,22.777779,57.195175,0.7080301,0.0,2.1936893,0.0,0.0,1.0,22.777779,3
6,13,7,0,22.777779,57.17126,0.52587134,0.0,2.1150382,0.0,0.0,0.0,22.777779,3
6,14,7,0,24.439844,51.89433,0.52587134,0.8748554,0.9568506,0.0,0.0,0.0,24.444445,3
6,15,7,0,24.17464,52.789177,0.52587134,0.0,1.5503367,0.0,0.0,0.0,24.166666,3
6,16,7,0,22.802906,57.007477,0.72971207,0.0,3.08289,0.0,0.0,1.0,22.777779,3
6,17,7,0,22.779118,57.60209,0.52875084,0.0,3.2222257,0.0,0.0,0.0,22.777779,3
6,18,7,0,22.777794,57.931675,0.5645132,0.0,2.850041,0.0,0.0,0.0,22.777779,3
6,19,7,0,22.777779,57.75867,0.88369906,0.0,2.5439904,0.0,0.0,1.0,22.777779,3
6,20,7,0,22.777779,57.626408,0.8463143,0.0,2.3856878,0.0,0.0,1.0,22.777779,3
6,21,7,0,22.777779,57.508144,0.8579059,0.0,2.266227,0.0,0.0,1.0,22.777779,3
6,22,7,0,22.777779,57.459908,0.53163034,0.0,1.9944685,0.0,0.0,0.0,22.777779,3
6,23,7,0,22.777779,57.366592,0.52875084,0.0,1.8302506,0.0,0.0,0.0,22.777779,3
6,24,7,0,22.777779,57.40155,0.5244316,0.0,1.7747703,0.0,0.0,1.0,22.777779,3
6,1,1,0,22.777779,57.487682,0.5229918,0.0,1.6389326,0.0,0.0,1.0,22.777779,3
6,2,1,0,22.777779,57.471478,0.521552,0.0,1.4882283,0.0,0.0,1.0,22.777779,3
6,3,1,0,22.777779,57.495213,0.5201123,0.0,1.3922354,0.0,0.0,1.0,22.777779,3
6,4,1,0,22.777779,57.49256,0.5186725,0.0,1.3308191,0.0,0.0,1.0,22.777779,3
6,5,1,0,22.777779,57.426056,0.5172328,0.0,1.2891191,0.0,0.0,1.0,22.777779,3
6,6,1,0,22.777779,57.69749,4.6238832,2.2210994,2.568852,0.0,0.0,1.0,22.777779,3
6,7,1,0,22.777779,58.0295,2.5332735,3.5398796,2.2159579,0.0,0.0,1.0,22.777779,3
6,8,1,0,22.777779,57.59889,0.5229918,0.0,1.5770799,0.0,0.0,0.0,22.777779,3
6,9,1,0,22.777779,57.501514,0.5244316,0.0,1.6011188,0.0,0.0,0.0,22.777779,3
6,10,1,0,23.555216,54.923065,0.5244316,0.0,1.0553162,0.0,0.0,0.0,23.555555,3
6,11,1,0,23.887926,53.86025,0.5229918,0.0,1.0836114,0.0,0.0,0.0,23.88889,3
6,12,1,0,22.955297,56.90511,0.5229918,0.0,2.067511,0.0,0.0,0.0,22.944445,3
6,13,1,0,24.992872,50.460117,0.52587134,0.0,0.57961065,0.0,0.0,0.0,25.0,3
6,14,1,0,24.99997,50.56182,0.52587134,0.0,1.053355,0.0,0.0,0.0,25.0,3
6,15,1,0,25.0,50.59217,0.52587134,0.0,1.3364856,0.0,0.0,0.0,25.0,3
6,16,1,0,24.26718,52.7738,0.5244316,0.0,2.197908,0.0,0.0,0.0,24.222221,3
6,17,1,0,22.878763,57.59946,0.52875084,0.0,3.931506,0.0,0.0,0.0,22.777779,3
6,18,1,0,22.778954,58.21389,0.5645132,0.0,3.2360263,0.0,0.0,0.0,22.777779,3
6,19,1,0,22.777786,58.03893,0.5673927,0.0,2.4432523,0.0,0.0,0.0,22.777779,3
6,20,1,0,22.777779,57.87137,0.53450984,0.0,2.133779,0.0,0.0,0.0,22.777779,3
6,21,1,0,22.777779,57.72221,0.5330701,0.0,1.9759622,0.0,0.0,0.0,22.777779,3
6,22,1,0,22.777779,57.67284,0.53163034,0.0,1.8932376,0.0,0.0,0.0,22.777779,3
6,23,1,0,22.777779,57.637436,0.52875084,0.0,1.797765,0.0,0.0,1.0,22.777779,3
6,24,1,0,22.777779,57.61751,0.5244316,0.0,1.6566068,0.0,0.0,1.0,22.777779,3
6,1,2,0,22.777779,57.650974,0.5229918,0.0,1.5205263,0.0,0.0,1.0,22.777779,3
6,2,2,0,22.777779,57.659607,0.521552,0.0,1.3843676,0.0,0.0,1.0,22.777779,3
6,3,2,0,22.777779,57.66482,0.5201123,0.0,1.3106934,0.0,0.0,1.0,22.777779,3
6,4,2,0,22.777779,57.600636,0.4458579,0.0,1.2065854,0.0,0.0,1.0,22.777779,3
6,5,2,0,22.777779,57.51024,0.5172328,0.0,1.1993117,0.0,0.0,1.0,22.777779,3
6,6,2,0,22.777779,57.407875,0.5172328,0.0,1.1714882,0.0,0.0,1.0,22.777779,3
6,7,2,0,22.777779,57.327824,0.5201123,0.0,1.1995614,0.0,0.0,1.0,22.777779,3
6,8,2,0,23.363373,55.458805,0.5229918,2.2839303,1.6077116,0.0,0.0,0.0,23.38889,3
6,9,2,0,24.98918,50.367714,0.5244316,0.0,0.0,0.29973206,0.0,0.0,25.0,3
6,10,2,0,24.999971,50.715347,0.5244316,0.0,0.55245066,0.0,0.0,0.0,25.0,3
6,11,2,0,25.0,50.75736,0.5229918,0.0,0.68482834,0.0,0.0,0.0,25.0,3
6,12,2,0,25.0,50.491642,0.5229918,0.0,0.90374964,0.0,0.0,0.0,25.0,3
6,13,2,0,25.0,50.459324,0.52587134,0.0,0.9240572,0.0,0.0,0.0,25.0,3
6,14,2,0,25.0,50.396893,0.52587134,0.0,0.9771392,0.0,0.0,0.0,25.0,3
6,15,2,0,25.0,50.426315,0.52587134,0.0,0.9763691,0.0,0.0,0.0,25.0,3
6,16,2,0,25.0,50.45642,0.5244316,0.0,0.94473547,0.0,0.0,0.0,25.0,3
6,17,2,0,24.361176,52.947212,0.52875084,0.0,1.5093113,0.0,0.0,0.0,24.333334,3
6,18,2,0,22.841883,58.35481,0.5645132,0.0,2.7176816,0.0,0.0,0.0,22.777779,3
6,19,2,0,22.779415,58.75402,0.5673927,0.0,2.0682058,0.0,0.0,0.0,22.777779,3
6,20,2,0,24.163694,53.791046,0.53450984,0.0,0.66607803,0.0,0.0,0.0,24.166666,3
6,21,2,0,22.839306,58.076694,0.5330701,0.0,1.7350018,0.0,0.0,0.0,22.777779,3
6,22,2,0,22.779678,57.963276,0.53163034,0.0,1.7159545,0.0,0.0,0.0,22.777779,3
6,23,2,0,22.777859,57.91466,0.52875084,0.0,1.5074955,0.0,0.0,0.0,22.777779,3
6,24,2,0,22.777784,57.883633,0.5244316,0.0,1.390345,0.0,0.0,0.0,22.777779,3
6,1,3,0,22.777779,57.76477,0.5229918,0.0,1.2564312,0.0,0.0,0.0,22.777779,3
6,2,3,0,22.777779,57.64834,0.521552,0.0,1.1469468,0.0,0.0,0.0,22.777779,3
6,3,3,0,22.777779,57.55341,0.5201123,0.0,1.0979328,0.0,0.0,0.0,22.777779,3
6,4,3,0,22.777779,57.484764,0.5186725,0.0,1.0595676,0.0,0.0,0.0,22.777779,3
6,5,3,0,22.777779,57.443356,0.5172328,0.0,1.0837535,0.0,0.0,1.0,22.777779,3
6,6,3,0,22.777779,57.406593,0.5172328,0.0,1.0678477,0.0,0.0,1.0,22.777779,3
6,7,3,0,22.777779,57.36527,0.5201123,0.0,1.100905,0.0,0.0,1.0,22.777779,3
6,8,3,0,22.777779,57.355366,0.71013606,0.0,1.2333376,0.0,0.0,1.0,22.777779,3
6,9,3,0,23.941349,53.52684,0.5244316,0.0,0.44443825,0.0,0.0,0.0,23.944445,3
6,10,3,0,24.996662,50.246803,0.5244316,0.0,0.3938219,0.0,0.0,0.0,25.0,3
6,11,3,0,24.999996,50.287003,0.5229918,0.0,0.73678654,0.0,0.0,0.0,25.0,3
6,12,3,0,25.0,50.374638,0.5229918,0.86366194,0.9790049,0.0,0.0,0.0,25.0,3
6,13,3,0,25.0,50.462326,0.52587134,0.0,1.0900345,0.0,0.0,0.0,25.0,3
6,14,3,0,25.0,50.8985,0.52587134,0.0,1.2479113,0.0,0.0,0.0,25.0,3
6,15,3,0,25.0,50.55207,0.52587134,0.0,1.3983729,0.0,0.0,0.0,25.0,3
6,16,3,0,23.679728,54.53824,0.5244316,0.0,2.6083078,0.0,0.0,0.0,23.61111,3
6,17,3,0,22.816456,57.747566,0.52875084,0.0,3.3290944,0.0,0.0,0.0,22.777779,3
6,18,3,0,22.7782,58.267292,0.5645132,0.0,2.6159258,0.0,0.0,0.0,22.777779,3
6,19,3,0,22.777782,58.362827,0.5673927,0.0,2.0934715,0.0,0.0,0.0,22.777779,3
6,20,3,0,22.777779,57.958786,0.53450984,0.0,1.9121042,0.0,0.0,0.0,22.777779,3
6,21,3,0,22.777779,57.841087,0.5330701,0.0,1.8057107,0.0,0.0,0.0,22.777779,3
6,22,3,0,22.777779,57.692055,0.8827137,0.0,1.9129118,0.0,0.0,1.0,22.777779,3
6,23,3,0,22.777779,57.5988,0.52875084,0.0,1.6834621,0.0,0.0,1.0,22.777779,3
6,24,3,0,22.777779,57.49781,0.5244316,0.0,1.5499829,0.0,0.0,1.0,22.777779,3
6,1,4,0,22.777779,57.451168,0.5229918,0.0,1.4298873,0.0,0.0,1.0,22.777779,3
6,2,4,0,22.777779,57.83678,0.521552,0.0,1.311588,0.0,0.0,1.0,22.777779,3
6,3,4,0,22.777779,57.40444,0.5201123,0.0,1.2457832,0.0,0.0,1.0,22.777779,3
6,4,4,0,22.777779,57.35948,0.5186725,0.0,1.1875187,0.0,0.0,1.0,22.777779,3
6,5,4,0,22.777779,57.440468,0.45564377,1.187891,1.9941149,0.0,0.0,1.0,22.777779,3
6,6,4,0,22.777779,57.423336,0.4984589,0.0,1.1116049,0.0,0.0,1.0,22.777779,3
6,7,4,0,22.777779,57.744766,0.5201123,0.0,1.2055385,0.0,0.0,0.0,22.777779,3
6,8,4,0,22.777779,57.264297,0.5229918,0.0,1.2987953,0.0,0.0,0.0,22.777779,3
6,9,4,0,22.777779,57.19031,0.5244316,0.0,1.6697407,0.0,0.0,0.0,22.777779,3
6,10,4,0,22.777779,57.173546,0.5244316,0.43004602,1.8494048,0.0,0.0,0.0,22.777779,3
6,11,4,0,22.777779,57.241608,0.5229918,0.0,1.921536,0.0,0.0,0.0,22.777779,3
6,12,4,0,24.43919,51.958813,0.5229918,0.0,0.75450623,0.0,0.0,0.0,24.444445,3
6,13,4,0,24.999744,50.38622,0.52587134,0.0,0.785142,0.0,0.0,0.0,25.0,3
6,14,4,0,24.999996,50.44915,0.52587134,0.0,1.2964754,0.0,0.0,0.0,25.0,3
6,15,4,0,25.0,50.476376,0.70725137,0.0,1.7442646,0.0,0.0,1.0,25.0,3
6,16,4,0,24.545963,51.890858,0.5244316,0.0,2.2822375,0.0,0.0,0.0,24.5,3
6,17,4,0,22.87668,57.59901,0.52875084,0.0,4.4109836,0.0,0.0,0.0,22.777779,3
6,18,4,0,24.440357,52.87444,0.5645132,0.0,1.8683708,0.0,0.0,0.0,24.444445,3
6,19,4,0,22.802645,58.00055,0.5673927,0.43004537,3.1364138,0.0,0.0,0.0,22.777779,3
6,20,4,0,22.777943,57.816177,0.53450984,0.0,2.7141118,0.0,0.0,0.0,22.777779,3
6,21,4,0,22.777779,57.47477,0.5330701,0.0,2.3346643,0.0,0.0,0.0,22.777779,3
6,22,4,0,22.777779,57.365334,0.53163034,0.0,2.1362474,0.0,0.0,0.0,22.777779,3
6,23,4,0,22.777779,57.259148,0.52875084,0.0,1.937439,0.0,0.0,0.0,22.777779,3
6,24,4,0,22.777779,57.24707,0.5897157,0.0,1.8624865,0.0,0.0,1.0,22.777779,3
6,1,5,0,22.777779,57.42951,0.5260766,1.8633925,3.0450442,0.0,0.0,1.0,22.777779,3
6,2,5,0,22.777779,57.400974,0.521552,0.0,1.5124421,0.0,0.0,1.0,22.777779,3
6,3,5,0,22.777779,57.392227,0.5201123,0.0,1.4128003,0.0,0.0,1.0,22.777779,3
6,4,5,0,22.777779,57.381653,0.5186725,0.0,1.3662583,0.0,0.0,1.0,22.777779,3
6,5,5,0,22.777779,57.42041,0.5172328,1.284899,1.4240432,0.0,0.0,0.0,22.777779,3
6,6,5,0,22.777779,57.45258,0.5172328,2.1414979,1.5001645,0.0,0.0,0.0,22.777779,3
6,7,5,0,22.777779,57.401573,0.5201123,0.0,1.2953156,0.0,0.0,0.0,22.777779,3
6,8,5,0,22.777779,57.378345,0.5229918,0.0,1.413285,0.0,0.0,0.0,22.777779,3
6,9,5,0,22.777779,57.37816,0.5244316,0.0,1.7500448,0.0,0.0,0.0,22.777779,3
6,10,5,0,22.777779,57.37217,0.5244316,0.0,1.9463384,0.0,0.0,0.0,22.777779,3
6,11,5,0,23.33324,55.544815,0.5229918,0.0,1.621544,0.0,0.0,0.0,23.333334,3
6,12,5,0,24.995956,50.452465,0.5229918,0.0,0.7715207,0.0,0.0,0.0,25.0,3
6,13,5,0,24.999994,50.55352,0.52587134,0.0,1.0352322,0.0,0.0,0.0,25.0,3
6,14,5,0,25.0,50.63289,0.52587134,0.0,1.4867523,0.0,0.0,0.0,25.0,3
6,15,5,0,24.256582,52.926086,0.52587134,0.0,2.5036328,0.0,0.0,0.0,24.222221,3
6,16,5,0,22.877855,57.185387,0.5244316,0.0,3.9075065,0.0,0.0,0.0,22.777779,3
6,17,5,0,22.781416,57.614704,0.52875084,0.0,4.062336,0.0,0.0,0.0,22.777779,3
6,18,5,0,22.77783,57.745926,0.5645132,0.0,3.516626,0.0,0.0,0.0,22.777779,3
6,19,5,0,22.777779,57.535492,0.5673927,0.0,2.8264146,0.0,0.0,0.0,22.777779,3
6,20,5,0,22.777779,57.22745,0.53450984,0.0,2.6101284,0.0,0.0,0.0,22.777779,3
6,21,5,0,22.777779,57.052757,0.5330701,0.0,2.437212,0.0,0.0,0.0,22.777779,3
6,22,5,0,22.777779,57.068386,0.53163034,0.0,2.2838216,0.0,0.0,0.0,22.777779,3
6,23,5,0,22.777779,57.078625,0.7585331,0.0,2.2390203,0.0,0.0,1.0,22.777779,3
6,24,5,0,22.777779,57.11285,0.5897157,0.0,2.0491114,0.0,0.0,1.0,22.777779,3
6,1,6,0,22.777779,57.142216,0.5260766,0.0,1.823595,0.0,0.0,1.0,22.777779,3
6,2,6,0,22.777779,57.129185,0.521552,0.0,1.6598766,0.0,0.0,1.0,22.777779,3
6,3,6,0,22.777779,57.15627,0.5201123,0.8531889,1.6632408,0.0,0.0,1.0,22.777779,3
6,4,6,0,22.777779,57.20926,0.5186725,0.426559,1.5218933,0.0,0.0,1.0,22.777779,3
6,5,6,0,22.777779,57.206787,0.5172328,0.0,1.404627,0.0,0.0,1.0,22.777779,3
6,6,6,0,22.777779,57.21213,0.5172328,0.0,1.3409495,0.0,0.0,1.0,22.777779,3
6,7,6,0,22.777779,57.201534,0.5201123,0.0,1.4768021,0.0,0.0,1.0,22.777779,3
6,8,6,0,22.777779,57.189198,0.5229918,0.0,1.594324,0.0,0.0,1.0,22.777779,3
6,9,6,0,22.777779,57.190823,0.5244316,0.0,1.9456434,0.0,0.0,1.0,22.777779,3
6,10,6,0,22.777779,57.184036,0.5244316,0.0,2.0794327,0.0,0.0,0.0,22.777779,3
6,11,6,0,22.777779,57.145786,0.5229918,0.0,2.1818097,0.0,0.0,0.0,22.777779,3
6,12,6,0,24.274805,52.35884,0.5229918,0.0,1.1063986,0.0,0.0,0.0,24.277779,3
6,13,6,0,24.999472,50.260784,0.52587134,0.0,1.0340202,0.0,0.0,0.0,25.0,3
6,14,6,0,24.999996,50.362663,0.52587134,1.7063727,1.5812192,0.0,0.0,0.0,25.0,3
6,15,6,0,25.0,50.3934,0.52587134,0.0,1.7708862,0.0,0.0,0.0,25.0,3
6,16,6,0,25.0,50.368404,0.5244316,0.0,2.0493155,0.0,0.0,0.0,25.0,3
6,17,6,0,25.0,50.65562,0.52875084,0.0,2.6527565,0.0,0.0,0.0,25.0,3
6,18,6,0,23.853014,54.37978,0.5645132,0.0,3.494836,0.0,0.0,0.0,23.833334,3
6,19,6,0,22.789536,57.635883,0.5673927,0.0,3.8242671,0.0,0.0,0.0,22.777779,3
6,20,6,0,22.777843,57.56073,0.53450984,0.0,3.0147974,0.0,0.0,0.0,22.777779,3
6,21,6,0,22.777779,57.48591,0.5330701,0.0,2.6176238,0.0,0.0,1.0,22.777779,3
6,22,6,0,22.777779,57.46648,0.53163034,0.0,2.3938472,0.0,0.0,1.0,22.777779,3
6,23,6,0,22.777779,57.428753,0.52875084,0.0,2.1735122,0.0,0.0,1.0,22.777779,3
6,24,6,0,22.777779,57.406773,0.5244316,0.0,2.0122318,0.0,0.0,1.0,22.777779,3
6,1,7,0,22.777779,57.422478,0.5229918,0.0,1.844929,0.0,0.0,1.0,22.777779,3
6,2,7,0,22.777779,57.408897,0.521552,0.0,1.6807351,0.0,0.0,1.0,22.777779,3
6,3,7,0,22.777779,57.44041,0.5201123,0.0,1.5997545,0.0,0.0,1.0,22.777779,3
6,4,7,0,22.777779,57.56067,0.5186725,0.0,1.5187088,0.0,0.0,1.0,22.777779,3
6,5,7,0,22.777779,57.636894,0.5172328,0.0,1.4645514,0.0,0.0,1.0,22.777779,3
6,6,7,0,22.777779,57.739655,0.5172328,0.0,1.4344585,0.0,0.0,1.0,22.777779,3
6,7,7,0,22.777779,57.88951,0.5201123,0.0,1.5250773,0.0,0.0,1.0,22.777779,3
6,8,7,0,22.777779,57.83608,0.5229918,0.0,1.6082869,0.0,0.0,0.0,22.777779,3
6,9,7,0,22.777779,57.74718,0.5244316,0.0,1.9754473,0.0,0.0,0.0,22.777779,3
6,10,7,0,22.777779,57.608578,0.5244316,0.0,2.122974,0.0,0.0,0.0,22.777779,3
6,11,7,0,22.777779,57.51392,0.5229918,0.0,2.243147,0.0,0.0,0.0,22.777779,3
6,12,7,0,22.777779,57.43058,0.5229918,0.0,2.2690454,0.0,0.0,0.0,22.777779,3
6,13,7,0,22.777779,57.420303,0.71787935,0.0,2.5656354,0.0,0.0,1.0,22.777779,3
6,14,7,0,22.777779,57.418343,0.52587134,0.0,2.65252,0.0,0.0,1.0,22.777779,3
6,15,7,0,22.777779,57.302547,0.52587134,0.0,2.8085544,0.0,0.0,1.0,22.777779,3
6,16,7,0,22.777779,57.966373,4.611786,0.0,3.9045525,0.0,0.0,1.0,22.777779,3
6,17,7,0,22.777779,57.885162,0.7608982,0.0,3.749356,0.0,0.0,1.0,22.777779,3
6,18,7,0,22.777779,57.9685,0.8525658,0.0,3.524914,0.0,0.0,1.0,22.777779,3
6,19,7,0,22.777779,57.77108,0.5673927,0.0,2.7902074,0.0,0.0,0.0,22.777779,3
6,20,7,0,22.777779,57.761856,0.53450984,0.0,2.5735903,0.0,0.0,0.0,22.777779,3
6,21,7,0,22.777779,57.678497,0.5330701,1.69963,2.5069673,0.0,0.0,0.0,22.777779,3
6,22,7,0,22.777779,57.68409,0.53163034,1.2747549,2.359963,0.0,0.0,0.0,22.777779,3
6,23,7,0,22.777779,57.630722,0.52875084,0.0,2.0176167,0.0,0.0,0.0,22.777779,3
6,24,7,0,22.777779,57.57711,0.5897157,0.0,1.9514403,0.0,0.0,1.0,22.777779,3
6,1,1,0,22.777779,57.644722,0.5260766,0.0,1.7990394,0.0,0.0,1.0,22.777779,3
6,2,1,0,22.777779,57.742348,0.521552,0.0,1.5910904,0.0,0.0,1.0,22.777779,3
6,3,1,0,22.777779,57.77872,0.5201123,0.0,1.5284902,0.0,0.0,1.0,22.777779,3
6,4,1,0,22.777779,57.822098,0.5186725,0.0,1.4560803,0.0,0.0,1.0,22.777779,3
6,5,1,0,22.777779,57.89961,0.5172328,0.0,1.4210067,0.0,0.0,1.0,22.777779,3
6,6,1,0,22.777779,57.91987,0.5172328,0.0,1.3891051,0.0,0.0,1.0,22.777779,3
6,7,1,0,22.777779,57.888664,0.5201123,0.0,1.3690289,0.0,0.0,1.0,22.777779,3
6,8,1,0,22.777779,57.851727,0.5229918,0.0,1.4913306,0.0,0.0,1.0,22.777779,3
6,9,1,0,23.887371,54.21677,0.71743906,0.0,1.0235839,0.0,0.0,1.0,23.88889,3
6,10,1,0,24.998085,50.839775,0.70749056,0.0,0.7524504,0.0,0.0,1.0,25.0,3
6,11,1,0,24.999998,50.925686,0.70204663,0.0,1.0631472,0.0,0.0,1.0,25.0,3
6,12,1,0,25.0,50.94342,0.5229918,0.0,1.2982371,0.0,0.0,0.0,25.0,3
6,13,1,0,25.0,51.274887,0.52587134,0.0,1.4679561,0.0,0.0,0.0,25.0,3
6,14,1,0,25.0,51.21414,0.52587134,1.2699436,1.7497905,0.0,0.0,0.0,25.0,3
6,15,1,0,25.0,51.18173,0.52587134,0.0,1.8657359,0.0,0.0,0.0,25.0,3
6,16,1,0,24.12283,53.80217,0.5244316,0.0,2.9390085,0.0,0.0,0.0,24.055555,3
6,17,1,0,22.875319,57.96115,0.52875084,0.0,4.4114823,0.0,0.0,0.0,22.777779,3
6,18,1,0,22.780296,58.28307,0.5645132,0.0,3.6019235,0.0,0.0,0.0,22.777779,3
6,19,1,0,22.777811,58.00658,0.5673927,0.0,2.7828007,0.0,0.0,0.0,22.777779,3
6,20,1,0,22.777779,57.838314,0.53450984,0.0,2.488405,0.0,0.0,0.0,22.777779,3
6,21,1,0,22.777779,57.51745,0.5330701,0.0,2.2482145,0.0,0.0,0.0,22.777779,3
6,22,1,0,24.439644,52.140926,0.53163034,0.42331257,0.9325024,0.0,0.0,0.0,24.444445,3
6,23,1,0,22.813326,57.394714,0.52875084,0.0,2.0233057,0.0,0.0,0.0,22.777779,3
6,24,1,0,22.77879,57.457623,0.5244316,0.0,2.1699991,0.0,0.0,0.0,22.777779,3
6,1,2,0,22.777828,57.487312,0.5229918,0.0,1.8515869,0.0,0.0,0.0,22.777779,3
6,2,2,0,22.777782,57.532173,0.4816983,0.0,1.6808698,0.0,0.0,1.0,22.777779,3
6,3,2,0,22.777779,57.645836,0.5201123,0.0,1.6155918,0.0,0.0,1.0,22.777779,3
6,4,2,0,22.777779,57.836254,0.5186725,0.0,1.5336094,0.0,0.0,1.0,22.777779,3
6,5,2,0,22.777779,57.9711,0.45564377,0.0,1.4170399,0.0,0.0,1.0,22.777779,3
6,6,2,0,22.777779,58.23117,0.4984589,3.3774357,3.4083855,0.0,0.0,1.0,22.777779,3
6,7,2,0,22.777779,58.28086,0.5201123,0.0,1.460087,0.0,0.0,0.0,22.777779,3
6,8,2,0,22.777779,58.20417,0.5229918,0.0,1.5475874,0.0,0.0,0.0,22.777779,3
6,9,2,0,22.777779,58.0906,0.5244316,0.0,1.850782,0.0,0.0,0.0,22.777779,3
6,10,2,0,24.440866,52.6965,0.5244316,0.843475,0.9937681,0.0,0.0,0.0,24.444445,3
6,11,2,0,22.791323,58.067047,0.5229918,0.0,2.1039393,0.0,0.0,0.0,22.777779,3
6,12,2,0,23.443523,55.830006,0.5229918,0.0,1.8823783,0.0,0.0,0.0,23.444445,3
6,13,2,0,24.995327,51.032223,0.52587134,0.0,0.8829759,0.0,0.0,0.0,25.0,3
6,14,2,0,24.999985,51.021194,0.52587134,0.0,1.2479837,0.0,0.0,0.0,25.0,3
6,15,2,0,24.188002,53.379753,0.52587134,0.0,2.4720805,0.0,0.0,0.0,24.166666,3
6,16,2,0,22.872766,57.370197,0.5244316,0.0,3.8419693,0.0,0.0,0.0,22.777779,3
6,17,2,0,22.786814,57.551388,0.52875084,0.0,4.0706263,0.0,0.0,0.0,22.777779,3
6,18,2,0,22.723324,57.680935,0.5645132,0.0,3.5186212,0.0,0.0,0.0,22.722221,3
6,19,2,0,22.227192,59.110104,0.5673927,0.0,3.3531067,0.0,0.0,0.0,22.222221,3
6,20,2,0,22.222258,58.643204,0.53450984,0.0,2.8742104,0.0,0.0,0.0,22.222221,3
6,21,2,0,22.222223,58.38707,0.5330701,0.0,2.596053,0.0,0.0,0.0,22.222221,3
6,22,2,0,22.332556,57.957478,0.53163034,0.0,2.3480887,0.0,0.0,0.0,22.333334,3
6,23,2,0,22.775328,56.55492,0.52875084,0.0,1.9045402,0.0,0.0,1.0,22.777779,3
6,24,2,0,22.777733,56.590927,0.5244316,0.0,1.8673807,0.0,0.0,1.0,22.777779,3
6,1,3,0,22.777777,56.641243,0.5229918,0.0,1.7591358,0.0,0.0,1.0,22.777779,3
6,2,3,0,22.777779,56.696056,0.521552,0.0,1.645734,0.0,0.0,1.0,22.777779,3
6,3,3,0,22.777779,56.738743,0.5201123,0.0,1.5444915,0.0,0.0,1.0,22.777779,3
6,4,3,0,22.777779,56.909397,0.5186725,0.0,1.4891808,0.0,0.0,1.0,22.777779,3
6,5,3,0,22.777779,56.94834,0.5172328,0.0,1.4271389,0.0,0.0,1.0,22.777779,3
6,6,3,0,22.777779,56.978287,0.5172328,0.0,1.3670343,0.0,0.0,1.0,22.777779,3
6,7,3,0,22.777779,57.023457,0.61683655,0.0,1.547214,0.0,0.0,1.0,22.777779,3
6,8,3,0,23.610119,54.331024,0.71013606,0.0,1.0292076,0.0,0.0,1.0,23.61111,3
6,9,3,0,24.996473,50.102806,0.5244316,0.0,0.6660987,0.0,0.0,0.0,25.0,3
6,10,3,0,24.999996,50.170612,0.5244316,0.0,1.0469385,0.0,0.0,0.0,25.0,3
6,11,3,0,25.0,50.214153,0.5229918,0.0,1.3709227,0.0,0.0,0.0,25.0,3
6,12,3,0,25.0,50.268097,0.5229918,0.0,1.5105768,0.0,0.0,0.0,25.0,3
6,13,3,0,24.173056,52.75363,0.52587134,0.0,2.2828698,0.0,0.0,0.0,24.166666,3
6,14,3,0,22.82272,56.93118,0.71797997,0.0,3.7654245,0.0,0.0,1.0,22.777779,3
6,15,3,0,22.781586,56.884594,0.70725137,0.0,3.465829,0.0,0.0,1.0,22.777779,3
6,16,3,0,22.777868,56.639587,0.72971207,0.0,3.3605876,0.0,0.0,1.0,22.777779,3
6,17,3,0,24.365555,51.675426,0.7608982,0.0,2.30164,0.0,0.0,1.0,24.38889,3
6,18,3,0,24.998564,49.95664,0.5645132,0.0,1.8970022,0.0,0.0,0.0,25.0,3
6,19,3,0,24.999994,49.9135,0.5673927,1.6807276,1.9645567,0.0,0.0,0.0,25.0,3
6,20,3,0,25.0,49.88395,0.53450984,0.0,1.7968067,0.0,0.0,0.0,25.0,3
6,21,3,0,25.0,50.05441,0.8579059,1.9384471,3.3679757,0.0,0.0,1.0,25.0,3
6,22,3,0,25.0,50.04715,0.53163034,0.0,1.7109567,0.0,0.0,1.0,25.0,3
6,23,3,0,25.0,50.03214,0.52875084,0.0,1.5823746,0.0,0.0,1.0,25.0,3
6,24,3,0,25.0,50.082478,0.5244316,0.0,1.4786232,0.0,0.0,1.0,25.0,3
6,1,4,0,25.0,50.15182,0.5229918,1.256073,1.4928987,0.0,0.0,1.0,25.0,3
6,2,4,0,25.0,50.17915,0.521552,0.0,1.1978947,0.0,0.0,1.0,25.0,3
6,3,4,0,25.0,50.279118,0.5201123,0.0,1.1330228,0.0,0.0,1.0,25.0,3
6,4,4,0,25.0,50.400806,0.5186725,0.0,1.0513827,0.0,0.0,1.0,25.0,3
6,5,4,0,25.0,50.4273,0.5172328,0.0,1.0115999,0.0,0.0,1.0,25.0,3
6,6,4,0,25.0,50.451866,0.5172328,0.0,0.98173547,0.0,0.0,1.0,25.0,3
6,7,4,0,25.0,50.43825,0.5201123,0.0,1.0876173,0.0,0.0,1.0,25.0,3
6,8,4,0,25.0,50.65062,0.5229918,0.0,1.2043667,0.0,0.0,0.0,25.0,3
6,9,4,0,25.0,50.610073,0.5244316,0.0,1.4626349,0.0,0.0,0.0,25.0,3
6,10,4,0,25.0,50.575848,0.5244316,0.0,1.6202923,0.0,0.0,0.0,25.0,3
6,11,4,0,25.0,50.555485,0.5229918,0.0,1.7536479,0.0,0.0,0.0,25.0,3
6,12,4,0,25.0,50.568886,0.7080301,1.2561473,2.0250137,0.0,0.0,1.0,25.0,3
6,13,4,0,25.0,50.569122,0.71787935,0.0,1.9418068,0.0,0.0,1.0,25.0,3
6,14,4,0,25.0,50.522205,0.52587134,0.0,1.999643,0.0,0.0,0.0,25.0,3
6,15,4,0,25.0,50.444084,0.52587134,0.0,2.2359986,0.0,0.0,0.0,25.0,3
6,16,4,0,25.0,50.263966,0.5244316,0.0,2.3139806,0.0,0.0,0.0,25.0,3
6,17,4,0,25.0,50.698658,0.52875084,4.830369,5.7616343,0.0,0.0,0.0,25.0,3
6,18,4,0,25.0,50.71281,0.5645132,0.0,2.670854,0.0,0.0,0.0,25.0,3
6,19,4,0,25.0,50.559067,0.5673927,0.0,2.2528043,0.0,0.0,0.0,25.0,3
6,20,4,0,25.0,50.476444,0.53450984,0.0,2.0537689,0.0,0.0,0.0,25.0,3
6,21,4,0,25.0,50.39192,0.5330701,0.41872042,1.9535136,0.0,0.0,0.0,25.0,3
6,22,4,0,25.0,50.41581,0.53163034,0.0,1.8238024,0.0,0.0,0.0,25.0,3
6,23,4,0,25.0,50.418385,0.7585331,0.0,1.7978526,0.0,0.0,1.0,25.0,3
6,24,4,0,25.0,50.37558,0.5244316,0.0,1.5685344,0.0,0.0,1.0,25.0,3
6,1,5,0,25.0,50.39228,0.5229918,0.0,1.4355577,0.0,0.0,1.0,25.0,3
6,2,5,0,25.0,50.464046,0.521552,0.0,1.2776861,0.0,0.0,1.0,25.0,3
6,3,5,0,25.0,50.531483,0.5201123,0.0,1.2009702,0.0,0.0,1.0,25.0,3
6,4,5,0,25.0,50.600536,0.5186725,0.0,1.1452916,0.0,0.0,1.0,25.0,3
6,5,5,0,25.0,50.65629,0.5172328,0.0,1.0915838,0.0,0.0,1.0,25.0,3
6,6,5,0,25.0,50.67327,0.5172328,0.0,1.0582514,0.0,0.0,1.0,25.0,3
6,7,5,0,25.0,50.69879,0.5201123,0.0,1.1562958,0.0,0.0,1.0,25.0,3
6,8,5,0,25.0,50.710873,0.5229918,0.0,1.2304428,0.0,0.0,1.0,25.0,3
6,9,5,0,25.0,50.736053,0.5244316,0.0,1.3902367,0.0,0.0,1.0,25.0,3
6,10,5,0,25.0,50.762154,0.70749056,0.0,1.6260301,0.0,0.0,1.0,25.0,3
6,11,5,0,25.0,50.789482,0.70204663,0.0,1.9089485,0.0,0.0,1.0,25.0,3
6,12,5,0,25.0,50.795086,0.7080301,0.0,1.9736749,0.0,0.0,1.0,25.0,3
6,13,5,0,25.0,50.792416,0.52587134,0.0,2.002513,0.0,0.0,1.0,25.0,3
6,14,5,0,25.0,50.788834,0.52587134,0.83454466,2.1826622,0.0,0.0,1.0,25.0,3
6,15,5,0,25.0,50.74355,0.52587134,0.41726908,2.296775,0.0,0.0,1.0,25.0,3
6,16,5,0,25.0,50.676487,0.5244316,0.417277,2.5195956,0.0,0.0,1.0,25.0,3
6,17,5,0,25.0,50.870564,0.52875084,0.0,3.0035675,0.0,0.0,1.0,25.0,3
6,18,5,0,25.0,51.00659,0.5645132,0.0,2.7845132,0.0,0.0,1.0,25.0,3
6,19,5,0,25.0,50.838074,0.5673927,0.0,2.237098,0.0,0.0,0.0,25.0,3
6,20,5,0,25.0,50.792572,0.53450984,0.0,2.070925,0.0,0.0,0.0,25.0,3
6,21,5,0,25.0,50.77697,0.5330701,0.0,1.9209145,0.0,0.0,0.0,25.0,3
6,22,5,0,25.0,50.820347,0.53163034,0.0,1.8158271,0.0,0.0,0.0,25.0,3
6,23,5,0,25.0,50.817364,0.7585331,0.0,1.799696,0.0,0.0,1.0,25.0,3
6,24,5,0,25.0,50.79805,0.5244316,0.0,1.5925078,0.0,0.0,1.0,25.0,3
6,1,6,0,25.0,50.84629,0.5229918,0.0,1.435607,0.0,0.0,1.0,25.0,3
6,2,6,0,25.0,50.937927,0.521552,0.0,1.3136346,0.0,0.0,1.0,25.0,3
6,3,6,0,25.0,51.000443,0.5201123,0.0,1.2356158,0.0,0.0,1.0,25.0,3
6,4,6,0,25.0,51.18599,0.4458579,1.7634971,2.461757,0.0,0.0,1.0,25.0,3
6,5,6,0,25.0,51.296413,0.5172328,0.0,1.0738864,0.0,0.0,0.0,25.0,3
6,6,6,0,25.0,51.316586,0.5172328,0.0,1.0388746,0.0,0.0,0.0,25.0,3
6,7,6,0,25.0,51.303696,0.5201123,0.0,1.1366013,0.0,0.0,1.0,25.0,3
6,8,6,0,25.0,51.340168,0.5229918,0.8316802,1.3511722,0.0,0.0,1.0,25.0,3
6,9,6,0,25.0,51.303017,0.5244316,0.0,1.5208865,0.0,0.0,0.0,25.0,3
6,10,6,0,25.0,51.239883,0.5244316,0.0,1.7632748,0.0,0.0,0.0,25.0,3
6,11,6,0,25.0,51.187283,0.5229918,0.0,1.8926538,0.0,0.0,0.0,25.0,3
6,12,6,0,25.0,51.0353,0.5229918,0.0,1.9730012,0.0,0.0,0.0,25.0,3
6,13,6,0,25.0,51.005707,0.52587134,0.0,2.0934289,0.0,0.0,0.0,25.0,3
6,14,6,0,25.0,50.898155,0.52587134,0.0,2.2310348,0.0,0.0,0.0,25.0,3
6,15,6,0,25.0,50.67277,0.52587134,0.0,2.4050753,0.0,0.0,0.0,25.0,3
6,16,6,0,25.0,50.562366,0.5244316,0.0,2.5954912,0.0,0.0,0.0,25.0,3
6,17,6,0,25.0,50.66306,0.52875084,0.0,2.9746158,0.0,0.0,0.0,25.0,3
6,18,6,0,25.0,50.747746,0.5645132,0.0,2.8067107,0.0,0.0,0.0,25.0,3
6,19,6,0,25.0,50.63328,0.5673927,0.0,2.2825928,0.0,0.0,0.0,25.0,3
6,20,6,0,25.0,50.529846,0.53450984,0.0,2.1512978,0.0,0.0,0.0,25.0,3
6,21,6,0,25.0,50.477337,0.5330701,0.0,1.9257272,0.0,0.0,0.0,25.0,3
6,22,6,0,25.0,50.52699,0.53163034,0.0,1.8692394,0.0,0.0,1.0,25.0,3
6,23,6,0,25.0,50.540756,0.52875084,0.0,1.7197105,0.0,0.0,1.0,25.0,3
6,24,6,0,25.0,50.509956,0.5244316,0.0,1.5949657,0.0,0.0,1.0,25.0,3
7,1,7,0,25.0,50.50781,0.5229918,0.0,1.4220235,0.0,0.0,1.0,25.0,3
7,2,7,0,25.0,50.560417,0.521552,0.0,1.2790831,0.0,0.0,1.0,25.0,3
7,3,7,0,25.0,50.605755,0.5201123,0.0,1.2073995,0.0,0.0,1.0,25.0,3
7,4,7,0,25.0,50.684704,0.5186725,0.0,1.144609,0.0,0.0,1.0,25.0,3
7,5,7,0,25.0,50.768135,0.5172328,0.0,1.0950422,0.0,0.0,1.0,25.0,3
7,6,7,0,25.0,50.80545,0.5172328,0.0,1.0722079,0.0,0.0,1.0,25.0,3
7,7,7,0,25.0,50.785603,0.5201123,0.0,1.1375412,0.0,0.0,1.0,25.0,3
7,8,7,0,25.0,50.79858,0.5229918,0.0,1.2550477,0.0,0.0,1.0,25.0,3
7,9,7,0,23.24799,56.24397,0.5244316,0.0,2.985831,0.0,0.0,1.0,23.222221,3
7,10,7,0,22.78074,57.63946,0.5244316,0.0,3.2115035,0.0,0.0,1.0,22.777779,3
7,11,7,0,22.777786,57.479446,0.5229918,0.0,2.8204217,0.0,0.0,0.0,22.777779,3
7,12,7,0,22.777779,57.292763,0.5229918,0.0,2.7592654,0.0,0.0,0.0,22.777779,3
7,13,7,0,22.777779,57.105854,0.52587134,0.0,2.779745,0.0,0.0,0.0,22.777779,3
7,14,7,0,22.777779,56.890175,0.52587134,0.0,2.870053,0.0,0.0,0.0,22.777779,3
7,15,7,0,22.777779,56.65352,0.52587134,0.82900405,3.1868138,0.0,0.0,0.0,22.777779,3
7,16,7,0,22.777779,56.420387,0.5244316,0.0,3.3166378,0.0,0.0,0.0,22.777779,3
7,17,7,0,22.777779,56.21823,0.52875084,0.0,3.906466,0.0,0.0,0.0,22.777779,3
7,18,7,0,22.777779,56.10559,0.845052,0.0,3.8347132,0.0,0.0,1.0,22.777779,3
7,19,7,0,22.777779,56.006527,0.5673927,0.0,3.0829504,0.0,0.0,0.0,22.777779,3
7,20,7,0,22.777779,55.94978,0.53450984,0.0,2.8477561,0.0,0.0,0.0,22.777779,3
7,21,7,0,22.777779,55.93348,0.5330701,0.0,2.5486805,0.0,0.0,0.0,22.777779,3
7,22,7,0,22.777779,55.910816,0.53163034,0.0,2.4266953,0.0,0.0,0.0,22.777779,3
7,23,7,0,22.777779,55.93225,0.52875084,0.0,2.2471893,0.0,0.0,0.0,22.777779,3
7,24,7,0,22.777779,55.996128,0.5244316,0.0,2.103117,0.0,0.0,1.0,22.777779,3
7,1,1,0,22.777779,56.103424,0.5229918,0.0,1.9309384,0.0,0.0,1.0,22.777779,3
7,2,1,0,22.777779,56.22534,0.521552,0.0,1.771441,0.0,0.0,1.0,22.777779,3
7,3,1,0,22.777779,56.287247,0.5201123,0.0,1.6823331,0.0,0.0,1.0,22.777779,3
7,4,1,0,22.777779,56.35138,0.5186725,0.0,1.5960333,0.0,0.0,1.0,22.777779,3
7,5,1,0,22.777779,56.41346,0.5172328,0.0,1.5116266,0.0,0.0,1.0,22.777779,3
7,6,1,0,22.777779,56.40551,0.5172328,0.0,1.4527389,0.0,0.0,1.0,22.777779,3
7,7,1,0,22.777779,56.368145,0.5201123,0.0,1.5279026,0.0,0.0,0.0,22.777779,3
7,8,1,0,22.777779,56.38176,0.5229918,0.0,1.6530672,0.0,0.0,0.0,22.777779,3
7,9,1,0,22.777779,56.392536,0.5244316,0.0,1.9986116,0.0,0.0,0.0,22.777779,3
7,10,1,0,22.666973,56.716812,0.5244316,0.0,2.2623017,0.0,0.0,0.0,22.666666,3
7,11,1,0,22.224033,58.177456,0.5229918,0.0,2.7270372,0.0,0.0,0.0,22.222221,3
7,12,1,0,22.222229,58.133217,0.5229918,0.0,2.6347709,0.0,0.0,0.0,22.222221,3
7,13,1,0,22.222221,58.023552,0.52587134,0.0,2.6414263,0.0,0.0,0.0,22.222221,3
7,14,1,0,22.222221,57.968113,0.52587134,0.0,2.8072221,0.0,0.0,0.0,22.222221,3
7,15,1,0,22.222221,57.858692,0.52587134,0.0,2.999679,0.0,0.0,0.0,22.222221,3
7,16,1,0,22.222221,57.704197,0.5244316,0.0,3.301544,0.0,0.0,0.0,22.222221,3
7,17,1,0,22.222221,57.5223,0.52875084,0.0,3.974012,0.0,0.0,0.0,22.222221,3
7,18,1,0,22.386557,56.953712,0.5645132,0.0,3.5199006,0.0,0.0,0.0,22.38889,3
7,19,1,0,22.776127,55.53436,0.5673927,0.0,2.5632648,0.0,0.0,0.0,22.777779,3
7,20,1,0,22.777771,55.459797,0.53450984,0.0,2.545006,0.0,0.0,0.0,22.777779,3
7,21,1,0,22.777779,55.44373,0.5330701,0.0,2.4414918,0.0,0.0,0.0,22.777779,3
7,22,1,0,22.777779,55.523125,0.53163034,1.6528357,2.5986989,0.0,0.0,0.0,22.777779,3
7,23,1,0,22.777779,55.556435,0.75337434,0.0,2.3293493,0.0,0.0,1.0,22.777779,3
7,24,1,0,22.777779,55.63476,0.58654404,0.0,2.140173,0.0,0.0,1.0,22.777779,3
7,1,2,0,22.777779,55.74189,0.5229918,0.0,1.9409981,0.0,0.0,1.0,22.777779,3
7,2,2,0,22.777779,55.831596,0.521552,0.0,1.7545198,0.0,0.0,1.0,22.777779,3
7,3,2,0,22.777779,55.939095,0.5201123,0.0,1.6587368,0.0,0.0,1.0,22.777779,3
7,4,2,0,22.777779,56.13385,0.5186725,0.41195327,1.6265372,0.0,0.0,1.0,22.777779,3
7,5,2,0,22.777779,56.190823,0.5172328,0.0,1.4975897,0.0,0.0,1.0,22.777779,3
7,6,2,0,22.777779,56.207443,0.5172328,0.0,1.450031,0.0,0.0,1.0,22.777779,3
7,7,2,0,22.777779,56.26907,0.5201123,0.0,1.5586622,0.0,0.0,1.0,22.777779,3
7,8,2,0,23.499977,53.96996,0.5229918,0.0,1.1093116,0.0,0.0,1.0,23.5,3
7,9,2,0,24.996555,49.43452,0.5244316,0.0,0.7343392,0.0,0.0,1.0,25.0,3
7,10,2,0,24.999996,49.526207,0.5244316,0.0,1.1779442,0.0,0.0,1.0,25.0,3
7,11,2,0,25.0,49.849556,0.6954098,1.7980267,2.9624207,0.0,0.0,1.0,25.0,3
7,12,2,0,25.0,49.96059,0.70137084,11.063926,4.5875325,0.0,0.0,1.0,25.0,3
7,13,2,0,23.897799,53.161568,0.7111847,0.0,2.828827,0.0,0.0,1.0,23.88889,3
7,14,2,0,22.813622,56.53693,0.71128905,0.0,3.914697,0.0,0.0,1.0,22.777779,3
7,15,2,0,22.778902,56.441437,0.52587134,0.0,3.4248056,0.0,0.0,0.0,22.777779,3
7,16,2,0,22.777872,56.25872,0.7229176,0.0,3.4416108,0.0,0.0,1.0,22.777779,3
7,17,2,0,22.777794,56.106606,0.75387937,0.8239197,4.272411,0.0,0.0,1.0,22.777779,3
7,18,2,0,22.777779,56.19944,0.845052,2.0448666,5.2045255,0.0,0.0,1.0,22.777779,3
7,19,2,0,22.777779,55.98815,0.5673927,0.0,3.0758715,0.0,0.0,0.0,22.777779,3
7,20,2,0,22.777779,55.965736,0.53450984,1.6478035,3.0741181,0.0,0.0,0.0,22.777779,3
7,21,2,0,22.777779,55.9085,0.5330701,0.0,2.6275065,0.0,0.0,0.0,22.777779,3
7,22,2,0,22.777779,55.879795,0.53163034,0.0,2.5178635,0.0,0.0,0.0,22.777779,3
7,23,2,0,22.777779,55.84274,0.52875084,0.0,2.3495858,0.0,0.0,0.0,22.777779,3
7,24,2,0,22.777779,55.847008,0.5244316,0.0,2.1830986,0.0,0.0,0.0,22.777779,3
7,1,3,0,22.777779,55.93861,0.5229918,0.0,2.0480833,0.0,0.0,1.0,22.777779,3
7,2,3,0,22.777779,56.01293,0.521552,0.0,1.8841231,0.0,0.0,1.0,22.777779,3
7,3,3,0,22.777779,56.126717,0.5201123,0.0,1.7979912,0.0,0.0,1.0,22.777779,3
7,4,3,0,22.777779,56.259586,0.5186725,0.0,1.6919208,0.0,0.0,1.0,22.777779,3
7,5,3,0,22.777779,56.31668,0.5172328,0.0,1.6369013,0.0,0.0,1.0,22.777779,3
7,6,3,0,22.777779,56.34236,0.5172328,0.0,1.5914295,0.0,0.0,1.0,22.777779,3
7,7,3,0,22.777779,56.344448,0.5201123,0.0,1.6517813,0.0,0.0,1.0,22.777779,3
7,8,3,0,22.777779,56.372395,0.5229918,0.0,1.7831594,0.0,0.0,1.0,22.777779,3
7,9,3,0,22.777779,56.401485,0.5244316,0.0,2.0884728,0.0,0.0,1.0,22.777779,3
7,10,3,0,22.777779,56.45833,0.5244316,0.0,2.1092432,0.0,0.0,1.0,22.777779,3
7,11,3,0,22.777779,56.52964,0.6954098,0.0,2.366766,0.0,0.0,1.0,22.777779,3
7,12,3,0,22.777779,56.53037,0.70137084,0.0,2.4864714,0.0,0.0,1.0,22.777779,3
7,13,3,0,22.777779,56.56071,0.7111847,0.0,2.5447645,0.0,0.0,1.0,22.777779,3
7,14,3,0,22.777779,56.47049,0.52587134,0.0,2.053927,0.0,0.0,0.0,22.777779,3
7,15,3,0,22.777779,56.344357,0.52587134,0.0,1.930406,0.0,0.0,0.0,22.777779,3
7,16,3,0,22.777779,56.37717,0.7229176,1.2322217,2.1788175,0.0,0.0,1.0,22.777779,3
7,17,3,0,22.777779,57.11857,0.52875084,1.232217,2.1025062,0.0,0.0,0.0,22.777779,3
7,18,3,0,22.777779,57.64664,0.5645132,0.0,1.9424368,0.0,0.0,0.0,22.777779,3
7,19,3,0,22.777779,57.377724,0.5673927,0.0,1.8376198,0.0,0.0,0.0,22.777779,3
7,20,3,0,22.777779,57.162357,0.53450984,0.0,1.7650265,0.0,0.0,0.0,22.777779,3
7,21,3,0,22.777779,57.21099,0.5330701,0.0,1.7105373,0.0,0.0,0.0,22.777779,3
7,22,3,0,22.777779,57.156044,0.53163034,0.0,1.6419418,0.0,0.0,0.0,22.777779,3
7,23,3,0,22.777779,56.976776,0.52875084,0.0,1.5428495,0.0,0.0,0.0,22.777779,3
7,24,3,0,22.777779,56.932484,0.5244316,0.0,1.468131,0.0,0.0,0.0,22.777779,3
7,1,4,0,22.777779,56.74877,0.5229918,0.0,1.361576,0.0,0.0,0.0,22.777779,3
7,2,4,0,22.777779,56.501225,0.47881302,5.580535,2.7106645,0.0,0.0,1.0,22.777779,3
7,3,4,0,22.777779,56.383987,0.45650628,0.0,1.2591827,0.0,0.0,1.0,22.777779,3
7,4,4,0,22.777779,56.36912,0.5186725,0.0,1.2244823,0.0,0.0,1.0,22.777779,3
7,5,4,0,22.777779,56.37775,0.5172328,0.0,1.2118974,0.0,0.0,1.0,22.777779,3
7,6,4,0,22.777779,56.390076,0.5172328,0.0,1.2030071,0.0,0.0,1.0,22.777779,3
7,7,4,0,22.777779,56.36679,0.5201123,1.2287675,1.4014914,0.0,0.0,0.0,22.777779,3
7,8,4,0,22.777779,56.362923,0.5229918,0.0,1.355823,0.0,0.0,0.0,22.777779,3
7,9,4,0,22.777779,56.343407,0.5244316,0.0,1.6270891,0.0,0.0,0.0,22.777779,3
7,10,4,0,22.777779,56.110752,0.5244316,0.0,1.8118551,0.0,0.0,0.0,22.777779,3
7,11,4,0,24.053507,52.247223,0.5229918,0.0,0.95951486,0.0,0.0,0.0,24.055555,3
7,12,4,0,24.998625,49.475925,0.5229918,0.0,0.71317774,0.0,0.0,0.0,25.0,3
7,13,4,0,24.228634,51.829617,0.52587134,0.0,1.3631399,0.0,0.0,0.0,24.222221,3
7,14,4,0,24.222286,51.562523,0.52587134,0.0,1.7598894,0.0,0.0,0.0,24.222221,3
7,15,4,0,23.581005,53.918602,0.52587134,0.0,2.6742015,0.0,0.0,0.0,23.5,3
7,16,4,0,22.824926,55.921047,0.5244316,0.0,3.360285,0.0,0.0,0.0,22.777779,3
7,17,4,0,22.778004,56.459747,0.75387937,0.0,3.6830528,0.0,0.0,1.0,22.777779,3
7,18,4,0,22.77779,56.46858,0.845052,0.0,3.3899434,0.0,0.0,1.0,22.777779,3
7,19,4,0,22.777779,56.339855,0.5673927,0.0,2.6032777,0.0,0.0,0.0,22.777779,3
7,20,4,0,22.777779,56.228977,0.53450984,0.0,2.3934052,0.0,0.0,0.0,22.777779,3
7,21,4,0,22.777779,56.1408,0.5330701,0.0,2.2292762,0.0,0.0,0.0,22.777779,3
7,22,4,0,22.777779,56.061428,0.53163034,1.2287344,2.260526,0.0,0.0,0.0,22.777779,3
7,23,4,0,22.777779,56.262993,0.52875084,2.0558064,3.3663793,0.0,0.0,1.0,22.777779,3
7,24,4,0,22.777779,56.210976,0.5244316,0.0,1.9558793,0.0,0.0,1.0,22.777779,3
7,1,5,0,22.777779,56.20609,0.5229918,0.0,1.7774799,0.0,0.0,1.0,22.777779,3
7,2,5,0,22.777779,56.241695,0.521552,0.0,1.6398013,0.0,0.0,1.0,22.777779,3
7,3,5,0,22.777779,56.29851,0.5201123,0.0,1.5601016,0.0,0.0,1.0,22.777779,3
7,4,5,0,22.777779,56.33359,0.5186725,0.0,1.5338155,0.0,0.0,1.0,22.777779,3
7,5,5,0,22.777779,56.355064,0.5172328,0.0,1.4285511,0.0,0.0,1.0,22.777779,3
7,6,5,0,22.777779,56.336815,0.5172328,0.0,1.3888354,0.0,0.0,1.0,22.777779,3
7,7,5,0,22.777779,56.338005,0.5201123,0.0,1.4775724,0.0,0.0,1.0,22.777779,3
7,8,5,0,22.777779,56.41802,0.5229918,0.0,1.6495838,0.0,0.0,1.0,22.777779,3
7,9,5,0,22.777779,56.44258,0.7114099,0.0,2.0425203,0.0,0.0,1.0,22.777779,3
7,10,5,0,22.777779,56.515057,0.7008094,0.0,2.2419946,0.0,0.0,1.0,22.777779,3
7,11,5,0,22.777779,56.666817,0.6954098,0.0,2.3682172,0.0,0.0,1.0,22.777779,3
7,12,5,0,22.777779,56.68854,0.5229918,0.0,2.283999,0.0,0.0,0.0,22.777779,3
7,13,5,0,22.777779,56.668434,0.52587134,0.40847135,2.33883,0.0,0.0,0.0,22.777779,3
7,14,5,0,22.777779,56.646477,0.52587134,0.8169083,2.6070397,0.0,0.0,0.0,22.777779,3
7,15,5,0,23.3155,54.779835,0.52587134,0.0,2.122635,0.0,0.0,0.0,23.333334,3
7,16,5,0,22.799755,56.441963,0.7229176,0.40846503,3.117016,0.0,0.0,1.0,22.777779,3
7,17,5,0,22.778461,56.62341,0.52875084,0.0,3.4327762,0.0,0.0,0.0,22.777779,3
7,18,5,0,22.77779,56.583366,0.5645132,0.0,3.2058825,0.0,0.0,0.0,22.777779,3
7,19,5,0,22.777779,56.41438,0.5673927,0.0,2.6341703,0.0,0.0,0.0,22.777779,3
7,20,5,0,22.777779,56.27253,0.53450984,0.0,2.3937118,0.0,0.0,0.0,22.777779,3
7,21,5,0,22.777779,56.151527,0.84976053,0.0,2.438343,0.0,0.0,1.0,22.777779,3
7,22,5,0,22.777779,56.099052,0.8749353,0.0,2.349654,0.0,0.0,1.0,22.777779,3
7,23,5,0,22.777779,56.110764,0.52875084,0.0,2.1224267,0.0,0.0,1.0,22.777779,3
7,24,5,0,22.777779,56.08334,0.5244316,0.0,1.9559588,0.0,0.0,1.0,22.777779,3
7,1,6,0,22.777779,56.13093,0.5229918,0.0,1.7456882,0.0,0.0,1.0,22.777779,3
7,2,6,0,22.777779,56.14319,0.521552,0.0,1.5860912,0.0,0.0,1.0,22.777779,3
7,3,6,0,22.777779,56.212563,0.5201123,0.0,1.5026938,0.0,0.0,1.0,22.777779,3
7,4,6,0,22.777779,56.23654,0.5186725,0.0,1.4323826,0.0,0.0,1.0,22.777779,3
7,5,6,0,22.777779,56.200977,0.5172328,0.0,1.3322998,0.0,0.0,0.0,22.777779,3
7,6,6,0,22.777779,56.755127,3.3640869,0.0,1.8884895,0.0,0.0,0.0,22.777779,3
7,7,6,0,22.777779,58.06004,4.494428,0.0,2.3365686,0.0,0.0,1.0,22.777779,3
7,8,6,0,22.777779,57.87661,0.7048906,0.0,1.7690839,0.0,0.0,1.0,22.777779,3
7,9,6,0,22.777779,57.73427,0.5244316,0.0,1.8540694,0.0,0.0,0.0,22.777779,3
7,10,6,0,22.777779,57.674194,0.5244316,0.0,1.5907952,0.0,0.0,0.0,22.777779,3
7,11,6,0,22.777779,57.569435,0.5229918,0.40740627,1.5410548,0.0,0.0,0.0,22.777779,3
7,12,6,0,22.777779,57.630726,0.70137084,0.8147989,2.0288496,0.0,0.0,1.0,22.777779,3
7,13,6,0,22.777779,57.654823,0.7111847,0.0,2.0846133,0.0,0.0,1.0,22.777779,3
7,14,6,0,22.777779,57.81558,0.71128905,2.549033,4.2553434,0.0,0.0,1.0,22.777779,3
7,15,6,0,22.777779,57.77791,0.52587134,0.0,2.3689866,0.0,0.0,1.0,22.777779,3
7,16,6,0,22.777779,57.70284,0.5244316,0.0,2.4814794,0.0,0.0,1.0,22.777779,3
7,17,6,0,22.777779,57.981907,0.52875084,0.0,2.6304953,0.0,0.0,0.0,22.777779,3
7,18,6,0,22.777779,58.115246,0.5645132,0.0,2.4947305,0.0,0.0,0.0,22.777779,3
7,19,6,0,22.777779,57.80616,0.5673927,0.0,2.108034,0.0,0.0,0.0,22.777779,3
7,20,6,0,22.777779,57.61054,0.53450984,0.0,1.983635,0.0,0.0,0.0,22.777779,3
7,21,6,0,22.777779,57.45957,0.5330701,0.0,1.9056728,0.0,0.0,0.0,22.777779,3
7,22,6,0,22.777779,57.25159,0.53163034,0.0,1.8404257,0.0,0.0,0.0,22.777779,3
7,23,6,0,22.777779,57.190914,0.52875084,0.0,1.7726167,0.0,0.0,1.0,22.777779,3
7,24,6,0,22.777779,57.115574,0.5244316,0.0,1.6682444,0.0,0.0,1.0,22.777779,3
7,1,7,0,22.777779,57.095943,0.5229918,0.0,1.5718971,0.0,0.0,1.0,22.777779,3
7,2,7,0,22.777779,57.032364,0.521552,0.0,1.4604565,0.0,0.0,1.0,22.777779,3
7,3,7,0,22.777779,56.980473,0.5201123,0.0,1.3919445,0.0,0.0,1.0,22.777779,3
7,4,7,0,22.777779,56.87452,0.5186725,0.0,1.3347979,0.0,0.0,1.0,22.777779,3
7,5,7,0,22.777779,56.77067,0.5172328,0.0,1.3035957,0.0,0.0,1.0,22.777779,3
7,6,7,0,22.777779,56.651432,0.5172328,0.0,1.2737951,0.0,0.0,1.0,22.777779,3
7,7,7,0,22.777779,56.537693,0.5201123,0.0,1.3234665,0.0,0.0,0.0,22.777779,3
7,8,7,0,22.777779,56.49829,0.5229918,0.0,1.4494743,0.0,0.0,0.0,22.777779,3
7,9,7,0,22.777779,56.454422,0.5244316,0.0,1.7585112,0.0,0.0,0.0,22.777779,3
7,10,7,0,22.777779,56.62966,1.3008463,0.0,2.0935822,0.0,0.0,0.0,22.777779,3
7,11,7,0,22.777779,56.80553,0.6954098,0.0,2.211066,0.0,0.0,1.0,22.777779,3
7,12,7,0,22.777779,56.79965,0.70137084,0.0,2.1893055,0.0,0.0,1.0,22.777779,3
7,13,7,0,22.777779,56.795834,0.52587134,0.0,2.0069847,0.0,0.0,0.0,22.777779,3
7,14,7,0,22.777779,56.82354,0.52587134,0.0,2.2071898,0.0,0.0,0.0,22.777779,3
7,15,7,0,22.777779,56.81967,0.7006377,0.4063803,2.6404817,0.0,0.0,1.0,22.777779,3
7,16,7,0,22.777779,56.788982,0.5244316,1.2190961,2.6506276,0.0,0.0,0.0,22.777779,3
7,17,7,0,22.777779,56.59262,0.52875084,0.0,2.4466202,0.0,0.0,0.0,22.777779,3
7,18,7,0,22.777779,56.872078,0.5645132,0.0,2.3301675,0.0,0.0,0.0,22.777779,3
7,19,7,0,22.777779,56.731335,0.5673927,0.0,2.0555942,0.0,0.0,0.0,22.777779,3
7,20,7,0,22.777779,56.580902,0.53450984,0.0,1.9483025,0.0,0.0,0.0,22.777779,3
7,21,7,0,22.777779,56.51732,0.5330701,0.0,1.8782014,0.0,0.0,0.0,22.777779,3
7,22,7,0,22.777779,56.47879,0.53163034,0.0,1.8228317,0.0,0.0,0.0,22.777779,3
7,23,7,0,22.777779,56.51579,0.75337434,0.0,1.8283601,0.0,0.0,1.0,22.777779,3
7,24,7,0,22.777779,56.432884,0.5244316,0.0,1.5882215,0.0,0.0,0.0,22.777779,3
7,1,1,0,22.777779,56.807285,0.5229918,0.0,1.503962,0.0,0.0,1.0,22.777779,3
7,2,1,0,22.777779,56.387062,0.521552,0.0,1.3809232,0.0,0.0,1.0,22.777779,3
7,3,1,0,22.777779,56.380432,0.5201123,0.0,1.3296249,0.0,0.0,1.0,22.777779,3
7,4,1,0,22.777779,56.352207,0.5186725,0.0,1.2766962,0.0,0.0,1.0,22.777779,3
7,5,1,0,22.777779,56.32655,0.5172328,0.0,1.2541046,0.0,0.0,1.0,22.777779,3
7,6,1,0,22.777779,56.36284,0.5172328,0.0,1.2434391,0.0,0.0,1.0,22.777779,3
7,7,1,0,22.777779,56.58521,0.61235434,1.4107714,2.3717494,0.0,0.0,1.0,22.777779,3
7,8,1,0,22.777779,56.641827,0.5229918,0.0,1.2107309,0.0,0.0,0.0,22.777779,3
7,9,1,0,22.777779,56.66957,0.5244316,0.0,1.2865682,0.0,0.0,0.0,22.777779,3
7,10,1,0,22.777779,56.658585,0.5244316,0.0,1.2963082,0.0,0.0,0.0,22.777779,3
7,11,1,0,22.777779,56.76598,0.5229918,1.2162083,1.7683676,0.0,0.0,0.0,22.777779,3
7,12,1,0,22.88846,56.436443,0.5229918,0.0,1.4221992,0.0,0.0,0.0,22.88889,3
7,13,1,0,24.98454,49.828346,0.52587134,0.0,0.0,0.48258418,0.0,0.0,25.0,3
7,14,1,0,24.944738,50.010822,0.52587134,0.0,0.58984727,0.0,0.0,0.0,24.944445,3
7,15,1,0,22.847002,56.53029,0.52587134,0.0,1.7430792,0.0,0.0,0.0,22.777779,3
7,16,1,0,22.790195,57.034557,0.7229176,2.8726425,4.283918,0.0,0.0,1.0,22.777779,3
7,17,1,0,22.778736,57.995586,0.75387937,0.0,2.1160839,0.0,0.0,1.0,22.777779,3
7,18,1,0,22.777939,59.137165,0.5645132,0.0,1.8932661,0.0,0.0,0.0,22.777779,3
7,19,1,0,22.777782,58.83761,0.5673927,0.0,1.6087595,0.0,0.0,0.0,22.777779,3
7,20,1,0,22.777779,58.68371,0.53450984,0.8107966,1.633355,0.0,0.0,0.0,22.777779,3
7,21,1,0,22.777779,58.269917,0.84976053,0.0,1.663464,0.0,0.0,1.0,22.777779,3
7,22,1,0,22.777779,58.266243,0.53163034,0.0,1.517138,0.0,0.0,1.0,22.777779,3
7,23,1,0,22.777779,57.979492,0.52875084,0.0,1.4303571,0.0,0.0,1.0,22.777779,3
7,24,1,0,22.777779,57.681255,0.5244316,0.0,1.3581913,0.0,0.0,1.0,22.777779,3
7,1,2,0,22.777779,57.496338,0.5229918,0.0,1.2506855,0.0,0.0,1.0,22.777779,3
7,2,2,0,22.777779,57.584435,0.521552,0.0,1.1580147,0.0,0.0,1.0,22.777779,3
7,3,2,0,22.777779,57.271667,0.5201123,0.0,1.1209978,0.0,0.0,1.0,22.777779,3
7,4,2,0,22.777779,57.142876,0.5186725,0.0,1.0824225,0.0,0.0,1.0,22.777779,3
7,5,2,0,22.777779,57.04917,0.5172328,0.0,1.0551553,0.0,0.0,1.0,22.777779,3
7,6,2,0,22.777779,57.01995,0.5172328,0.0,1.0388175,0.0,0.0,1.0,22.777779,3
7,7,2,0,22.777779,56.990646,0.5201123,0.0,1.1342713,0.0,0.0,1.0,22.777779,3
7,8,2,0,23.444088,54.865,0.5229918,0.0,0.7608262,0.0,0.0,0.0,23.444445,3
7,9,2,0,24.995474,49.983135,0.5244316,0.0,0.40423706,0.0,0.0,0.0,25.0,3
7,10,2,0,24.999998,50.021507,0.5244316,0.0,0.87329596,0.0,0.0,0.0,25.0,3
7,11,2,0,25.0,50.08756,0.5229918,0.0,0.96406627,0.0,0.0,0.0,25.0,3
7,12,2,0,25.0,50.142326,0.5229918,0.0,1.1296215,0.0,0.0,0.0,25.0,3
7,13,2,0,25.0,50.19803,0.52587134,0.0,1.2534058,0.0,0.0,0.0,25.0,3
7,14,2,0,25.0,50.200874,0.52587134,0.0,1.4195768,0.0,0.0,0.0,25.0,3
7,15,2,0,25.0,50.270695,0.52587134,0.0,1.6786513,0.0,0.0,0.0,25.0,3
7,16,2,0,23.68652,54.185513,0.5244316,0.0,3.044838,0.0,0.0,0.0,23.61111,3
7,17,2,0,22.802021,57.238605,0.52875084,0.0,4.1987786,0.0,0.0,0.0,22.777779,3
7,18,2,0,22.778177,57.434555,0.5645132,0.0,3.44512,0.0,0.0,0.0,22.777779,3
7,19,2,0,22.77778,57.208633,0.5673927,0.0,2.7122579,0.0,0.0,0.0,22.777779,3
7,20,2,0,22.777779,57.044598,0.8382359,0.0,2.6489184,0.0,0.0,1.0,22.777779,3
7,21,2,0,22.777779,56.935646,0.5330701,0.0,2.3476481,0.0,0.0,1.0,22.777779,3
7,22,2,0,22.777779,56.89883,0.53163034,0.0,2.2201512,0.0,0.0,1.0,22.777779,3
7,23,2,0,22.777779,56.8388,0.52875084,0.0,2.0335,0.0,0.0,1.0,22.777779,3
7,24,2,0,22.777779,56.82089,0.5244316,0.40448684,1.9367601,0.0,0.0,1.0,22.777779,3
7,1,3,0,22.777779,56.84147,0.5229918,0.4036095,1.7857802,0.0,0.0,1.0,22.777779,3
7,2,3,0,22.777779,56.856018,0.521552,0.0,1.5827312,0.0,0.0,1.0,22.777779,3
7,3,3,0,22.777779,56.869576,0.5201123,0.0,1.4750682,0.0,0.0,1.0,22.777779,3
7,4,3,0,22.777779,56.90839,0.5186725,0.0,1.416769,0.0,0.0,1.0,22.777779,3
7,5,3,0,22.777779,56.86695,0.5172328,0.0,1.3421428,0.0,0.0,1.0,22.777779,3
7,6,3,0,22.777779,56.800476,0.5172328,0.0,1.2825388,0.0,0.0,1.0,22.777779,3
7,7,3,0,22.777779,56.801727,0.5201123,0.0,1.39207,0.0,0.0,1.0,22.777779,3
7,8,3,0,23.332403,54.998993,0.5229918,0.0,1.0807047,0.0,0.0,1.0,23.333334,3
7,9,3,0,24.995346,49.90841,0.5244316,0.0,0.56002426,0.0,0.0,1.0,25.0,3
7,10,3,0,24.999996,49.95914,0.7008094,0.0,1.1215044,0.0,0.0,1.0,25.0,3
7,11,3,0,25.0,50.03394,0.6954098,0.0,1.3001603,0.0,0.0,1.0,25.0,3
7,12,3,0,25.0,50.108574,0.70137084,0.0,1.5223211,0.0,0.0,1.0,25.0,3
7,13,3,0,25.0,50.29896,0.7111847,1.4613637,2.7589083,0.0,0.0,1.0,25.0,3
7,14,3,0,25.0,50.311234,0.52587134,0.0,1.6768395,0.0,0.0,0.0,25.0,3
7,15,3,0,25.0,50.29108,0.52587134,0.0,1.8576025,0.0,0.0,0.0,25.0,3
7,16,3,0,23.205019,55.74118,0.5244316,0.0,3.7005076,0.0,0.0,0.0,23.11111,3
7,17,3,0,22.798025,56.952103,0.52875084,0.0,4.1524262,0.0,0.0,0.0,22.777779,3
7,18,3,0,22.77813,57.149372,0.845052,0.0,3.660819,0.0,0.0,1.0,22.777779,3
7,19,3,0,22.77778,56.943733,0.875797,0.0,2.9997785,0.0,0.0,1.0,22.777779,3
7,20,3,0,22.777779,56.774223,0.53450984,0.0,2.5570128,0.0,0.0,0.0,22.777779,3
7,21,3,0,22.777779,56.651505,0.5330701,0.0,2.4084604,0.0,0.0,0.0,22.777779,3
7,22,3,0,22.777779,56.547623,0.53163034,0.0,2.2498546,0.0,0.0,0.0,22.777779,3
7,23,3,0,22.23035,58.351997,0.75337434,0.4036143,2.768545,0.0,0.0,1.0,22.222221,3
7,24,3,0,22.222345,58.33444,0.5244316,0.0,2.3378584,0.0,0.0,1.0,22.222221,3
7,1,4,0,22.222225,58.32236,0.5229918,0.0,2.0535338,0.0,0.0,1.0,22.222221,3
7,2,4,0,22.222221,58.32571,0.521552,0.0,1.827447,0.0,0.0,1.0,22.222221,3
7,3,4,0,22.222221,58.35956,0.5201123,0.0,1.7159082,0.0,0.0,1.0,22.222221,3
7,4,4,0,22.222221,58.38257,0.5186725,0.0,1.615128,0.0,0.0,1.0,22.222221,3
7,5,4,0,22.222221,58.385838,0.5172328,0.0,1.5453578,0.0,0.0,1.0,22.222221,3
7,6,4,0,22.222221,58.38081,0.5172328,0.0,1.477183,0.0,0.0,1.0,22.222221,3
7,7,4,0,22.222221,58.429886,0.5201123,0.0,1.5673544,0.0,0.0,1.0,22.222221,3
7,8,4,0,22.222221,58.705055,0.7048906,2.0805411,3.4289122,0.0,0.0,1.0,22.222221,3
7,9,4,0,22.222221,58.691525,0.7114099,0.0,2.1274467,0.0,0.0,1.0,22.222221,3
7,10,4,0,22.222221,59.125076,0.7008094,4.106936,5.5394464,0.0,0.0,1.0,22.222221,3
7,11,4,0,23.276798,55.827763,0.5229918,0.0,1.491029,0.0,0.0,0.0,23.277779,3
7,12,4,0,24.994904,50.436573,0.5229918,0.40279087,0.6756209,0.0,0.0,0.0,25.0,3
7,13,4,0,24.999987,50.443623,0.52587134,0.0,1.0503187,0.0,0.0,0.0,25.0,3
7,14,4,0,25.0,50.445057,0.52587134,0.0,1.3428531,0.0,0.0,0.0,25.0,3
7,15,4,0,25.0,50.40155,0.52587134,0.0,1.7035596,0.0,0.0,0.0,25.0,3
7,16,4,0,22.92539,56.754646,0.5244316,0.0,3.863672,0.0,0.0,0.0,22.833334,3
7,17,4,0,22.78209,57.133545,0.52875084,0.0,4.102264,0.0,0.0,0.0,22.777779,3
7,18,4,0,22.777828,57.01969,0.5645132,0.0,3.4038532,0.0,0.0,0.0,22.777779,3
7,19,4,0,24.88146,50.215794,0.5673927,0.0,1.0418133,0.0,0.0,0.0,24.88889,3
7,20,4,0,24.999823,49.79314,0.53450984,0.0,1.2427922,0.0,0.0,0.0,25.0,3
7,21,4,0,25.0,49.75697,0.5330701,0.0,1.4782157,0.0,0.0,0.0,25.0,3
7,22,4,0,23.51944,54.20835,0.53163034,0.0,2.7095575,0.0,0.0,0.0,23.5,3
7,23,4,0,22.789612,56.547997,0.75337434,0.0,3.156639,0.0,0.0,1.0,22.777779,3
7,24,4,0,22.777994,56.5221,0.5244316,0.0,2.4396238,0.0,0.0,1.0,22.777779,3
7,1,5,0,22.77778,56.45509,0.5229918,0.0,2.030806,0.0,0.0,1.0,22.777779,3
7,2,5,0,22.777779,56.507786,0.521552,0.0,1.7966475,0.0,0.0,1.0,22.777779,3
7,3,5,0,22.777779,56.613365,0.5201123,0.0,1.6869603,0.0,0.0,1.0,22.777779,3
7,4,5,0,22.777779,56.66026,0.5186725,0.0,1.5736887,0.0,0.0,1.0,22.777779,3
7,5,5,0,22.777779,56.70671,0.5172328,0.0,1.4959285,0.0,0.0,1.0,22.777779,3
7,6,5,0,22.777779,56.705997,0.5172328,0.0,1.4344987,0.0,0.0,1.0,22.777779,3
7,7,5,0,22.777779,56.859684,0.61235434,1.3770835,2.6022522,0.0,0.0,1.0,22.777779,3
7,8,5,0,22.777779,56.8157,0.5229918,0.0,1.5757048,0.0,0.0,0.0,22.777779,3
7,9,5,0,22.777779,56.827255,0.5244316,0.0,1.9339923,0.0,0.0,0.0,22.777779,3
7,10,5,0,23.444221,54.6155,0.5244316,0.0,1.527508,0.0,0.0,0.0,23.444445,3
7,11,5,0,24.99678,49.90741,0.5229918,0.4020159,0.7873558,0.0,0.0,0.0,25.0,3
7,12,5,0,24.501741,51.470432,0.5229918,0.80402654,1.3815185,0.0,0.0,0.0,24.5,3
7,13,5,0,24.998936,50.06392,0.52587134,0.0,1.2860699,0.0,0.0,0.0,25.0,3
7,14,5,0,24.61796,51.22773,0.52587134,0.0,1.812008,0.0,0.0,0.0,24.61111,3
7,15,5,0,22.851131,56.700554,0.52587134,0.0,3.6503284,0.0,0.0,0.0,22.777779,3
7,16,5,0,22.777788,56.58956,0.5244316,0.0,3.1969802,0.0,0.0,0.0,22.777779,3
7,17,5,0,22.777779,56.68524,0.52875084,0.0,3.6502788,0.0,0.0,0.0,22.777779,3
7,18,5,0,22.777779,56.740597,0.5645132,0.0,3.314811,0.0,0.0,0.0,22.777779,3
7,19,5,0,22.777779,56.57511,0.5673927,0.0,2.8324087,0.0,0.0,0.0,22.777779,3
7,20,5,0,22.777779,56.492092,0.53450984,0.0,2.567274,0.0,0.0,0.0,22.777779,3
7,21,5,0,22.777779,56.45545,0.5330701,0.0,2.3911061,0.0,0.0,0.0,22.777779,3
7,22,5,0,22.777779,56.51341,0.53163034,0.0,2.3518999,0.0,0.0,1.0,22.777779,3
7,23,5,0,22.777779,56.527035,0.52875084,0.0,2.1792846,0.0,0.0,1.0,22.777779,3
7,24,5,0,22.777779,56.513943,0.5244316,0.0,2.0101128,0.0,0.0,1.0,22.777779,3
7,1,6,0,22.777779,56.52473,0.5229918,0.0,1.8530322,0.0,0.0,1.0,22.777779,3
7,2,6,0,22.777779,56.648674,0.521552,1.2038559,1.8749567,0.0,0.0,1.0,22.777779,3
7,3,6,0,22.777779,56.704903,0.5201123,0.0,1.6098726,0.0,0.0,1.0,22.777779,3
7,4,6,0,22.777779,56.795822,0.5186725,0.0,1.5290625,0.0,0.0,1.0,22.777779,3
7,5,6,0,22.777779,56.87391,0.5172328,0.0,1.4640441,0.0,0.0,1.0,22.777779,3
7,6,6,0,22.777779,56.87537,0.5172328,0.0,1.4201208,0.0,0.0,1.0,22.777779,3
7,7,6,0,22.777779,56.88051,0.5201123,0.0,1.5103064,0.0,0.0,1.0,22.777779,3
7,8,6,0,22.777779,56.886295,0.7048906,0.0,1.7315079,0.0,0.0,1.0,22.777779,3
7,9,6,0,22.777779,56.859123,0.5244316,0.0,1.9516298,0.0,0.0,0.0,22.777779,3
7,10,6,0,22.777779,56.848434,0.5244316,0.0,2.0947142,0.0,0.0,0.0,22.777779,3
7,11,6,0,21.950161,59.661827,0.5229918,0.0,2.9187024,0.0,0.0,0.0,21.944445,3
7,12,6,0,21.66942,60.70352,0.5229918,1.6050744,3.3000083,0.0,0.0,0.0,21.666666,3
7,13,6,0,21.666687,60.62869,0.52587134,0.0,2.791467,0.0,0.0,0.0,21.666666,3
7,14,6,0,21.666668,60.520264,0.52587134,0.0,2.7691886,0.0,0.0,0.0,21.666666,3
7,15,6,0,21.666666,60.437996,0.52587134,0.0,3.003696,0.0,0.0,0.0,21.666666,3
7,16,6,0,21.666666,60.22059,0.5244316,0.0,3.1170807,0.0,0.0,0.0,21.666666,3
7,17,6,0,21.666666,60.402016,0.52875084,0.0,3.7585182,0.0,0.0,0.0,21.666666,3
7,18,6,0,21.666666,60.49587,0.5645132,0.0,3.503149,0.0,0.0,0.0,21.666666,3
7,19,6,0,21.666666,60.339516,0.5673927,0.0,3.008311,0.0,0.0,0.0,21.666666,3
7,20,6,0,21.666666,60.239956,0.53450984,0.0,2.7422528,0.0,0.0,0.0,21.666666,3
7,21,6,0,21.666666,60.153397,0.5330701,0.0,2.614787,0.0,0.0,0.0,21.666666,3
7,22,6,0,21.832127,59.54404,0.53163034,0.0,2.390233,0.0,0.0,1.0,21.833334,3
7,23,6,0,22.77709,56.30255,0.52875084,0.0,1.4564388,0.0,0.0,1.0,22.777779,3
7,24,6,0,22.777771,56.338734,0.5244316,0.0,1.6287365,0.0,0.0,1.0,22.777779,3
7,1,7,0,22.777777,56.398655,0.5229918,0.0,1.6266419,0.0,0.0,1.0,22.777779,3
7,2,7,0,22.777779,56.49209,0.521552,0.0,1.5583752,0.0,0.0,1.0,22.777779,3
7,3,7,0,22.777779,56.600636,0.5201123,0.0,1.5222602,0.0,0.0,1.0,22.777779,3
7,4,7,0,22.777779,56.776752,0.5186725,0.0,1.4906178,0.0,0.0,1.0,22.777779,3
7,5,7,0,22.777779,56.841316,0.5172328,0.0,1.4312083,0.0,0.0,1.0,22.777779,3
7,6,7,0,22.777779,56.918606,0.5172328,0.0,1.3790439,0.0,0.0,1.0,22.777779,3
7,7,7,0,22.777779,56.963676,0.5201123,0.0,1.4578706,0.0,0.0,1.0,22.777779,3
7,8,7,0,22.777779,57.10769,0.5229918,0.0,1.5902616,0.0,0.0,1.0,22.777779,3
7,9,7,0,22.777779,56.986706,0.5244316,0.0,1.7350876,0.0,0.0,0.0,22.777779,3
7,10,7,0,22.777779,57.00152,0.5244316,0.0,1.8615794,0.0,0.0,0.0,22.777779,3
7,11,7,0,22.777779,57.020042,0.5229918,0.0,2.0087118,0.0,0.0,0.0,22.777779,3
7,12,7,0,22.777779,57.08285,0.5229918,0.0,2.2062893,0.0,0.0,0.0,22.777779,3
7,13,7,0,22.777779,57.120026,0.52587134,0.0,2.260342,0.0,0.0,0.0,22.777779,3
7,14,7,0,23.108908,56.0141,0.52587134,0.0,2.0516376,0.0,0.0,0.0,23.11111,3
7,15,7,0,24.992908,50.184673,0.52587134,0.0,0.8924412,0.0,0.0,0.0,25.0,3
7,16,7,0,24.999743,50.20334,0.5244316,0.0,1.3952063,0.0,0.0,0.0,25.0,3
7,17,7,0,24.999994,50.164364,0.52875084,0.0,2.2935452,0.0,0.0,0.0,25.0,3
7,18,7,0,25.0,49.9989,0.5645132,0.0,2.2548769,0.0,0.0,0.0,25.0,3
7,19,7,0,22.822678,56.691666,0.875797,0.0,3.9753838,0.0,0.0,1.0,22.777779,3
7,20,7,0,22.778404,57.190304,0.8382359,4.232057,6.8020463,0.0,0.0,1.0,22.777779,3
7,21,7,0,22.777782,56.97271,0.5330701,0.0,2.6790392,0.0,0.0,0.0,22.777779,3
7,22,7,0,22.229452,58.649418,0.53163034,0.0,2.8954384,0.0,0.0,0.0,22.222221,3
7,23,7,0,20.606567,64.42634,0.52875084,0.0,4.16799,0.0,0.0,1.0,20.555555,3
7,24,7,0,22.107956,58.83196,0.5244316,0.0,1.6788179,0.0,0.0,1.0,22.11111,3
7,1,1,0,22.220385,58.45268,0.5229918,0.0,1.6892954,0.0,0.0,1.0,22.222221,3
7,2,1,0,22.22218,58.511703,0.521552,0.0,1.6961422,0.0,0.0,1.0,22.222221,3
7,3,1,0,22.22222,58.623024,0.5201123,0.7999,1.7665147,0.0,0.0,1.0,22.222221,3
7,4,1,0,22.222221,58.731323,0.5186725,0.0,1.5883656,0.0,0.0,1.0,22.222221,3
7,5,1,0,22.222221,58.72253,0.5172328,0.0,1.5323515,0.0,0.0,1.0,22.222221,3
7,6,1,0,22.222221,58.72527,0.5172328,0.0,1.4879453,0.0,0.0,1.0,22.222221,3
7,7,1,0,22.222221,58.962452,0.61235434,1.68506,2.8965657,0.0,0.0,1.0,22.222221,3
7,8,1,0,22.222221,59.035656,0.7048906,0.0,1.7926087,0.0,0.0,1.0,22.222221,3
7,9,1,0,22.222221,58.93312,0.5244316,0.0,1.9777212,0.0,0.0,0.0,22.222221,3
7,10,1,0,22.222221,58.884117,0.5244316,0.0,2.1765063,0.0,0.0,0.0,22.222221,3
7,11,1,0,22.222221,58.8804,0.5229918,0.79997665,2.4211948,0.0,0.0,0.0,22.222221,3
7,12,1,0,22.332943,58.46947,0.5229918,0.0,2.2719898,0.0,0.0,0.0,22.333334,3
7,13,1,0,22.776857,56.93516,0.52587134,0.0,1.9745458,0.0,0.0,0.0,22.777779,3
7,14,1,0,22.503319,57.79748,0.52587134,0.0,2.4879377,0.0,0.0,0.0,22.5,3
7,15,1,0,22.230955,58.637993,0.52587134,0.0,3.0026495,0.0,0.0,0.0,22.222221,3
7,16,1,0,22.391544,57.858627,0.7229176,0.0,2.9578252,0.0,0.0,1.0,22.444445,3
7,17,1,0,22.762941,56.67435,0.75387937,0.0,3.3403108,0.0,0.0,1.0,22.777779,3
7,18,1,0,22.777555,56.567337,0.5645132,0.0,3.13406,0.0,0.0,0.0,22.777779,3
7,19,1,0,22.777777,56.346924,0.5673927,0.0,2.5876312,0.0,0.0,0.0,22.777779,3
7,20,1,0,22.777779,56.2209,0.53450984,0.0,2.568336,0.0,0.0,0.0,22.777779,3
7,21,1,0,22.777779,56.182087,0.5330701,0.79997057,2.458394,0.0,0.0,0.0,22.777779,3
7,22,1,0,22.777779,56.15584,0.8749353,0.3999889,2.4916608,0.0,0.0,1.0,22.777779,3
7,23,1,0,22.777779,56.13153,0.52875084,0.0,2.1420207,0.0,0.0,1.0,22.777779,3
7,24,1,0,22.777779,56.142456,0.5244316,0.0,1.9785728,0.0,0.0,1.0,22.777779,3
7,1,2,0,22.777779,56.17711,0.5229918,0.0,1.7979355,0.0,0.0,1.0,22.777779,3
7,2,2,0,22.777779,56.19056,0.521552,0.0,1.6232169,0.0,0.0,1.0,22.777779,3
7,3,2,0,22.777779,56.259937,0.5201123,0.0,1.5347906,0.0,0.0,1.0,22.777779,3
7,4,2,0,22.777779,56.33896,0.5186725,0.0,1.4643025,0.0,0.0,1.0,22.777779,3
7,5,2,0,22.777779,56.3638,0.5172328,0.0,1.4052685,0.0,0.0,1.0,22.777779,3
7,6,2,0,22.777779,56.393845,0.5172328,0.0,1.3528179,0.0,0.0,1.0,22.777779,3
7,7,2,0,22.777779,56.40289,0.5201123,0.0,1.4218595,0.0,0.0,1.0,22.777779,3
7,8,2,0,23.887089,52.901657,0.5229918,0.0,0.7763833,0.0,0.0,1.0,23.88889,3
7,9,2,0,24.998604,50.37,4.406505,0.0,1.4439502,0.0,0.0,1.0,25.0,3
7,10,2,0,24.999998,51.066223,4.0652733,0.0,1.9076929,0.0,0.0,1.0,25.0,3
7,11,2,0,25.0,51.031548,0.6954098,0.0,1.6150298,0.0,0.0,1.0,25.0,3
7,12,2,0,25.0,51.05913,0.70137084,0.0,1.7273848,0.0,0.0,1.0,25.0,3
7,13,2,0,25.0,50.995365,0.52587134,0.0,1.711477,0.0,0.0,0.0,25.0,3
7,14,2,0,25.0,50.88898,0.52587134,1.198207,2.0541112,0.0,0.0,0.0,25.0,3
7,15,2,0,25.0,50.7149,0.52587134,0.0,2.1096406,0.0,0.0,0.0,25.0,3
7,16,2,0,24.02627,53.46339,0.5244316,0.0,3.2416563,0.0,0.0,0.0,23.944445,3
7,17,2,0,22.836039,57.075386,0.75387937,0.0,5.030786,0.0,0.0,1.0,22.777779,3
7,18,2,0,24.994926,50.115677,0.845052,0.0,2.0046897,0.0,0.0,1.0,25.0,3
7,19,2,0,22.812225,56.880703,0.5673927,0.9192923,4.1932893,0.0,0.0,0.0,22.777779,3
7,20,2,0,22.777964,56.728104,0.53450984,0.0,3.1239305,0.0,0.0,0.0,22.777779,3
7,21,2,0,22.777779,56.53859,0.5330701,0.0,2.7122533,0.0,0.0,0.0,22.777779,3
7,22,2,0,22.777779,56.438904,0.53163034,0.0,2.5369062,0.0,0.0,0.0,22.777779,3
7,23,2,0,22.777779,56.425552,0.75337434,0.39941368,2.481126,0.0,0.0,1.0,22.777779,3
7,24,2,0,22.777779,56.417255,0.5244316,0.0,2.1680899,0.0,0.0,1.0,22.777779,3
7,1,3,0,22.777779,56.479736,0.5229918,0.0,1.9761478,0.0,0.0,1.0,22.777779,3
7,2,3,0,22.777779,56.511467,0.521552,0.0,1.7772312,0.0,0.0,1.0,22.777779,3
7,3,3,0,22.777779,56.561337,0.5201123,0.0,1.6743978,0.0,0.0,1.0,22.777779,3
7,4,3,0,22.777779,56.593555,0.5186725,0.0,1.5870148,0.0,0.0,1.0,22.777779,3
7,5,3,0,22.777779,56.669594,0.5172328,0.0,1.5513602,0.0,0.0,1.0,22.777779,3
7,6,3,0,22.777779,56.724422,0.5172328,0.0,1.4977086,0.0,0.0,1.0,22.777779,3
7,7,3,0,22.777779,56.761288,0.5201123,0.0,1.5394484,0.0,0.0,1.0,22.777779,3
7,8,3,0,23.776953,53.581436,0.5229918,0.0,0.9304119,0.0,0.0,1.0,23.777779,3
7,9,3,0,24.997572,49.903694,0.5244316,0.0,0.7488969,0.0,0.0,0.0,25.0,3
7,10,3,0,24.999998,49.952652,0.5244316,0.0,1.0840553,0.0,0.0,0.0,25.0,3
7,11,3,0,25.0,49.987812,0.6954098,0.0,1.6297373,0.0,0.0,1.0,25.0,3
7,12,3,0,25.0,49.995968,0.70137084,0.0,1.7922493,0.0,0.0,1.0,25.0,3
7,13,3,0,25.0,49.976692,0.52587134,0.0,1.8313313,0.0,0.0,0.0,25.0,3
7,14,3,0,25.0,49.923737,0.52587134,0.0,1.9957304,0.0,0.0,0.0,25.0,3
7,15,3,0,23.971,52.879032,0.52587134,0.0,3.1545985,0.0,0.0,0.0,23.944445,3
7,16,3,0,22.903315,56.062885,0.5244316,0.39887595,4.4226217,0.0,0.0,1.0,22.777779,3
7,17,3,0,22.782793,56.21487,0.75387937,0.0,4.5403123,0.0,0.0,1.0,22.777779,3
7,18,3,0,22.777855,55.9534,0.5645132,0.0,3.888188,0.0,0.0,0.0,22.777779,3
7,19,3,0,22.777779,55.780193,0.5673927,0.0,3.0641265,0.0,0.0,0.0,22.777779,3
7,20,3,0,22.777779,55.622986,0.53450984,0.0,2.7476754,0.0,0.0,0.0,22.777779,3
7,21,3,0,22.777779,55.478565,0.5330701,0.0,2.6220698,0.0,0.0,0.0,22.777779,3
7,22,3,0,22.777779,55.519447,0.8749353,0.0,2.774774,0.0,0.0,1.0,22.777779,3
7,23,3,0,22.777779,55.689476,0.75337434,0.0,2.5396214,0.0,0.0,1.0,22.777779,3
7,24,3,0,22.777779,55.848244,0.58654404,0.0,2.2916467,0.0,0.0,1.0,22.777779,3
7,1,4,0,22.777779,55.97034,0.5229918,0.0,2.0480678,0.0,0.0,1.0,22.777779,3
7,2,4,0,22.777779,56.06279,0.521552,0.0,1.8747604,0.0,0.0,1.0,22.777779,3
7,3,4,0,22.777779,56.157745,0.5201123,0.0,1.7742957,0.0,0.0,1.0,22.777779,3
7,4,4,0,22.777779,56.319202,0.5186725,0.0,1.6608719,0.0,0.0,1.0,22.777779,3
7,5,4,0,22.777779,56.397976,0.5172328,0.0,1.6028471,0.0,0.0,1.0,22.777779,3
7,6,4,0,22.777779,56.43343,0.5172328,0.0,1.5642259,0.0,0.0,1.0,22.777779,3
7,7,4,0,22.777779,56.478775,0.5201123,0.0,1.6084585,0.0,0.0,1.0,22.777779,3
7,8,4,0,23.888287,53.045994,0.5229918,0.0,0.87906027,0.0,0.0,1.0,23.88889,3
7,9,4,0,24.99797,49.776047,0.5244316,0.0,0.8269812,0.0,0.0,1.0,25.0,3
7,10,4,0,24.999998,49.85638,0.5244316,0.0,1.1552382,0.0,0.0,1.0,25.0,3
7,11,4,0,25.0,50.23012,0.5229918,0.0,1.5349145,0.0,0.0,1.0,25.0,3
7,12,4,0,25.0,49.995193,0.5229918,0.0,1.7142673,0.0,0.0,1.0,25.0,3
7,13,4,0,25.0,50.052883,0.52587134,0.0,1.8679312,0.0,0.0,1.0,25.0,3
7,14,4,0,24.725283,50.817463,0.52587134,0.0,2.2878942,0.0,0.0,1.0,24.722221,3
7,15,4,0,22.223728,58.609108,0.52587134,0.0,4.8725705,0.0,0.0,0.0,22.11111,3
7,16,4,0,22.731281,56.628407,0.5244316,0.0,3.5439177,0.0,0.0,0.0,22.777779,3
7,17,4,0,22.774746,56.171585,0.52875084,0.0,4.067347,0.0,0.0,0.0,22.777779,3
7,18,4,0,22.777725,56.04101,0.5645132,0.0,3.7117107,0.0,0.0,0.0,22.777779,3
7,19,4,0,22.777777,55.834324,0.5673927,0.0,3.012023,0.0,0.0,0.0,22.777779,3
7,20,4,0,22.777779,55.716988,0.53450984,0.0,2.7346914,0.0,0.0,0.0,22.777779,3
7,21,4,0,22.777779,55.687496,0.5330701,2.788716,2.9951012,0.0,0.0,0.0,22.777779,3
7,22,4,0,22.777779,55.692795,0.53163034,0.0,2.5548697,0.0,0.0,0.0,22.777779,3
7,23,4,0,22.777779,55.77713,0.52875084,0.0,2.3434772,0.0,0.0,0.0,22.777779,3
7,24,4,0,22.777779,55.86943,0.5244316,0.0,2.1749365,0.0,0.0,0.0,22.777779,3
7,1,5,0,22.777779,56.439983,0.5230146,3.4412608,4.734706,0.0,0.0,1.0,22.777779,3
7,2,5,0,22.777779,56.493267,0.521552,0.0,1.8577108,0.0,0.0,1.0,22.777779,3
7,3,5,0,22.777779,56.56626,0.5201123,0.0,1.7478467,0.0,0.0,1.0,22.777779,3
7,4,5,0,22.777779,56.65332,0.5186725,0.0,1.6504861,0.0,0.0,1.0,22.777779,3
7,5,5,0,22.777779,56.702,0.5172328,0.0,1.5232368,0.0,0.0,0.0,22.777779,3
7,6,5,0,22.777779,56.648678,0.5172328,0.0,1.4638299,0.0,0.0,0.0,22.777779,3
7,7,5,0,22.777779,56.598415,0.5201123,0.0,1.5292114,0.0,0.0,0.0,22.777779,3
7,8,5,0,22.777779,56.60392,0.5229918,0.0,1.6667076,0.0,0.0,0.0,22.777779,3
7,9,5,0,22.777779,56.616596,0.5244316,0.0,1.9674349,0.0,0.0,0.0,22.777779,3
7,10,5,0,23.555166,54.063072,0.5244316,0.0,1.6098409,0.0,0.0,0.0,23.555555,3
7,11,5,0,23.555555,54.07881,0.5229918,0.0,1.8904434,0.0,0.0,0.0,23.555555,3
7,12,5,0,22.947506,56.020565,0.5229918,0.0,2.5993462,0.0,0.0,0.0,22.944445,3
7,13,5,0,24.992918,49.5573,0.52587134,0.0,0.9606819,0.0,0.0,0.0,25.0,3
7,14,5,0,24.999958,49.49109,0.52587134,0.0,1.3814805,0.0,0.0,0.0,25.0,3
7,15,5,0,23.411459,54.290688,0.52587134,0.0,3.3949559,0.0,0.0,0.0,23.333334,3
7,16,5,0,22.873539,55.878605,0.5244316,0.0,3.9440417,0.0,0.0,0.0,22.777779,3
7,17,5,0,22.780632,56.000675,0.52875084,0.0,4.2318544,0.0,0.0,0.0,22.777779,3
7,18,5,0,22.77782,55.86797,0.5645132,0.0,3.7345407,0.0,0.0,0.0,22.777779,3
7,19,5,0,22.777779,55.740784,0.5673927,0.0,3.011527,0.0,0.0,0.0,22.777779,3
7,20,5,0,22.777779,55.636852,0.53450984,0.0,2.6853337,0.0,0.0,0.0,22.777779,3
7,21,5,0,22.777779,55.59506,0.5330701,0.0,2.6275516,0.0,0.0,0.0,22.777779,3
7,22,5,0,22.777779,55.60037,0.53163034,0.0,2.471901,0.0,0.0,0.0,22.777779,3
7,23,5,0,22.777779,55.616665,0.52875084,0.0,2.2768917,0.0,0.0,0.0,22.777779,3
7,24,5,0,22.777779,55.667015,0.5244316,0.0,2.1025984,0.0,0.0,0.0,22.777779,3
7,1,6,0,22.777779,55.72873,0.5229918,0.0,1.9276133,0.0,0.0,0.0,22.777779,3
7,2,6,0,22.777779,55.79115,0.521552,0.0,1.745782,0.0,0.0,0.0,22.777779,3
7,3,6,0,22.777779,55.839607,0.5201123,0.0,1.6368197,0.0,0.0,0.0,22.777779,3
7,4,6,0,22.777779,55.875034,0.5186725,0.0,1.5440363,0.0,0.0,0.0,22.777779,3
7,5,6,0,22.777779,55.90088,0.5172328,0.0,1.5096897,0.0,0.0,1.0,22.777779,3
7,6,6,0,22.777779,55.92083,0.5172328,0.0,1.4541056,0.0,0.0,1.0,22.777779,3
7,7,6,0,22.777779,55.96212,0.5201123,0.0,1.531921,0.0,0.0,1.0,22.777779,3
7,8,6,0,22.777779,56.017242,0.5229918,0.0,1.5874801,0.0,0.0,0.0,22.777779,3
7,9,6,0,22.777779,56.06032,0.5244316,0.0,1.8665243,0.0,0.0,0.0,22.777779,3
7,10,6,0,22.777779,56.1314,0.5244316,0.0,2.1178956,0.0,0.0,0.0,22.777779,3
7,11,6,0,22.777779,56.196976,0.5229918,0.0,2.2235868,0.0,0.0,0.0,22.777779,3
7,12,6,0,22.777779,56.193005,0.5229918,0.0,2.416867,0.0,0.0,0.0,22.777779,3
7,13,6,0,22.777779,56.104347,0.52587134,0.0,2.4488807,0.0,0.0,0.0,22.777779,3
7,14,6,0,22.777779,56.052605,0.52587134,0.0,2.668363,0.0,0.0,0.0,22.777779,3
7,15,6,0,22.777779,55.95107,0.52587134,0.0,2.877167,0.0,0.0,0.0,22.777779,3
7,16,6,0,22.777779,55.78371,0.5244316,0.0,3.0819738,0.0,0.0,0.0,22.777779,3
7,17,6,0,22.777779,55.714222,0.52875084,0.0,3.8286245,0.0,0.0,0.0,22.777779,3
7,18,6,0,22.777779,55.695694,0.5645132,0.0,3.5116234,0.0,0.0,0.0,22.777779,3
7,19,6,0,24.936892,48.929775,0.5673927,0.0,1.0782752,0.0,0.0,0.0,24.944445,3
7,20,6,0,23.457136,53.400696,0.53450984,0.0,2.1102216,0.0,0.0,0.0,23.444445,3
7,21,6,0,23.444517,53.376778,0.5330701,0.0,2.4953604,0.0,0.0,0.0,23.444445,3
7,22,6,0,22.78536,55.5365,0.53163034,0.0,2.9076083,0.0,0.0,0.0,22.777779,3
7,23,6,0,22.777864,55.749153,0.75337434,0.0,2.7302222,0.0,0.0,1.0,22.777779,3
7,24,6,0,22.777779,55.87871,0.5244316,0.0,2.3193655,0.0,0.0,1.0,22.777779,3
7,1,7,0,22.777779,55.97677,0.5229918,0.0,2.0485296,0.0,0.0,1.0,22.777779,3
7,2,7,0,22.777779,56.228554,0.521552,0.0,1.862281,0.0,0.0,1.0,22.777779,3
7,3,7,0,22.777779,56.31593,0.5201123,0.3972889,1.7843813,0.0,0.0,1.0,22.777779,3
7,4,7,0,22.777779,56.439034,0.5186725,0.0,1.6176859,0.0,0.0,1.0,22.777779,3
7,5,7,0,22.777779,56.498882,0.5172328,0.0,1.5372103,0.0,0.0,1.0,22.777779,3
7,6,7,0,22.777779,56.498817,0.5172328,0.0,1.4792235,0.0,0.0,1.0,22.777779,3
7,7,7,0,22.777779,56.51249,0.5201123,0.0,1.5417553,0.0,0.0,1.0,22.777779,3
7,8,7,0,22.777779,56.53206,0.7048906,0.0,1.7558686,0.0,0.0,1.0,22.777779,3
7,9,7,0,22.777779,56.57848,0.7114099,0.0,2.0809634,0.0,0.0,1.0,22.777779,3
7,10,7,0,22.777779,56.556374,0.7008094,0.0,2.3981428,0.0,0.0,1.0,22.777779,3
7,11,7,0,22.777779,56.5292,0.5229918,0.0,2.4928102,0.0,0.0,1.0,22.777779,3
7,12,7,0,22.777779,56.443096,0.5229918,0.0,2.5498397,0.0,0.0,1.0,22.777779,3
7,13,7,0,22.777779,56.323112,0.52587134,0.0,2.606435,0.0,0.0,1.0,22.777779,3
7,14,7,0,22.777779,56.31841,0.52587134,0.7945899,2.9036613,0.0,0.0,1.0,22.777779,3
7,15,7,0,24.609404,50.461117,0.52587134,0.0,1.4399371,0.0,0.0,1.0,24.61111,3
7,16,7,0,24.746008,49.93263,0.5244316,0.0,2.1619267,0.0,0.0,1.0,24.777779,3
7,17,7,0,22.855442,55.63082,0.52875084,0.0,4.783897,0.0,0.0,1.0,22.777779,3
7,18,7,0,22.778795,55.682034,0.5645132,0.32494864,4.3248844,0.0,0.0,0.0,22.777779,3
7,19,7,0,22.777784,55.514065,0.5673927,0.0,3.1486466,0.0,0.0,0.0,22.777779,3
7,20,7,0,22.777779,55.379818,0.53450984,0.0,2.7395315,0.0,0.0,0.0,22.777779,3
7,21,7,0,22.777779,55.293873,0.5330701,0.0,2.6040447,0.0,0.0,0.0,22.777779,3
7,22,7,0,22.777779,55.24207,0.53163034,0.0,2.4986222,0.0,0.0,0.0,22.777779,3
7,23,7,0,22.777779,55.31683,0.75337434,0.0,2.4760144,0.0,0.0,1.0,22.777779,3
7,24,7,0,22.777779,55.406887,0.5244316,0.0,2.2234972,0.0,0.0,1.0,22.777779,3
7,1,1,0,22.777779,55.495182,0.5229918,0.0,2.0116518,0.0,0.0,1.0,22.777779,3
7,2,1,0,22.777779,55.608868,0.521552,0.0,1.8698337,0.0,0.0,1.0,22.777779,3
7,3,1,0,22.777779,55.739754,0.5201123,0.39702263,1.8317549,0.0,0.0,1.0,22.777779,3
7,4,1,0,22.777779,55.963673,0.5186725,0.0,1.6891114,0.0,0.0,1.0,22.777779,3
7,5,1,0,22.777779,55.986973,0.5172328,0.0,1.5790057,0.0,0.0,1.0,22.777779,3
7,6,1,0,22.777779,55.999523,0.5172328,0.0,1.5204377,0.0,0.0,1.0,22.777779,3
7,7,1,0,22.777779,56.057034,0.5201123,0.0,1.5952135,0.0,0.0,1.0,22.777779,3
7,8,1,0,22.777779,56.11916,0.7048906,0.0,1.8749812,0.0,0.0,1.0,22.777779,3
7,9,1,0,22.777779,56.15202,0.7114099,0.0,2.2266812,0.0,0.0,1.0,22.777779,3
7,10,1,0,22.777779,56.105278,0.5244316,0.0,2.42974,0.0,0.0,0.0,22.777779,3
7,11,1,0,22.777779,56.04513,0.5229918,0.0,2.551379,0.0,0.0,0.0,22.777779,3
7,12,1,0,22.88858,55.645466,0.5229918,0.39703384,2.5576055,0.0,0.0,0.0,22.88889,3
7,13,1,0,24.99358,49.106243,0.52587134,0.7940629,1.1589879,0.0,0.0,0.0,25.0,3
7,14,1,0,24.999962,49.084583,0.52587134,0.7940441,1.7094834,0.0,0.0,0.0,25.0,3
7,15,1,0,25.0,48.995457,0.52587134,0.0,2.186065,0.0,0.0,0.0,25.0,3
7,16,1,0,23.933777,52.06222,0.5244316,0.0,3.5891705,0.0,0.0,0.0,23.833334,3
7,17,1,0,22.823053,55.532494,0.52875084,0.0,5.2785873,0.0,0.0,0.0,22.777779,3
7,18,1,0,22.778591,55.541443,0.5645132,0.0,4.4896793,0.0,0.0,0.0,22.777779,3
7,19,1,0,22.777782,55.344658,0.5673927,0.0,3.3956578,0.0,0.0,0.0,22.777779,3
7,20,1,0,22.777779,55.172226,0.53450984,0.0,2.968734,0.0,0.0,0.0,22.777779,3
7,21,1,0,22.777779,55.07359,0.5330701,0.0,2.849212,0.0,0.0,0.0,22.777779,3
7,22,1,0,22.777779,55.009,0.53163034,0.0,2.745745,0.0,0.0,0.0,22.777779,3
7,23,1,0,22.777779,55.035854,0.75337434,0.0,2.7205534,0.0,0.0,1.0,22.777779,3
7,24,1,0,22.777779,55.11275,0.58654404,0.0,2.4511633,0.0,0.0,1.0,22.777779,3
7,1,2,0,22.777779,55.201904,0.5229918,0.0,2.2201643,0.0,0.0,1.0,22.777779,3
7,2,2,0,22.777779,55.297634,0.521552,0.0,2.0691273,0.0,0.0,1.0,22.777779,3
7,3,2,0,22.777779,55.38428,0.5201123,0.0,1.9545448,0.0,0.0,1.0,22.777779,3
7,4,2,0,22.777779,55.57186,0.5186725,0.39680994,1.8838841,0.0,0.0,1.0,22.777779,3
7,5,2,0,22.777779,55.764534,0.5172328,0.0,1.8321874,0.0,0.0,1.0,22.777779,3
7,6,2,0,22.777779,55.881927,0.5172328,0.0,1.7759936,0.0,0.0,1.0,22.777779,3
7,7,2,0,22.777779,55.933987,0.5201123,0.0,1.7451279,0.0,0.0,1.0,22.777779,3
7,8,2,0,22.777779,55.94136,0.5229918,0.0,1.8248557,0.0,0.0,1.0,22.777779,3
7,9,2,0,22.777779,55.989998,0.5244316,0.0,2.1053557,0.0,0.0,1.0,22.777779,3
7,10,2,0,22.777779,56.10785,0.5244316,0.0,2.3930545,0.0,0.0,1.0,22.777779,3
7,11,2,0,22.777779,56.26057,0.5229918,0.0,2.5161867,0.0,0.0,1.0,22.777779,3
7,12,2,0,22.777779,56.393177,0.5229918,0.0,2.4872856,0.0,0.0,1.0,22.777779,3
7,13,2,0,22.777779,56.465107,0.52587134,0.0,2.600277,0.0,0.0,1.0,22.777779,3
7,14,2,0,22.777779,56.572132,0.52587134,0.0,2.959235,0.0,0.0,1.0,22.777779,3
7,15,2,0,22.777779,56.48878,0.52587134,0.0,2.9380589,0.0,0.0,0.0,22.777779,3
7,16,2,0,22.777779,56.296364,0.5244316,0.0,2.993245,0.0,0.0,0.0,22.777779,3
7,17,2,0,22.777779,56.393764,0.52875084,0.0,3.677557,0.0,0.0,0.0,22.777779,3
7,18,2,0,22.777779,56.384537,0.5645132,0.0,3.3913305,0.0,0.0,0.0,22.777779,3
7,19,2,0,22.777779,56.22601,0.5673927,0.0,2.836157,0.0,0.0,0.0,22.777779,3
7,20,2,0,22.777779,55.961163,0.53450984,0.0,2.6402094,0.0,0.0,0.0,22.777779,3
7,21,2,0,24.440441,50.571796,0.5330701,0.0,1.1667641,0.0,0.0,0.0,24.444445,3
7,22,2,0,22.804018,55.76319,0.53163034,0.0,2.6107743,0.0,0.0,1.0,22.777779,3
7,23,2,0,22.778124,55.85599,0.52875084,0.0,2.566427,0.0,0.0,1.0,22.777779,3
7,24,2,0,22.777782,55.934925,0.5244316,0.0,2.2289135,0.0,0.0,1.0,22.777779,3
7,1,3,0,22.777779,56.003925,0.5229918,0.0,2.013343,0.0,0.0,1.0,22.777779,3
7,2,3,0,22.777779,56.142635,0.521552,0.0,1.834738,0.0,0.0,1.0,22.777779,3
7,3,3,0,22.777779,56.219,0.5201123,0.0,1.7533606,0.0,0.0,1.0,22.777779,3
7,4,3,0,22.777779,56.281708,0.5186725,0.0,1.6488923,0.0,0.0,1.0,22.777779,3
7,5,3,0,22.777779,56.31744,0.5172328,0.0,1.5563676,0.0,0.0,1.0,22.777779,3
7,6,3,0,22.777779,56.373238,0.5172328,0.0,1.5220994,0.0,0.0,1.0,22.777779,3
7,7,3,0,22.777779,56.70634,0.61235434,1.8173194,3.0862658,0.0,0.0,1.0,22.777779,3
7,8,3,0,24.273558,51.944546,0.7048906,0.0,0.76905495,0.0,0.0,1.0,24.277779,3
7,9,3,0,24.999401,50.14258,0.7114099,2.3720963,2.7390091,0.0,0.0,1.0,25.0,3
7,10,3,0,25.0,50.17321,0.7008094,0.0,1.349204,0.0,0.0,1.0,25.0,3
7,11,3,0,25.0,50.150234,0.6954098,0.0,1.7031568,0.0,0.0,1.0,25.0,3
7,12,3,0,25.0,50.330048,0.70137084,2.1803546,3.6526475,0.0,0.0,1.0,25.0,3
7,13,3,0,25.0,50.256607,0.7111847,0.0,1.8976326,0.0,0.0,1.0,25.0,3
7,14,3,0,25.0,50.13773,0.71128905,0.0,2.1329446,0.0,0.0,1.0,25.0,3
7,15,3,0,25.0,50.028576,0.7006377,0.0,2.3777215,0.0,0.0,1.0,25.0,3
7,16,3,0,23.802843,53.501514,0.7229176,1.189888,3.873244,0.0,0.0,1.0,23.722221,3
7,17,3,0,22.896643,56.241074,0.75387937,0.0,5.1889286,0.0,0.0,1.0,22.777779,3
7,18,3,0,22.780132,56.278347,0.5645132,0.0,4.1507444,0.0,0.0,0.0,22.777779,3
7,19,3,0,22.777792,56.053856,0.5673927,0.0,3.2264524,0.0,0.0,0.0,22.777779,3
7,20,3,0,22.777779,55.842865,0.53450984,0.0,2.911061,0.0,0.0,0.0,22.777779,3
7,21,3,0,22.777779,55.70606,0.5330701,0.39664927,2.7868266,0.0,0.0,0.0,22.777779,3
7,22,3,0,22.777779,55.569633,0.53163034,0.0,2.5241866,0.0,0.0,0.0,22.777779,3
7,23,3,0,22.777779,55.50211,0.52875084,0.0,2.3880975,0.0,0.0,0.0,22.777779,3
7,24,3,0,22.777779,55.4262,0.5244316,0.0,2.2072213,0.0,0.0,0.0,22.777779,3
7,1,4,0,22.777779,55.441463,0.5229918,0.0,2.0748272,0.0,0.0,1.0,22.777779,3
7,2,4,0,22.777779,55.467323,0.521552,0.0,1.9020398,0.0,0.0,1.0,22.777779,3
7,3,4,0,22.777779,55.498116,0.5201123,0.0,1.7833623,0.0,0.0,1.0,22.777779,3
7,4,4,0,22.777779,55.473583,0.5186725,0.0,1.6305604,0.0,0.0,1.0,22.777779,3
7,5,4,0,22.777779,55.50052,0.5172328,0.0,1.586957,0.0,0.0,1.0,22.777779,3
7,6,4,0,22.777779,55.487564,0.5172328,0.0,1.5211323,0.0,0.0,1.0,22.777779,3
7,7,4,0,22.777779,55.481445,0.61235434,0.0,1.6110401,0.0,0.0,1.0,22.777779,3
7,8,4,0,22.777779,56.113495,0.7048906,4.2664275,5.2246904,0.0,0.0,1.0,22.777779,3
7,9,4,0,22.777779,56.052948,0.7114099,0.0,2.137756,0.0,0.0,1.0,22.777779,3
7,10,4,0,22.777779,55.823425,0.7008094,10.526862,5.1948624,0.0,0.0,1.0,22.777779,3
7,11,4,0,22.943956,55.24472,0.6954098,0.0,2.3928268,0.0,0.0,1.0,22.944445,3
7,12,4,0,24.996073,49.191833,0.70137084,2.3878217,2.8390224,0.0,0.0,1.0,25.0,3
7,13,4,0,24.778618,49.79427,0.7111847,0.0,1.4894985,0.0,0.0,1.0,24.777779,3
7,14,4,0,24.619917,50.16354,0.52587134,0.0,2.199947,0.0,0.0,0.0,24.61111,3
7,15,4,0,24.392908,50.702385,0.52587134,0.0,2.5085332,0.0,0.0,0.0,24.38889,3
7,16,4,0,24.174042,51.18887,0.5244316,0.0,2.9025931,0.0,0.0,0.0,24.166666,3
7,17,4,0,24.005241,51.452133,0.52875084,0.39652777,3.6496146,0.0,0.0,0.0,24.0,3
7,18,4,0,23.781483,51.964825,0.5645132,0.0,3.5387535,0.0,0.0,0.0,23.777779,3
7,19,4,0,23.612522,52.392242,0.875797,0.0,3.1485023,0.0,0.0,1.0,23.61111,3
7,20,4,0,23.39104,53.326485,0.53450984,2.2146544,4.6079197,0.0,0.0,0.0,23.38889,3
7,21,4,0,23.168266,53.90577,0.5330701,0.0,2.8019586,0.0,0.0,0.0,23.166666,3
7,22,4,0,23.0017,54.320137,0.53163034,0.0,2.7147992,0.0,0.0,0.0,23.0,3
7,23,4,0,22.781683,55.006718,0.52875084,0.79304934,2.7413723,0.0,0.0,0.0,22.777779,3
7,24,4,0,22.777822,55.01069,0.5244316,0.0,2.3357072,0.0,0.0,1.0,22.777779,3
7,1,5,0,22.777779,55.023575,0.5229918,0.0,2.1503294,0.0,0.0,1.0,22.777779,3
7,2,5,0,22.777779,55.056576,0.521552,0.0,1.9152356,0.0,0.0,1.0,22.777779,3
7,3,5,0,22.777779,55.07319,0.5201123,0.0,1.8142377,0.0,0.0,1.0,22.777779,3
7,4,5,0,22.777779,55.11099,0.5186725,0.0,1.7181014,0.0,0.0,1.0,22.777779,3
7,5,5,0,22.777779,55.11723,0.5172328,0.0,1.6875824,0.0,0.0,1.0,22.777779,3
7,6,5,0,22.777779,55.125385,0.5172328,0.0,1.6019483,0.0,0.0,1.0,22.777779,3
7,7,5,0,22.777779,55.15811,0.5201123,0.0,1.6602271,0.0,0.0,1.0,22.777779,3
7,8,5,0,23.211721,53.666,0.7048906,10.276215,4.249695,0.0,0.0,1.0,23.222221,3
7,9,5,0,24.996502,48.58184,0.7114099,1.8440287,2.1395986,0.0,0.0,1.0,25.0,3
7,10,5,0,24.99999,49.039246,0.7008094,3.0118048,3.7003057,0.0,0.0,1.0,25.0,3
7,11,5,0,25.0,48.98862,0.6954098,0.0,1.8054872,0.0,0.0,1.0,25.0,3
7,12,5,0,25.0,48.968742,0.5229918,0.0,1.834589,0.0,0.0,0.0,25.0,3
7,13,5,0,25.0,48.92175,0.52587134,0.0,1.8962203,0.0,0.0,0.0,25.0,3
7,14,5,0,25.0,48.83109,0.52587134,0.0,2.0592768,0.0,0.0,0.0,25.0,3
7,15,5,0,23.81126,52.241104,0.52587134,0.0,3.4221327,0.0,0.0,0.0,23.777779,3
7,16,5,0,22.886097,55.03942,0.5244316,0.79293984,4.448548,0.0,0.0,0.0,22.777779,3
7,17,5,0,22.781137,55.084118,0.52875084,0.0,4.4551983,0.0,0.0,0.0,22.777779,3
7,18,5,0,22.777822,54.885456,0.5645132,0.0,3.885191,0.0,0.0,0.0,22.777779,3
7,19,5,0,22.777779,54.751556,0.5673927,0.0,3.1854713,0.0,0.0,0.0,22.777779,3
7,20,5,0,22.777779,54.660316,0.53450984,0.0,2.8526576,0.0,0.0,0.0,22.777779,3
7,21,5,0,22.777779,54.618107,0.5330701,0.0,2.6477723,0.0,0.0,0.0,22.777779,3
7,22,5,0,22.777779,54.598915,0.53163034,0.0,2.5613105,0.0,0.0,0.0,22.777779,3
7,23,5,0,22.777779,54.615307,0.52875084,0.39646894,2.3885324,0.0,0.0,0.0,22.777779,3
7,24,5,0,22.777779,54.66084,0.5244316,0.0,2.157959,0.0,0.0,0.0,22.777779,3
7,1,6,0,22.777779,54.723892,0.5229918,0.0,1.9814738,0.0,0.0,0.0,22.777779,3
7,2,6,0,22.777779,54.790676,0.521552,0.0,1.8013525,0.0,0.0,0.0,22.777779,3
7,3,6,0,22.777779,55.068928,0.45650628,0.9609875,2.4787853,0.0,0.0,1.0,22.777779,3
7,4,6,0,22.777779,55.40947,0.5186725,0.0,1.6397883,0.0,0.0,1.0,22.777779,3
7,5,6,0,22.777779,55.426483,0.5172328,0.0,1.5841166,0.0,0.0,1.0,22.777779,3
7,6,6,0,22.777779,55.498375,0.5172328,0.0,1.5205424,0.0,0.0,1.0,22.777779,3
7,7,6,0,22.777779,55.532585,0.5201123,0.0,1.5921439,0.0,0.0,1.0,22.777779,3
7,8,6,0,22.777779,55.633842,0.7048906,0.0,1.8123585,0.0,0.0,1.0,22.777779,3
7,9,6,0,22.777779,55.71064,0.7114099,0.0,2.1457953,0.0,0.0,1.0,22.777779,3
7,10,6,0,22.777779,55.807964,0.7008094,0.0,2.4083223,0.0,0.0,1.0,22.777779,3
7,11,6,0,22.777779,56.768677,4.5774837,0.0,3.3916264,0.0,0.0,1.0,22.777779,3
7,12,6,0,22.777779,56.57972,1.3261676,0.0,2.928206,0.0,0.0,0.0,22.777779,3
7,13,6,0,22.777779,56.886967,9.165621,6.5930557,3.900228,0.0,0.0,1.0,22.777779,3
7,14,6,0,22.777779,56.720325,0.52587134,0.0,2.8425303,0.0,0.0,0.0,22.777779,3
7,15,6,0,23.036057,55.7314,0.52587134,1.1893709,2.8606143,0.0,0.0,0.0,23.055555,3
7,16,6,0,24.995337,49.527542,0.5244316,0.0,1.2530546,0.0,0.0,0.0,25.0,3
7,17,6,0,24.999744,49.49953,0.52875084,0.0,2.3369138,0.0,0.0,0.0,25.0,3
7,18,6,0,24.022293,52.354187,0.5645132,0.39645675,3.5069325,0.0,0.0,0.0,24.0,3
7,19,6,0,22.795118,56.091263,0.5673927,0.0,3.9209924,0.0,0.0,0.0,22.777779,3
7,20,6,0,22.777882,55.96145,0.53450984,0.0,3.1725366,0.0,0.0,0.0,22.777779,3
7,21,6,0,22.777779,55.79157,0.5330701,0.0,2.8334281,0.0,0.0,0.0,22.777779,3
7,22,6,0,22.777779,55.680656,0.53163034,0.0,2.6100988,0.0,0.0,0.0,22.777779,3
7,23,6,0,22.777779,55.676056,0.52875084,0.0,2.3891263,0.0,0.0,0.0,22.777779,3
7,24,6,0,22.777779,55.668777,0.5244316,0.0,2.197764,0.0,0.0,0.0,22.777779,3
7,1,7,0,22.777779,55.76845,0.5229918,0.0,2.0601108,0.0,0.0,1.0,22.777779,3
7,2,7,0,22.777779,55.85953,0.521552,0.0,1.8713021,0.0,0.0,1.0,22.777779,3
7,3,7,0,22.777779,55.947033,0.5201123,0.0,1.7701015,0.0,0.0,1.0,22.777779,3
7,4,7,0,22.777779,56.10163,0.5186725,0.0,1.6633892,0.0,0.0,1.0,22.777779,3
7,5,7,0,22.777779,56.09809,0.5172328,0.0,1.5185167,0.0,0.0,0.0,22.777779,3
7,6,7,0,22.777779,56.083225,0.5172328,0.0,1.4792092,0.0,0.0,0.0,22.777779,3
7,7,7,0,22.777779,56.086273,0.5201123,0.0,1.539443,0.0,0.0,0.0,22.777779,3
7,8,7,0,22.777779,56.159138,0.5229918,0.0,1.6803391,0.0,0.0,0.0,22.777779,3
7,9,7,0,22.777779,56.19424,0.5244316,0.0,1.9488225,0.0,0.0,0.0,22.777779,3
7,10,7,0,22.777779,56.30538,0.5244316,0.0,2.311776,0.0,0.0,0.0,22.777779,3
7,11,7,0,22.777779,56.272564,0.5229918,0.0,2.3562386,0.0,0.0,0.0,22.777779,3
7,12,7,0,22.777779,56.261963,0.5229918,0.0,2.434299,0.0,0.0,0.0,22.777779,3
7,13,7,0,22.777779,56.204178,0.52587134,0.0,2.5441463,0.0,0.0,0.0,22.777779,3
7,14,7,0,24.275324,51.420612,0.52587134,0.0,1.4291596,0.0,0.0,0.0,24.277779,3
7,15,7,0,23.382303,54.145042,0.52587134,0.0,2.7412076,0.0,0.0,0.0,23.333334,3
7,16,7,0,22.862474,55.701725,0.5244316,0.0,3.5080633,0.0,0.0,0.0,22.777779,3
7,17,7,0,22.790876,55.778347,0.52875084,0.0,4.0913143,0.0,0.0,0.0,22.777779,3
7,18,7,0,22.777971,55.786163,0.5645132,0.0,3.6904118,0.0,0.0,0.0,22.777779,3
7,19,7,0,22.777779,55.656384,0.5673927,0.0,3.0255933,0.0,0.0,0.0,22.777779,3
7,20,7,0,22.777779,55.540867,0.53450984,0.0,2.7341468,0.0,0.0,0.0,22.777779,3
7,21,7,0,22.777779,55.49969,0.84976053,0.0,2.8426208,0.0,0.0,1.0,22.777779,3
7,22,7,0,22.777779,55.532234,0.53163034,0.0,2.663764,0.0,0.0,1.0,22.777779,3
7,23,7,0,22.777779,55.59384,0.52875084,0.0,2.436168,0.0,0.0,1.0,22.777779,3
7,24,7,0,22.777779,55.70431,0.5244316,0.0,2.2485588,0.0,0.0,1.0,22.777779,3
7,1,1,0,22.777779,55.727783,0.5229918,0.0,2.0847867,0.0,0.0,1.0,22.777779,3
7,2,1,0,22.777779,55.821514,0.521552,0.0,1.8915002,0.0,0.0,1.0,22.777779,3
7,3,1,0,22.777779,55.88708,0.5201123,0.0,1.7918868,0.0,0.0,1.0,22.777779,3
7,4,1,0,22.777779,55.991295,0.5186725,0.0,1.7003281,0.0,0.0,1.0,22.777779,3
7,5,1,0,22.777779,56.080166,0.5172328,0.0,1.639161,0.0,0.0,1.0,22.777779,3
7,6,1,0,22.777779,56.1498,0.5172328,0.0,1.572383,0.0,0.0,1.0,22.777779,3
7,7,1,0,22.777779,56.230476,0.5201123,0.0,1.6279119,0.0,0.0,1.0,22.777779,3
7,8,1,0,22.777779,56.330673,0.5229918,0.0,1.8026662,0.0,0.0,1.0,22.777779,3
7,9,1,0,22.777779,56.386208,0.5244316,0.0,2.029029,0.0,0.0,0.0,22.777779,3
7,10,1,0,22.777779,56.3744,0.5244316,0.0,2.2606,0.0,0.0,0.0,22.777779,3
7,11,1,0,22.777779,56.354576,0.5229918,0.0,2.3823538,0.0,0.0,0.0,22.777779,3
7,12,1,0,22.83287,56.21735,0.5229918,0.0,2.4327657,0.0,0.0,0.0,22.833334,3
7,13,1,0,24.990395,49.455826,0.52587134,0.0,0.9145369,0.0,0.0,0.0,25.0,3
7,14,1,0,24.999912,49.475002,0.52587134,0.0,1.3996205,0.0,0.0,0.0,25.0,3
7,15,1,0,24.999996,49.46251,0.52587134,0.0,1.9197683,0.0,0.0,0.0,25.0,3
7,16,1,0,24.428432,51.055183,0.5244316,0.0,2.7210977,0.0,0.0,0.0,24.38889,3
7,17,1,0,22.91173,55.82463,0.52875084,0.0,5.030078,0.0,0.0,0.0,22.777779,3
7,18,1,0,22.78173,56.113182,0.5645132,0.0,4.168625,0.0,0.0,0.0,22.777779,3
7,19,1,0,22.777815,55.934402,0.5673927,0.0,3.188579,0.0,0.0,0.0,22.777779,3
7,20,1,0,22.777779,55.8491,0.53450984,0.79316914,2.9089148,0.0,0.0,0.0,22.777779,3
7,21,1,0,22.777779,55.74866,0.5330701,0.0,2.6982715,0.0,0.0,0.0,22.777779,3
7,22,1,0,22.777779,55.709846,0.53163034,0.0,2.5799077,0.0,0.0,0.0,22.777779,3
7,23,1,0,22.777779,55.69698,0.52875084,0.0,2.387648,0.0,0.0,0.0,22.777779,3
7,24,1,0,22.777779,55.712997,0.5244316,0.0,2.2350748,0.0,0.0,0.0,22.777779,3
7,1,2,0,22.777779,55.81267,0.5229918,0.0,2.1322718,0.0,0.0,1.0,22.777779,3
7,2,2,0,22.777779,55.895947,0.521552,0.0,1.9436097,0.0,0.0,1.0,22.777779,3
7,3,2,0,22.777779,56.005535,0.5201123,0.0,1.8435504,0.0,0.0,1.0,22.777779,3
7,4,2,0,22.777779,56.067905,0.5186725,0.0,1.7582406,0.0,0.0,1.0,22.777779,3
7,5,2,0,22.777779,56.061077,0.5172328,0.0,1.6663687,0.0,0.0,0.0,22.777779,3
7,6,2,0,22.777779,56.084984,0.5172328,0.0,1.5834044,0.0,0.0,0.0,22.777779,3
7,7,2,0,22.777779,56.10779,0.5201123,0.0,1.6129292,0.0,0.0,0.0,22.777779,3
7,8,2,0,22.777779,56.130676,0.5229918,0.0,1.7120614,0.0,0.0,0.0,22.777779,3
7,9,2,0,22.777779,56.17845,0.5244316,0.0,1.7944093,0.0,0.0,0.0,22.777779,3
7,10,2,0,24.933453,49.440422,0.5244316,0.0,0.46539575,0.0,0.0,0.0,24.944445,3
7,11,2,0,24.999943,49.37263,0.5229918,0.0,1.0958582,0.0,0.0,0.0,25.0,3
7,12,2,0,25.0,49.4628,0.5229918,0.0,1.4004813,0.0,0.0,0.0,25.0,3
7,13,2,0,25.0,49.575165,0.7111847,0.0,1.8616642,0.0,0.0,1.0,25.0,3
7,14,2,0,25.0,49.704777,0.71128905,0.0,2.0987377,0.0,0.0,1.0,25.0,3
7,15,2,0,25.0,49.66994,0.52587134,0.0,2.0670767,0.0,0.0,0.0,25.0,3
7,16,2,0,25.0,49.558052,0.5244316,0.0,2.1859114,0.0,0.0,0.0,25.0,3
7,17,2,0,23.16625,55.000008,0.52875084,0.0,4.5992255,0.0,0.0,0.0,23.055555,3
7,18,2,0,22.792578,55.92728,0.5645132,0.3967225,4.1877847,0.0,0.0,0.0,22.777779,3
7,19,2,0,22.777964,55.77048,0.5673927,0.0,3.0784826,0.0,0.0,0.0,22.777779,3
7,20,2,0,22.777779,55.754482,0.53450984,0.0,2.6926804,0.0,0.0,0.0,22.777779,3
7,21,2,0,22.777779,55.7422,0.5330701,0.0,2.485635,0.0,0.0,0.0,22.777779,3
7,22,2,0,22.777779,55.72188,0.53163034,0.0,2.2867708,0.0,0.0,0.0,22.777779,3
7,23,2,0,22.777779,55.69773,0.52875084,0.0,2.1228833,0.0,0.0,0.0,22.777779,3
7,24,2,0,22.777779,56.12666,0.58654404,2.783719,4.284942,0.0,0.0,1.0,22.777779,3
8,1,3,0,22.777779,56.120155,0.5229918,0.0,1.8903428,0.0,0.0,1.0,22.777779,3
8,2,3,0,22.777779,56.164223,0.521552,0.0,1.7047522,0.0,0.0,1.0,22.777779,3
8,3,3,0,22.777779,56.19751,0.5201123,0.0,1.6173042,0.0,0.0,1.0,22.777779,3
8,4,3,0,22.777779,56.207596,0.5186725,0.0,1.5615537,0.0,0.0,1.0,22.777779,3
8,5,3,0,22.777779,56.121593,0.5172328,0.0,1.5056406,0.0,0.0,1.0,22.777779,3
8,6,3,0,22.777779,56.141983,0.5172328,0.0,1.408084,0.0,0.0,1.0,22.777779,3
8,7,3,0,22.777779,56.063515,0.5201123,0.0,1.521292,0.0,0.0,1.0,22.777779,3
8,8,3,0,23.221,54.560883,0.5229918,0.0,1.3013971,0.0,0.0,1.0,23.222221,3
8,9,3,0,24.994808,49.08267,0.5244316,0.0,0.6083653,0.0,0.0,1.0,25.0,3
8,10,3,0,24.999994,49.042953,0.5244316,0.0,1.2089896,0.0,0.0,1.0,25.0,3
8,11,3,0,25.0,48.965935,0.5229918,0.0,1.4050646,0.0,0.0,0.0,25.0,3
8,12,3,0,25.0,48.90832,0.5229918,0.0,1.5781561,0.0,0.0,0.0,25.0,3
8,13,3,0,25.0,48.817566,0.52587134,0.0,1.6601444,0.0,0.0,0.0,25.0,3
8,14,3,0,25.0,48.726658,0.52587134,0.0,1.9114736,0.0,0.0,0.0,25.0,3
8,15,3,0,25.0,48.634933,0.52587134,0.0,2.1469064,0.0,0.0,0.0,25.0,3
8,16,3,0,22.982632,54.60922,0.5244316,0.0,4.2882557,0.0,0.0,0.0,22.88889,3
8,17,3,0,22.784246,54.822773,0.52875084,0.0,4.4855514,0.0,0.0,0.0,22.777779,3
8,18,3,0,22.777893,54.488476,0.5645132,0.0,3.793237,0.0,0.0,0.0,22.777779,3
8,19,3,0,22.777779,54.32337,0.5673927,0.0,3.027456,0.0,0.0,0.0,22.777779,3
8,20,3,0,22.777779,54.197716,0.53450984,0.0,2.6829026,0.0,0.0,0.0,22.777779,3
8,21,3,0,22.777779,54.115185,0.5330701,0.0,2.4952116,0.0,0.0,0.0,22.777779,3
8,22,3,0,22.777779,54.042522,0.53163034,0.0,2.3712163,0.0,0.0,0.0,22.777779,3
8,23,3,0,22.777779,54.030376,0.52875084,0.0,2.2088764,0.0,0.0,1.0,22.777779,3
8,24,3,0,22.777779,54.056488,0.5244316,0.0,2.093392,0.0,0.0,1.0,22.777779,3
8,1,4,0,22.777779,54.099804,0.5229918,0.0,1.9181101,0.0,0.0,1.0,22.777779,3
8,2,4,0,22.777779,54.18556,0.521552,0.0,1.7316579,0.0,0.0,1.0,22.777779,3
8,3,4,0,22.777779,54.341007,0.5201123,1.9858445,1.9042665,0.0,0.0,1.0,22.777779,3
8,4,4,0,22.777779,54.5187,0.5186725,0.0,1.5426905,0.0,0.0,1.0,22.777779,3
8,5,4,0,22.777779,54.539124,0.5172328,0.0,1.4743403,0.0,0.0,1.0,22.777779,3
8,6,4,0,22.777779,54.57352,0.5172328,0.0,1.411666,0.0,0.0,1.0,22.777779,3
8,7,4,0,22.777779,54.605175,0.5201123,0.0,1.4649559,0.0,0.0,1.0,22.777779,3
8,8,4,0,22.777779,54.607803,0.5229918,0.0,1.5560771,0.0,0.0,0.0,22.777779,3
8,9,4,0,22.777779,54.604126,0.5244316,0.0,1.8690525,0.0,0.0,0.0,22.777779,3
8,10,4,0,22.777779,54.62176,0.5244316,0.0,2.1171725,0.0,0.0,0.0,22.777779,3
8,11,4,0,22.777779,54.60124,0.5229918,0.0,2.2584972,0.0,0.0,0.0,22.777779,3
8,12,4,0,22.777779,54.572247,0.5229918,0.0,2.3848886,0.0,0.0,0.0,22.777779,3
8,13,4,0,22.777779,54.518612,0.52587134,0.0,2.4188328,0.0,0.0,0.0,22.777779,3
8,14,4,0,22.777779,54.484802,0.52587134,0.0,2.599061,0.0,0.0,0.0,22.777779,3
8,15,4,0,22.777779,54.437187,0.52587134,0.0,2.7652328,0.0,0.0,0.0,22.777779,3
8,16,4,0,22.777779,54.385868,0.5244316,0.0,2.9753706,0.0,0.0,0.0,22.777779,3
8,17,4,0,22.777779,54.182602,0.52875084,0.0,3.6571546,0.0,0.0,0.0,22.777779,3
8,18,4,0,22.777779,54.058815,0.5645132,0.0,3.3549318,0.0,0.0,0.0,22.777779,3
8,19,4,0,22.777779,53.99509,0.5673927,0.0,2.8292527,0.0,0.0,0.0,22.777779,3
8,20,4,0,22.777779,53.945435,0.53450984,0.0,2.606871,0.0,0.0,0.0,22.777779,3
8,21,4,0,22.777779,53.915215,0.5330701,0.0,2.477192,0.0,0.0,0.0,22.777779,3
8,22,4,0,22.777779,53.933002,0.53163034,0.0,2.4760506,0.0,0.0,1.0,22.777779,3
8,23,4,0,22.777779,53.967278,0.52875084,0.0,2.2966294,0.0,0.0,1.0,22.777779,3
8,24,4,0,22.777779,54.092342,0.5244316,0.0,2.1290293,0.0,0.0,1.0,22.777779,3
8,1,5,0,22.777779,54.20412,0.5229918,0.0,1.9232675,0.0,0.0,1.0,22.777779,3
8,2,5,0,22.777779,54.303635,0.521552,0.0,1.7517427,0.0,0.0,1.0,22.777779,3
8,3,5,0,22.777779,54.41335,0.5201123,0.0,1.6603142,0.0,0.0,1.0,22.777779,3
8,4,5,0,22.777779,54.59131,0.5186725,0.0,1.5617173,0.0,0.0,1.0,22.777779,3
8,5,5,0,22.777779,54.61981,0.5172328,0.0,1.4948364,0.0,0.0,1.0,22.777779,3
8,6,5,0,22.777779,54.668877,0.5172328,0.0,1.4420449,0.0,0.0,1.0,22.777779,3
8,7,5,0,22.777779,54.7382,0.5201123,0.0,1.487444,0.0,0.0,1.0,22.777779,3
8,8,5,0,22.777779,54.803017,0.5229918,0.0,1.6291586,0.0,0.0,1.0,22.777779,3
8,9,5,0,24.716425,48.879612,0.5244316,0.0,0.6095045,0.0,0.0,1.0,24.722221,3
8,10,5,0,24.999985,48.09284,0.5244316,0.0,1.0594958,0.0,0.0,0.0,25.0,3
8,11,5,0,25.0,48.111614,0.5229918,0.0,1.343117,0.0,0.0,0.0,25.0,3
8,12,5,0,25.0,48.12833,0.5229918,0.0,1.5340075,0.0,0.0,0.0,25.0,3
8,13,5,0,25.0,48.12286,0.52587134,0.0,1.7015655,0.0,0.0,0.0,25.0,3
8,14,5,0,25.0,48.127007,0.52587134,0.0,1.9379761,0.0,0.0,0.0,25.0,3
8,15,5,0,24.954027,48.154346,0.52587134,0.0,2.3003519,0.0,0.0,0.0,24.944445,3
8,16,5,0,22.878908,54.475163,0.7257387,0.0,4.510693,0.0,0.0,1.0,22.777779,3
8,17,5,0,22.783077,54.599358,0.7568534,0.0,4.593751,0.0,0.0,1.0,22.777779,3
8,18,5,0,22.777925,54.465042,0.84888405,0.0,3.964618,0.0,0.0,1.0,22.777779,3
8,19,5,0,22.777779,54.363693,0.5673927,0.0,3.08547,0.0,0.0,0.0,22.777779,3
8,20,5,0,24.440771,49.164623,0.53450984,0.39746442,1.3785014,0.0,0.0,0.0,24.444445,3
8,21,5,0,22.79851,54.386745,0.5330701,1.5897771,3.0103366,0.0,0.0,0.0,22.777779,3
8,22,5,0,22.778006,54.63245,0.8966348,0.7949124,3.0254445,0.0,0.0,1.0,22.777779,3
8,23,5,0,22.77778,54.851486,0.76113343,0.0,2.5685043,0.0,0.0,1.0,22.777779,3
8,24,5,0,22.777779,54.967785,0.5244316,0.0,2.23977,0.0,0.0,1.0,22.777779,3
8,1,6,0,22.777779,55.064537,0.5229918,0.0,1.9967026,0.0,0.0,1.0,22.777779,3
8,2,6,0,22.777779,55.158848,0.521552,0.0,1.7859132,0.0,0.0,1.0,22.777779,3
8,3,6,0,22.777779,55.238018,0.5201123,0.0,1.6907458,0.0,0.0,1.0,22.777779,3
8,4,6,0,22.777779,55.312637,0.5186725,0.0,1.6178824,0.0,0.0,1.0,22.777779,3
8,5,6,0,22.777779,55.37909,0.5172328,0.0,1.550821,0.0,0.0,1.0,22.777779,3
8,6,6,0,22.777779,55.392876,0.5172328,0.0,1.4763532,0.0,0.0,1.0,22.777779,3
8,7,6,0,22.777779,55.38181,0.5201123,0.0,1.5363214,0.0,0.0,1.0,22.777779,3
8,8,6,0,22.777779,55.48593,0.7064642,0.0,1.7393271,0.0,0.0,1.0,22.777779,3
8,9,6,0,22.777779,55.564533,0.5244316,0.0,1.9194351,0.0,0.0,1.0,22.777779,3
8,10,6,0,22.777779,55.63145,0.5244316,0.0,2.1174917,0.0,0.0,0.0,22.777779,3
8,11,6,0,22.777779,55.678127,0.5229918,0.0,2.2566288,0.0,0.0,0.0,22.777779,3
8,12,6,0,22.777779,55.738033,0.5229918,0.39781204,2.3987215,0.0,0.0,0.0,22.777779,3
8,13,6,0,22.777779,55.761127,0.52587134,0.0,2.415769,0.0,0.0,0.0,22.777779,3
8,14,6,0,22.777779,55.769997,0.71410173,0.0,2.652296,0.0,0.0,1.0,22.777779,3
8,15,6,0,22.777779,56.090027,0.7034479,2.5494971,4.8950768,0.0,0.0,1.0,22.777779,3
8,16,6,0,22.777779,56.024227,0.5244316,0.0,2.8310997,0.0,0.0,0.0,22.777779,3
8,17,6,0,22.777779,56.18528,0.52875084,0.0,3.2274568,0.0,0.0,0.0,22.777779,3
8,18,6,0,22.777779,56.357162,0.5645132,0.0,3.2488024,0.0,0.0,0.0,22.777779,3
8,19,6,0,22.777779,56.308365,0.5673927,0.0,2.7619593,0.0,0.0,0.0,22.777779,3
8,20,6,0,22.777779,56.228863,0.53450984,0.0,2.5086417,0.0,0.0,0.0,22.777779,3
8,21,6,0,22.777779,56.142735,0.5330701,0.0,2.3720386,0.0,0.0,0.0,22.777779,3
8,22,6,0,22.777779,56.135223,0.53163034,0.0,2.2492874,0.0,0.0,0.0,22.777779,3
8,23,6,0,22.777779,56.106365,0.52875084,0.0,2.0815299,0.0,0.0,0.0,22.777779,3
8,24,6,0,22.777779,56.124207,0.5244316,0.0,1.9950376,0.0,0.0,1.0,22.777779,3
8,1,7,0,22.777779,56.197094,0.5229918,0.0,1.8363907,0.0,0.0,1.0,22.777779,3
8,2,7,0,22.777779,56.277237,0.521552,0.0,1.6862462,0.0,0.0,1.0,22.777779,3
8,3,7,0,22.777779,56.33388,0.5201123,0.0,1.606692,0.0,0.0,1.0,22.777779,3
8,4,7,0,22.777779,56.37067,0.5186725,0.0,1.5208582,0.0,0.0,1.0,22.777779,3
8,5,7,0,22.777779,56.437984,0.5172328,0.0,1.504091,0.0,0.0,1.0,22.777779,3
8,6,7,0,22.777779,56.5061,0.5172328,0.0,1.4444834,0.0,0.0,1.0,22.777779,3
8,7,7,0,22.777779,56.63318,0.5201123,0.0,1.4988853,0.0,0.0,1.0,22.777779,3
8,8,7,0,22.777779,56.656384,0.5229918,0.0,1.5364407,0.0,0.0,0.0,22.777779,3
8,9,7,0,22.777779,56.698177,0.5244316,0.0,1.7019079,0.0,0.0,0.0,22.777779,3
8,10,7,0,22.777779,56.734234,0.5244316,0.0,2.0564935,0.0,0.0,0.0,22.777779,3
8,11,7,0,22.777779,56.69746,0.5229918,0.0,2.246134,0.0,0.0,0.0,22.777779,3
8,12,7,0,22.777779,56.677227,0.704244,0.0,2.3843532,0.0,0.0,1.0,22.777779,3
8,13,7,0,22.777779,56.634106,0.52587134,0.0,2.3073626,0.0,0.0,0.0,22.777779,3
8,14,7,0,22.777779,56.553276,0.52587134,0.0,2.5372777,0.0,0.0,0.0,22.777779,3
8,15,7,0,22.777779,56.41395,0.52587134,0.0,2.6790442,0.0,0.0,0.0,22.777779,3
8,16,7,0,22.777779,56.281487,0.5244316,0.7963797,2.914214,0.0,0.0,0.0,22.777779,3
8,17,7,0,22.777779,56.381874,0.52875084,0.0,3.3430278,0.0,0.0,0.0,22.777779,3
8,18,7,0,22.777779,56.351463,0.5645132,0.0,3.1780014,0.0,0.0,0.0,22.777779,3
8,19,7,0,22.777779,56.229137,0.5673927,0.0,2.6036992,0.0,0.0,0.0,22.777779,3
8,20,7,0,22.777779,56.117416,0.53450984,0.0,2.395899,0.0,0.0,0.0,22.777779,3
8,21,7,0,22.777779,56.058884,0.5330701,0.0,2.274839,0.0,0.0,0.0,22.777779,3
8,22,7,0,22.777779,56.038315,0.8966348,0.0,2.4166238,0.0,0.0,1.0,22.777779,3
8,23,7,0,22.777779,56.068405,0.52875084,0.0,2.1516364,0.0,0.0,1.0,22.777779,3
8,24,7,0,22.777779,56.117287,0.5244316,0.0,2.0016654,0.0,0.0,1.0,22.777779,3
8,1,1,0,22.777779,56.1743,0.5229918,0.0,1.8435032,0.0,0.0,1.0,22.777779,3
8,2,1,0,22.777779,56.28542,0.521552,0.39865535,1.7549517,0.0,0.0,1.0,22.777779,3
8,3,1,0,22.777779,56.394596,0.5201123,0.0,1.6007257,0.0,0.0,1.0,22.777779,3
8,4,1,0,22.777779,56.423737,0.5186725,0.0,1.5364639,0.0,0.0,1.0,22.777779,3
8,5,1,0,22.777779,56.44714,0.5172328,0.0,1.4687694,0.0,0.0,1.0,22.777779,3
8,6,1,0,22.777779,56.434418,0.5172328,0.0,1.4389204,0.0,0.0,1.0,22.777779,3
8,7,1,0,22.777779,56.484882,0.5201123,0.0,1.4950013,0.0,0.0,1.0,22.777779,3
8,8,1,0,24.217966,51.87809,0.5229918,0.0,0.6087969,0.0,0.0,0.0,24.222221,3
8,9,1,0,24.99904,49.591908,0.5244316,0.0,0.7193842,0.0,0.0,0.0,25.0,3
8,10,1,0,25.0,49.63071,0.5244316,0.0,1.0345472,0.0,0.0,0.0,25.0,3
8,11,1,0,25.0,49.642365,0.5229918,0.0,1.3742303,0.0,0.0,0.0,25.0,3
8,12,1,0,25.0,49.657,0.5229918,0.0,1.5025953,0.0,0.0,0.0,25.0,3
8,13,1,0,25.0,49.64966,0.52587134,0.0,1.6587383,0.0,0.0,0.0,25.0,3
8,14,1,0,25.0,49.652714,0.52587134,0.0,1.8558881,0.0,0.0,0.0,25.0,3
8,15,1,0,24.647585,50.671684,0.52587134,0.0,2.4160569,0.0,0.0,0.0,24.61111,3
8,16,1,0,22.84421,56.269424,0.5244316,0.0,4.228675,0.0,0.0,0.0,22.777779,3
8,17,1,0,22.778708,56.725616,0.52875084,0.0,4.0504503,0.0,0.0,0.0,22.777779,3
8,18,1,0,22.777802,56.950813,0.5645132,0.0,3.5341291,0.0,0.0,0.0,22.777779,3
8,19,1,0,22.777779,56.84599,0.5673927,0.0,2.9007246,0.0,0.0,0.0,22.777779,3
8,20,1,0,22.777779,56.76737,0.53450984,0.0,2.55856,0.0,0.0,0.0,22.777779,3
8,21,1,0,22.777779,56.661263,0.5330701,0.0,2.3679302,0.0,0.0,0.0,22.777779,3
8,22,1,0,22.777779,56.602932,0.53163034,0.0,2.2692547,0.0,0.0,0.0,22.777779,3
8,23,1,0,22.777779,56.54813,1.6239905,0.0,2.588112,0.0,0.0,0.0,22.777779,3
8,24,1,0,22.777779,56.547184,0.58654404,0.0,2.1117697,0.0,0.0,1.0,22.777779,3
8,1,2,0,22.777779,57.54917,16.37506,0.0,3.3270504,0.0,0.0,1.0,22.777779,3
8,2,2,0,22.777779,58.347805,0.521552,0.0,1.8671778,0.0,0.0,1.0,22.777779,3
8,3,2,0,22.777779,58.070805,0.5201123,0.0,1.663103,0.0,0.0,1.0,22.777779,3
8,4,2,0,22.777779,58.09882,0.5186725,1.9956928,1.8268399,0.0,0.0,1.0,22.777779,3
8,5,2,0,22.777779,57.97841,0.5172328,0.0,1.4813682,0.0,0.0,1.0,22.777779,3
8,6,2,0,22.777779,57.92403,0.5172328,0.0,1.4371175,0.0,0.0,1.0,22.777779,3
8,7,2,0,22.777779,57.833385,0.5201123,0.0,1.48107,0.0,0.0,1.0,22.777779,3
8,8,2,0,23.666447,54.884174,0.5229918,0.0,0.8772634,0.0,0.0,1.0,23.666666,3
8,9,2,0,24.996574,50.78186,0.713715,0.0,0.6622991,0.0,0.0,1.0,25.0,3
8,10,2,0,24.999996,50.795506,0.5244316,0.0,1.0200913,0.0,0.0,0.0,25.0,3
8,11,2,0,25.0,50.842068,0.5229918,0.0,1.3699551,0.0,0.0,0.0,25.0,3
8,12,2,0,25.0,50.805496,0.5229918,0.0,1.5576652,0.0,0.0,0.0,25.0,3
8,13,2,0,25.0,51.325443,3.3727255,0.0,2.3954031,0.0,0.0,0.0,25.0,3
8,14,2,0,25.0,51.896618,4.5961757,0.0,2.9652412,0.0,0.0,1.0,25.0,3
8,15,2,0,25.0,52.385582,4.5855217,0.0,3.3127344,0.0,0.0,1.0,25.0,3
8,16,2,0,24.520697,54.00385,3.8313978,0.0,3.918748,0.0,0.0,1.0,24.444445,3
8,17,2,0,22.82833,59.28629,0.7568534,0.0,5.425517,0.0,0.0,1.0,22.777779,3
8,18,2,0,22.77877,58.79877,0.5645132,0.79829234,4.3111215,0.0,0.0,0.0,22.777779,3
8,19,2,0,22.777788,58.446335,0.5673927,0.0,3.2430344,0.0,0.0,0.0,22.777779,3
8,20,2,0,22.777779,58.18669,0.53450984,0.0,2.7867954,0.0,0.0,0.0,22.777779,3
8,21,2,0,22.777779,57.987053,0.5330701,1.5965334,2.7629757,0.0,0.0,0.0,22.777779,3
8,22,2,0,22.777779,57.631935,0.53163034,0.0,2.3427136,0.0,0.0,0.0,22.777779,3
8,23,2,0,22.777779,57.531166,0.52875084,0.0,2.1993775,0.0,0.0,0.0,22.777779,3
8,24,2,0,22.777779,57.5531,0.5244316,0.0,2.0613818,0.0,0.0,0.0,22.777779,3
8,1,3,0,22.777779,57.584103,0.5229918,0.0,1.8990415,0.0,0.0,0.0,22.777779,3
8,2,3,0,22.777779,57.61835,0.521552,0.0,1.6981468,0.0,0.0,0.0,22.777779,3
8,3,3,0,22.777779,57.704174,0.5201123,0.0,1.6319262,0.0,0.0,0.0,22.777779,3
8,4,3,0,22.777779,57.84901,0.4431444,0.0,1.5801672,0.0,0.0,1.0,22.777779,3
8,5,3,0,22.777779,57.895847,0.5172328,0.0,1.5289474,0.0,0.0,1.0,22.777779,3
8,6,3,0,22.777779,58.021976,0.49557614,0.0,1.4830433,0.0,0.0,1.0,22.777779,3
8,7,3,0,22.777779,58.062595,0.5201123,0.0,1.5168296,0.0,0.0,1.0,22.777779,3
8,8,3,0,23.108286,57.087936,0.5229918,0.0,1.4169539,0.0,0.0,1.0,23.11111,3
8,9,3,0,22.780565,58.945095,4.595789,0.0,3.0142324,0.0,0.0,1.0,22.777779,3
8,10,3,0,22.77779,58.77476,0.7037941,1.1991094,2.70185,0.0,0.0,1.0,22.777779,3
8,11,3,0,22.777779,58.597553,0.6983477,0.0,2.4950397,0.0,0.0,1.0,22.777779,3
8,12,3,0,22.777779,58.42246,0.5229918,0.0,2.5140975,0.0,0.0,0.0,22.777779,3
8,13,3,0,23.055012,57.337326,0.52587134,0.0,2.0639148,0.0,0.0,0.0,23.055555,3
8,14,3,0,24.99343,51.064583,0.52587134,0.0,0.94890136,0.0,0.0,0.0,25.0,3
8,15,3,0,24.999935,50.959198,0.52587134,0.0,1.4954914,0.0,0.0,0.0,25.0,3
8,16,3,0,22.845932,57.70001,0.5244316,0.0,4.0353775,0.0,0.0,0.0,22.777779,3
8,17,3,0,22.780388,57.750782,0.52875084,0.3997069,4.3201046,0.0,0.0,0.0,22.777779,3
8,18,3,0,22.777817,57.54146,0.5645132,0.0,3.6986594,0.0,0.0,0.0,22.777779,3
8,19,3,0,22.777779,57.276047,0.5673927,0.0,3.0251431,0.0,0.0,0.0,22.777779,3
8,20,3,0,22.777779,57.062275,0.53450984,0.0,2.6531317,0.0,0.0,0.0,22.777779,3
8,21,3,0,22.777779,56.82008,0.5330701,0.0,2.3848858,0.0,0.0,0.0,22.777779,3
8,22,3,0,22.777779,56.74521,0.8966348,0.0,2.4524283,0.0,0.0,1.0,22.777779,3
8,23,3,0,22.777779,56.775036,0.76113343,0.0,2.2905698,0.0,0.0,1.0,22.777779,3
8,24,3,0,22.777779,56.78475,0.58654404,0.0,2.0794349,0.0,0.0,1.0,22.777779,3
8,1,4,0,22.777779,56.86304,0.5230146,0.0,1.872262,0.0,0.0,1.0,22.777779,3
8,2,4,0,22.777779,56.897003,0.47881302,0.0,1.6707261,0.0,0.0,1.0,22.777779,3
8,3,4,0,22.777779,56.952423,0.5201123,0.0,1.557997,0.0,0.0,1.0,22.777779,3
8,4,4,0,22.777779,56.95007,0.5186725,0.0,1.4532692,0.0,0.0,1.0,22.777779,3
8,5,4,0,22.777779,56.947308,0.5172328,0.4002952,1.4550711,0.0,0.0,1.0,22.777779,3
8,6,4,0,22.777779,56.90561,0.5172328,0.40029886,1.3847654,0.0,0.0,1.0,22.777779,3
8,7,4,0,22.777779,56.85695,0.5201123,0.0,1.3845383,0.0,0.0,1.0,22.777779,3
8,8,4,0,22.777779,57.005764,0.7064642,0.0,1.624169,0.0,0.0,1.0,22.777779,3
8,9,4,0,22.777779,57.04811,0.5244316,0.0,1.7162092,0.0,0.0,0.0,22.777779,3
8,10,4,0,22.777779,57.02751,0.5244316,0.0,2.0182931,0.0,0.0,0.0,22.777779,3
8,11,4,0,22.777779,56.98978,0.5229918,0.0,2.1016197,0.0,0.0,0.0,22.777779,3
8,12,4,0,22.777779,56.99552,0.5229918,1.2009245,2.3370616,0.0,0.0,0.0,22.777779,3
8,13,4,0,22.777779,56.956547,0.52587134,0.0,2.3268266,0.0,0.0,0.0,22.777779,3
8,14,4,0,24.824692,50.475002,0.52587134,0.0,0.919693,0.0,0.0,0.0,24.833334,3
8,15,4,0,23.617579,54.16987,0.52587134,0.0,2.18884,0.0,0.0,0.0,23.555555,3
8,16,4,0,22.85415,56.493313,0.5244316,0.0,3.6243744,0.0,0.0,0.0,22.777779,3
8,17,4,0,22.779167,56.69152,0.52875084,0.0,3.767257,0.0,0.0,0.0,22.777779,3
8,18,4,0,22.777802,56.633736,0.5645132,0.0,3.5289228,0.0,0.0,0.0,22.777779,3
8,19,4,0,24.770985,50.199986,0.5673927,0.0,1.119509,0.0,0.0,0.0,24.777779,3
8,20,4,0,24.99978,49.69572,0.53450984,0.0,1.304996,0.0,0.0,0.0,25.0,3
8,21,4,0,24.999998,49.809124,0.5330701,0.0,1.5604254,0.0,0.0,0.0,25.0,3
8,22,4,0,25.0,49.876675,0.53163034,0.0,1.60226,0.0,0.0,0.0,25.0,3
8,23,4,0,24.341433,52.09918,0.52875084,0.0,2.0618916,0.0,0.0,0.0,24.333334,3
8,24,4,0,22.844261,57.605003,4.406505,0.0,4.0053015,0.0,0.0,0.0,22.777779,3
8,1,5,0,22.77936,58.381214,0.7818195,0.0,2.6391962,0.0,0.0,1.0,22.777779,3
8,2,5,0,22.777834,58.255543,0.47881302,0.0,2.0461936,0.0,0.0,1.0,22.777779,3
8,3,5,0,22.77778,58.077133,0.5201123,0.0,1.823615,0.0,0.0,1.0,22.777779,3
8,4,5,0,22.777779,58.06978,0.5186725,0.0,1.6742743,0.0,0.0,1.0,22.777779,3
8,5,5,0,22.777779,57.980175,0.5172328,0.0,1.5671091,0.0,0.0,1.0,22.777779,3
8,6,5,0,22.777779,57.953728,0.5172328,0.0,1.4975818,0.0,0.0,1.0,22.777779,3
8,7,5,0,22.777779,57.904297,0.6135978,0.0,1.5321188,0.0,0.0,1.0,22.777779,3
8,8,5,0,23.999453,53.888474,0.7064642,0.0,0.64982986,0.0,0.0,1.0,24.0,3
8,9,5,0,24.997162,50.83048,0.5244316,0.0,0.4796991,0.0,0.0,0.0,25.0,3
8,10,5,0,24.99999,50.84541,0.5244316,0.0,0.82259214,0.0,0.0,0.0,25.0,3
8,11,5,0,25.0,50.83119,0.5229918,0.0,0.9508199,0.0,0.0,0.0,25.0,3
8,12,5,0,25.0,50.805798,0.5229918,0.0,1.249458,0.0,0.0,0.0,25.0,3
8,13,5,0,25.0,50.778305,0.52587134,0.0,1.4409964,0.0,0.0,0.0,25.0,3
8,14,5,0,25.0,50.741676,0.52587134,0.0,1.6549308,0.0,0.0,0.0,25.0,3
8,15,5,0,25.0,50.517807,0.52587134,0.0,1.7835345,0.0,0.0,0.0,25.0,3
8,16,5,0,23.358208,55.42544,0.5244316,0.0,3.4472852,0.0,0.0,0.0,23.333334,3
8,17,5,0,22.866055,56.991455,0.52875084,0.0,4.089848,0.0,0.0,0.0,22.777779,3
8,18,5,0,22.780697,57.171616,0.84888405,0.0,3.6602652,0.0,0.0,1.0,22.777779,3
8,19,5,0,22.77781,56.96729,0.8825466,0.0,3.0038252,0.0,0.0,1.0,22.777779,3
8,20,5,0,22.777779,56.796494,0.53450984,0.0,2.63199,0.0,0.0,1.0,22.777779,3
8,21,5,0,22.777779,56.6872,0.5330701,0.0,2.4915497,0.0,0.0,1.0,22.777779,3
8,22,5,0,22.777779,56.654057,0.53163034,0.0,2.4012966,0.0,0.0,1.0,22.777779,3
8,23,5,0,22.777779,56.70716,0.52875084,0.0,2.238343,0.0,0.0,1.0,22.777779,3
8,24,5,0,22.777779,56.728573,0.5244316,0.4009601,2.1177158,0.0,0.0,1.0,22.777779,3
8,1,6,0,22.777779,56.724243,0.5229918,0.0,1.817697,0.0,0.0,1.0,22.777779,3
8,2,6,0,22.777779,56.680458,0.521552,0.0,1.6553196,0.0,0.0,1.0,22.777779,3
8,3,6,0,22.777779,56.599434,0.5201123,0.0,1.567839,0.0,0.0,1.0,22.777779,3
8,4,6,0,22.777779,56.586857,0.5186725,0.0,1.4973735,0.0,0.0,1.0,22.777779,3
8,5,6,0,22.777779,56.65142,0.5172328,0.0,1.4604212,0.0,0.0,1.0,22.777779,3
8,6,6,0,22.777779,56.646523,0.5172328,0.0,1.4165341,0.0,0.0,1.0,22.777779,3
8,7,6,0,22.777779,56.663864,0.5201123,0.0,1.4262733,0.0,0.0,1.0,22.777779,3
8,8,6,0,22.777779,56.642647,0.5229918,0.0,1.4936415,0.0,0.0,1.0,22.777779,3
8,9,6,0,22.777779,56.67356,0.5244316,0.0,1.5303042,0.0,0.0,1.0,22.777779,3
8,10,6,0,22.777779,56.73767,0.5244316,0.0,1.684211,0.0,0.0,1.0,22.777779,3
8,11,6,0,22.777779,56.789387,0.6983477,0.0,2.0330434,0.0,0.0,1.0,22.777779,3
8,12,6,0,22.777779,57.109226,0.704244,2.568604,4.2110367,0.0,0.0,1.0,22.777779,3
8,13,6,0,22.777779,57.0914,0.52587134,0.0,2.1241217,0.0,0.0,0.0,22.777779,3
8,14,6,0,22.777779,57.05777,0.52587134,0.0,2.3755827,0.0,0.0,0.0,22.777779,3
8,15,6,0,22.777779,57.063183,0.52587134,0.0,2.4534543,0.0,0.0,0.0,22.777779,3
8,16,6,0,22.777779,57.14466,0.5244316,1.2049719,2.4294224,0.0,0.0,0.0,22.777779,3
8,17,6,0,22.777779,57.84779,0.52875084,0.0,2.3909388,0.0,0.0,0.0,22.777779,3
8,18,6,0,22.777779,58.29317,0.5645132,0.0,2.2842605,0.0,0.0,0.0,22.777779,3
8,19,6,0,22.777779,59.129425,3.4142468,0.0,2.6212552,0.0,0.0,0.0,22.777779,3
8,20,6,0,22.777779,58.772915,0.8511853,0.0,2.166307,0.0,0.0,1.0,22.777779,3
8,21,6,0,22.777779,58.587017,0.870051,0.0,2.0902052,0.0,0.0,1.0,22.777779,3
8,22,6,0,22.777779,58.435497,0.8966348,0.0,2.0402718,0.0,0.0,1.0,22.777779,3
8,23,6,0,22.777779,58.3951,0.52875084,0.0,1.8016838,0.0,0.0,1.0,22.777779,3
8,24,6,0,22.777779,58.27033,0.5244316,0.40166125,1.7295246,0.0,0.0,1.0,22.777779,3
8,1,7,0,22.777779,58.233387,0.5229918,0.0,1.5466012,0.0,0.0,1.0,22.777779,3
8,2,7,0,22.777779,58.244972,0.521552,0.0,1.4562178,0.0,0.0,1.0,22.777779,3
8,3,7,0,22.777779,58.239353,0.5201123,0.0,1.3912132,0.0,0.0,1.0,22.777779,3
8,4,7,0,22.777779,58.187557,0.5186725,0.0,1.3541418,0.0,0.0,1.0,22.777779,3
8,5,7,0,22.777779,58.129604,0.5172328,0.0,1.3309741,0.0,0.0,1.0,22.777779,3
8,6,7,0,22.777779,58.08734,0.5172328,0.0,1.292478,0.0,0.0,1.0,22.777779,3
8,7,7,0,22.777779,58.099102,0.5201123,0.0,1.3094589,0.0,0.0,1.0,22.777779,3
8,8,7,0,22.777779,58.40919,0.7064642,3.3794227,4.1724067,0.0,0.0,1.0,22.777779,3
8,9,7,0,22.777779,58.437,0.5244316,0.0,1.6095033,0.0,0.0,0.0,22.777779,3
8,10,7,0,22.777779,58.465706,0.5244316,0.0,1.864262,0.0,0.0,0.0,22.777779,3
8,11,7,0,22.777779,58.472534,0.5229918,0.0,2.013297,0.0,0.0,0.0,22.777779,3
8,12,7,0,22.777779,58.432995,0.5229918,1.2072148,2.2535367,0.0,0.0,0.0,22.777779,3
8,13,7,0,22.777779,58.41872,0.52587134,0.0,1.9589164,0.0,0.0,0.0,22.777779,3
8,14,7,0,22.777779,58.37484,0.52587134,0.0,1.7267934,0.0,0.0,0.0,22.777779,3
8,15,7,0,22.777779,58.2482,0.52587134,0.0,1.7149725,0.0,0.0,0.0,22.777779,3
8,16,7,0,22.777779,58.16027,0.5244316,0.0,1.7543904,0.0,0.0,0.0,22.777779,3
8,17,7,0,22.777779,58.68775,0.52875084,0.0,2.0544937,0.0,0.0,0.0,22.777779,3
8,18,7,0,22.777779,59.570187,0.5645132,0.0,2.1525846,0.0,0.0,0.0,22.777779,3
8,19,7,0,22.777779,59.291714,0.5673927,0.0,1.872414,0.0,0.0,0.0,22.777779,3
8,20,7,0,22.777779,59.163452,0.53450984,0.0,1.7471031,0.0,0.0,0.0,22.777779,3
8,21,7,0,22.777779,59.01657,0.5330701,0.0,1.667881,0.0,0.0,0.0,22.777779,3
8,22,7,0,22.777779,58.59128,0.53163034,0.0,1.6098622,0.0,0.0,0.0,22.777779,3
8,23,7,0,22.777779,58.415028,0.52875084,0.0,1.5207511,0.0,0.0,0.0,22.777779,3
8,24,7,0,22.777779,58.337883,0.5244316,0.0,1.4946345,0.0,0.0,1.0,22.777779,3
8,1,1,0,22.777779,58.27962,0.5229918,0.0,1.4039565,0.0,0.0,1.0,22.777779,3
8,2,1,0,22.777779,58.188725,0.521552,0.0,1.3050445,0.0,0.0,1.0,22.777779,3
8,3,1,0,22.777779,58.29045,0.5201123,0.0,1.2875344,0.0,0.0,1.0,22.777779,3
8,4,1,0,22.777779,58.41109,0.5186725,0.0,1.2787488,0.0,0.0,1.0,22.777779,3
8,5,1,0,22.777779,58.532753,0.5172328,0.0,1.2652347,0.0,0.0,1.0,22.777779,3
8,6,1,0,22.777779,58.78916,0.5172328,0.0,1.2551473,0.0,0.0,1.0,22.777779,3
8,7,1,0,22.777779,59.034,0.5201123,0.0,1.3110722,0.0,0.0,1.0,22.777779,3
8,8,1,0,22.777779,59.14766,0.5229918,0.0,1.4658346,0.0,0.0,1.0,22.777779,3
8,9,1,0,22.777779,59.341984,0.5244316,0.0,1.7919586,0.0,0.0,1.0,22.777779,3
8,10,1,0,22.777779,59.34615,0.5244316,0.0,2.096228,0.0,0.0,1.0,22.777779,3
8,11,1,0,22.777779,59.366726,0.5229918,0.0,2.375917,0.0,0.0,1.0,22.777779,3
8,12,1,0,22.777779,59.263573,0.704244,0.0,2.378669,0.0,0.0,1.0,22.777779,3
8,13,1,0,22.777779,59.196636,0.52587134,0.0,2.4740756,0.0,0.0,0.0,22.777779,3
8,14,1,0,22.777779,58.96875,0.52587134,0.0,2.5343328,0.0,0.0,0.0,22.777779,3
8,15,1,0,22.777779,58.572235,0.52587134,0.0,2.8228655,0.0,0.0,0.0,22.777779,3
8,16,1,0,22.777779,58.41569,0.5244316,2.8225229,3.2960546,0.0,0.0,0.0,22.777779,3
8,17,1,0,22.777779,57.95429,0.52875084,0.0,3.3662567,0.0,0.0,0.0,22.777779,3
8,18,1,0,24.99147,50.8765,0.5645132,0.0,1.1848056,0.0,0.0,0.0,25.0,3
8,19,1,0,22.821533,57.666607,0.5673927,0.0,2.6978903,0.0,0.0,0.0,22.777779,3
8,20,1,0,22.778215,57.560333,0.53450984,0.0,2.6920462,0.0,0.0,0.0,22.777779,3
8,21,1,0,22.777782,57.381687,0.5330701,0.0,2.3035512,0.0,0.0,0.0,22.777779,3
8,22,1,0,22.777779,57.36409,0.53163034,0.0,2.1796587,0.0,0.0,0.0,22.777779,3
8,23,1,0,22.777779,57.430885,0.52875084,0.0,1.9662052,0.0,0.0,0.0,22.777779,3
8,24,1,0,22.777779,57.470406,0.5244316,0.0,1.8069589,0.0,0.0,0.0,22.777779,3
8,1,2,0,22.777779,57.56017,0.5229918,0.0,1.6061687,0.0,0.0,0.0,22.777779,3
8,2,2,0,22.777779,57.65259,0.521552,0.0,1.5167651,0.0,0.0,1.0,22.777779,3
8,3,2,0,22.777779,57.71681,0.5201123,0.0,1.462594,0.0,0.0,1.0,22.777779,3
8,4,2,0,22.777779,57.837486,0.5186725,0.0,1.381092,0.0,0.0,1.0,22.777779,3
8,5,2,0,22.777779,57.91474,0.5172328,0.0,1.3323652,0.0,0.0,1.0,22.777779,3
8,6,2,0,22.777779,57.894417,0.5172328,0.0,1.2696344,0.0,0.0,1.0,22.777779,3
8,7,2,0,22.777779,57.812717,0.5201123,0.0,1.3013258,0.0,0.0,1.0,22.777779,3
8,8,2,0,22.777779,57.63015,0.7064642,6.9504476,3.3592453,0.0,0.0,1.0,22.777779,3
8,9,2,0,22.777779,57.710873,0.713715,1.2836192,2.8199089,0.0,0.0,1.0,22.777779,3
8,10,2,0,22.777779,57.643757,0.5244316,0.0,1.9623488,0.0,0.0,0.0,22.777779,3
8,11,2,0,22.777779,57.686935,0.5229918,0.0,2.17872,0.0,0.0,0.0,22.777779,3
8,12,2,0,22.777779,57.568794,0.5229918,0.0,2.2252784,0.0,0.0,0.0,22.777779,3
8,13,2,0,22.777779,57.521896,0.52587134,0.80810595,2.3783963,0.0,0.0,0.0,22.777779,3
8,14,2,0,22.777779,57.438274,0.52587134,0.0,2.4563928,0.0,0.0,0.0,22.777779,3
8,15,2,0,22.777779,57.23325,0.52587134,0.0,2.6767232,0.0,0.0,0.0,22.777779,3
8,16,2,0,22.777779,56.96812,0.5244316,0.0,2.7279778,0.0,0.0,0.0,22.777779,3
8,17,2,0,22.777779,57.127506,0.52875084,0.0,3.241433,0.0,0.0,0.0,22.777779,3
8,18,2,0,22.777779,57.16736,0.5645132,0.0,3.090686,0.0,0.0,0.0,22.777779,3
8,19,2,0,22.777779,56.968834,0.5673927,0.0,2.4951787,0.0,0.0,0.0,22.777779,3
8,20,2,0,22.777779,56.884525,0.53450984,0.0,2.394711,0.0,0.0,0.0,22.777779,3
8,21,2,0,22.777779,56.792137,0.870051,0.0,2.4381113,0.0,0.0,1.0,22.777779,3
8,22,2,0,22.777779,56.737396,0.8966348,0.0,2.4025507,0.0,0.0,1.0,22.777779,3
8,23,2,0,22.777779,56.696346,0.52875084,0.0,2.1123538,0.0,0.0,1.0,22.777779,3
8,24,2,0,22.777779,56.70086,0.5244316,0.0,1.9540219,0.0,0.0,1.0,22.777779,3
8,1,3,0,22.777779,56.71949,0.5229918,0.0,1.7743711,0.0,0.0,1.0,22.777779,3
8,2,3,0,22.777779,56.768795,0.521552,0.0,1.6429268,0.0,0.0,1.0,22.777779,3
8,3,3,0,22.777779,56.808838,0.5201123,0.0,1.555307,0.0,0.0,1.0,22.777779,3
8,4,3,0,22.777779,56.87612,0.5186725,0.0,1.4908799,0.0,0.0,1.0,22.777779,3
8,5,3,0,22.777779,56.9226,0.5172328,0.0,1.4466186,0.0,0.0,1.0,22.777779,3
8,6,3,0,22.777779,56.96878,0.5172328,0.0,1.3937062,0.0,0.0,1.0,22.777779,3
8,7,3,0,22.777779,57.011925,0.5201123,0.0,1.4251943,0.0,0.0,1.0,22.777779,3
8,8,3,0,23.442703,54.881187,0.5229918,0.0,1.0211787,0.0,0.0,1.0,23.444445,3
8,9,3,0,24.994617,50.163193,0.713715,0.0,0.5605936,0.0,0.0,1.0,25.0,3
8,10,3,0,24.999992,50.20796,0.5244316,0.0,0.9892466,0.0,0.0,0.0,25.0,3
8,11,3,0,25.0,50.242195,0.5229918,0.0,1.3369019,0.0,0.0,0.0,25.0,3
8,12,3,0,25.0,50.262856,0.5229918,0.0,1.5458907,0.0,0.0,0.0,25.0,3
8,13,3,0,25.0,50.254063,0.52587134,0.0,1.6576105,0.0,0.0,0.0,25.0,3
8,14,3,0,25.0,50.21725,0.52587134,0.0,1.8060966,0.0,0.0,0.0,25.0,3
8,15,3,0,25.0,50.175396,0.52587134,0.0,2.1154528,0.0,0.0,1.0,25.0,3
8,16,3,0,23.493591,54.65107,0.5244316,0.0,3.7897813,0.0,0.0,1.0,23.38889,3
8,17,3,0,22.80775,56.777935,0.52875084,0.0,4.5583267,0.0,0.0,1.0,22.777779,3
8,18,3,0,22.778343,56.79623,0.84888405,0.0,3.959199,0.0,0.0,1.0,22.777779,3
8,19,3,0,22.777784,56.99801,0.8825466,3.490286,5.887646,0.0,0.0,1.0,22.777779,3
8,20,3,0,22.777779,56.96738,0.53450984,0.0,2.7286525,0.0,0.0,0.0,22.777779,3
8,21,3,0,22.777779,56.812847,0.5330701,0.0,2.5652332,0.0,0.0,0.0,22.777779,3
8,22,3,0,22.777779,56.861244,0.53163034,2.8345246,2.8271348,0.0,0.0,0.0,22.777779,3
8,23,3,0,22.777779,56.828728,0.76113343,0.40496704,2.4166603,0.0,0.0,1.0,22.777779,3
8,24,3,0,22.777779,56.79855,0.58654404,0.0,2.1494384,0.0,0.0,1.0,22.777779,3
8,1,4,0,22.777779,56.782352,0.5230146,0.0,1.9320168,0.0,0.0,1.0,22.777779,3
8,2,4,0,22.777779,56.814274,0.521552,0.0,1.7765343,0.0,0.0,1.0,22.777779,3
8,3,4,0,22.777779,56.884483,0.5201123,0.0,1.6632421,0.0,0.0,1.0,22.777779,3
8,4,4,0,22.777779,56.974697,0.5186725,0.0,1.5974793,0.0,0.0,1.0,22.777779,3
8,5,4,0,22.777779,56.992744,0.5172328,0.0,1.5087171,0.0,0.0,1.0,22.777779,3
8,6,4,0,22.777779,57.013725,0.5172328,0.0,1.4798949,0.0,0.0,1.0,22.777779,3
8,7,4,0,22.777779,56.788643,0.6135978,10.349943,4.217035,0.0,0.0,1.0,22.777779,3
8,8,4,0,22.777779,56.828247,0.5229918,0.0,1.5802903,0.0,0.0,0.0,22.777779,3
8,9,4,0,22.777779,56.87452,0.5244316,0.0,1.8452035,0.0,0.0,0.0,22.777779,3
8,10,4,0,22.777779,56.870594,0.5244316,0.0,2.175604,0.0,0.0,0.0,22.777779,3
8,11,4,0,24.164482,52.433823,0.5229918,0.0,1.2859308,0.0,0.0,0.0,24.166666,3
8,12,4,0,24.999214,50.013107,0.5229918,0.0,1.0965058,0.0,0.0,0.0,25.0,3
8,13,4,0,23.132248,55.83194,0.52587134,0.0,2.71374,0.0,0.0,0.0,23.11111,3
8,14,4,0,22.807781,56.903015,0.52587134,0.0,3.3648958,0.0,0.0,0.0,22.777779,3
8,15,4,0,22.779148,57.41994,3.3727255,0.0,3.7749038,0.0,0.0,0.0,22.777779,3
8,16,4,0,22.777967,57.22273,0.7257387,0.0,3.4510612,0.0,0.0,1.0,22.777779,3
8,17,4,0,22.777807,57.056206,0.7568534,0.0,3.910549,0.0,0.0,1.0,22.777779,3
8,18,4,0,22.777779,57.025497,0.84888405,0.0,3.7114716,0.0,0.0,1.0,22.777779,3
8,19,4,0,24.551422,51.24924,0.8825466,0.0,1.52899,0.0,0.0,1.0,24.555555,3
8,20,4,0,24.999983,49.9249,0.53450984,0.0,1.3156617,0.0,0.0,0.0,25.0,3
8,21,4,0,25.0,49.95568,0.870051,1.2177229,1.874773,0.0,0.0,1.0,25.0,3
8,22,4,0,25.0,49.91117,0.8966348,0.40591618,1.8914179,0.0,0.0,1.0,25.0,3
8,23,4,0,25.0,49.94794,0.52875084,1.2177025,1.7978965,0.0,0.0,1.0,25.0,3
8,24,4,0,23.431887,54.73682,0.5244316,0.0,2.8224473,0.0,0.0,1.0,23.38889,3
8,1,5,0,22.792784,56.701385,0.5229918,0.0,2.8188558,0.0,0.0,1.0,22.777779,3
8,2,5,0,22.778648,56.800224,0.521552,0.0,2.2301705,0.0,0.0,1.0,22.777779,3
8,3,5,0,22.777822,56.779823,0.5201123,0.0,1.9086399,0.0,0.0,1.0,22.777779,3
8,4,5,0,22.77778,56.733135,0.5186725,0.0,1.7144483,0.0,0.0,1.0,22.777779,3
8,5,5,0,22.777779,56.961086,0.45285317,2.2346895,3.3208885,0.0,0.0,1.0,22.777779,3
8,6,5,0,22.777779,57.114956,0.5172328,0.0,1.4915483,0.0,0.0,0.0,22.777779,3
8,7,5,0,22.777779,57.107857,0.5201123,0.0,1.5057479,0.0,0.0,0.0,22.777779,3
8,8,5,0,22.777779,57.12819,0.5229918,0.0,1.6259638,0.0,0.0,0.0,22.777779,3
8,9,5,0,22.777779,57.10324,0.5244316,0.0,1.9058493,0.0,0.0,0.0,22.777779,3
8,10,5,0,23.666075,54.16307,0.5244316,0.0,1.5318195,0.0,0.0,0.0,23.666666,3
8,11,5,0,23.168917,55.808407,0.6983477,0.0,2.442247,0.0,0.0,1.0,23.166666,3
8,12,5,0,23.056042,56.08812,0.704244,0.0,2.634827,0.0,0.0,1.0,23.055555,3
8,13,5,0,24.994274,49.979656,0.71401113,0.0,1.1326699,0.0,0.0,1.0,25.0,3
8,14,5,0,24.999975,49.867798,0.52587134,0.0,1.5007926,0.0,0.0,0.0,25.0,3
8,15,5,0,24.861668,50.030273,0.52587134,0.0,2.134617,0.0,0.0,0.0,24.833334,3
8,16,5,0,22.900919,55.951466,0.7257387,0.0,4.5090523,0.0,0.0,1.0,22.777779,3
8,17,5,0,22.786644,56.11116,0.7568534,0.0,4.59308,0.0,0.0,1.0,22.777779,3
8,18,5,0,22.777912,56.602276,3.4113672,0.0,4.440031,0.0,0.0,0.0,22.777779,3
8,19,5,0,22.777779,56.31927,0.8825466,0.0,3.263154,0.0,0.0,1.0,22.777779,3
8,20,5,0,22.777779,56.237637,0.8511853,0.40691516,3.0294628,0.0,0.0,1.0,22.777779,3
8,21,5,0,22.777779,56.315422,0.870051,0.0,2.9339385,0.0,0.0,1.0,22.777779,3
8,22,5,0,22.777779,56.39805,0.53163034,0.0,2.6274533,0.0,0.0,1.0,22.777779,3
8,23,5,0,22.777779,56.443146,0.52875084,0.0,2.390386,0.0,0.0,1.0,22.777779,3
8,24,5,0,22.777779,56.489777,0.5244316,0.0,2.146222,0.0,0.0,1.0,22.777779,3
8,1,6,0,22.777779,56.510674,0.5229918,0.0,1.9512758,0.0,0.0,1.0,22.777779,3
8,2,6,0,22.777779,56.650528,0.521552,0.0,1.8210814,0.0,0.0,1.0,22.777779,3
8,3,6,0,22.777779,56.918224,0.5201123,0.0,1.718418,0.0,0.0,1.0,22.777779,3
8,4,6,0,22.777779,56.942883,0.5186725,0.0,1.6105359,0.0,0.0,1.0,22.777779,3
8,5,6,0,22.777779,57.17951,0.5172328,2.4993885,3.4286416,0.0,0.0,0.0,22.777779,3
8,6,6,0,22.777779,57.375828,0.5172328,0.0,1.4279131,0.0,0.0,0.0,22.777779,3
8,7,6,0,22.777779,57.44956,0.5201123,0.0,1.4613992,0.0,0.0,0.0,22.777779,3
8,8,6,0,22.777779,57.471256,0.5229918,0.0,1.5869528,0.0,0.0,0.0,22.777779,3
8,9,6,0,22.777779,57.409195,0.5244316,0.0,1.8979015,0.0,0.0,0.0,22.777779,3
8,10,6,0,22.777779,57.31107,0.5244316,0.0,2.2605166,0.0,0.0,0.0,22.777779,3
8,11,6,0,22.9994,56.39898,0.5229918,0.0,2.1841595,0.0,0.0,0.0,23.0,3
8,12,6,0,24.993912,49.95033,0.5229918,0.0,0.8503136,0.0,0.0,0.0,25.0,3
8,13,6,0,24.999989,49.959835,0.52587134,0.0,1.1912646,0.0,0.0,0.0,25.0,3
8,14,6,0,22.869852,56.505756,0.52587134,0.0,3.3454392,0.0,0.0,0.0,22.833334,3
8,15,6,0,22.78014,56.580956,0.52587134,0.0,3.4680586,0.0,0.0,1.0,22.777779,3
8,16,6,0,22.777779,56.72652,0.7257387,3.7303,6.3682294,0.0,0.0,1.0,22.777779,3
8,17,6,0,22.777779,56.49941,0.7568534,0.0,3.9819791,0.0,0.0,1.0,22.777779,3
8,18,6,0,22.777779,56.325405,0.5645132,0.0,3.5993226,0.0,0.0,0.0,22.777779,3
8,19,6,0,22.777779,56.138737,0.5673927,0.0,2.9062033,0.0,0.0,0.0,22.777779,3
8,20,6,0,22.777779,55.99063,0.53450984,0.0,2.5529435,0.0,0.0,0.0,22.777779,3
8,21,6,0,22.777779,55.964874,0.5330701,0.0,2.5526326,0.0,0.0,0.0,22.777779,3
8,22,6,0,22.777779,55.96723,0.53163034,0.0,2.4560647,0.0,0.0,0.0,22.777779,3
8,23,6,0,22.777779,56.037994,0.52875084,0.0,2.273228,0.0,0.0,0.0,22.777779,3
8,24,6,0,22.777779,56.088547,0.5244316,0.0,2.070812,0.0,0.0,0.0,22.777779,3
8,1,7,0,22.777779,56.234966,0.5229918,0.0,1.9482759,0.0,0.0,1.0,22.777779,3
8,2,7,0,22.777779,56.484425,0.521552,0.0,1.7500056,0.0,0.0,1.0,22.777779,3
8,3,7,0,22.777779,56.59697,0.5201123,0.0,1.6488217,0.0,0.0,1.0,22.777779,3
8,4,7,0,22.777779,56.778656,0.5186725,0.0,1.5511384,0.0,0.0,1.0,22.777779,3
8,5,7,0,22.777779,56.815437,0.5172328,0.0,1.4606636,0.0,0.0,0.0,22.777779,3
8,6,7,0,22.777779,56.89958,0.5172328,0.0,1.3955364,0.0,0.0,0.0,22.777779,3
8,7,7,0,22.777779,57.006252,0.5201123,0.0,1.4195426,0.0,0.0,0.0,22.777779,3
8,8,7,0,22.777779,57.201923,0.5229918,0.0,1.5642061,0.0,0.0,0.0,22.777779,3
8,9,7,0,22.777779,57.344944,0.5244316,0.8180943,1.9280015,0.0,0.0,0.0,22.777779,3
8,10,7,0,22.777779,57.3515,0.5244316,0.0,2.08857,0.0,0.0,0.0,22.777779,3
8,11,7,0,22.777779,57.35157,0.5229918,0.0,2.2959533,0.0,0.0,0.0,22.777779,3
8,12,7,0,22.777779,57.309593,0.5229918,0.0,2.3285692,0.0,0.0,0.0,22.777779,3
8,13,7,0,22.777779,57.236958,0.52587134,0.0,2.4307597,0.0,0.0,0.0,22.777779,3
8,14,7,0,22.777779,57.909443,4.407945,0.0,3.4704504,0.0,0.0,0.0,22.777779,3
8,15,7,0,22.777779,57.626354,0.7034479,0.0,3.0625174,0.0,0.0,1.0,22.777779,3
8,16,7,0,22.777779,57.36705,0.5244316,0.0,3.233379,0.0,0.0,0.0,22.777779,3
8,17,7,0,22.777779,57.12765,0.52875084,0.0,3.7360904,0.0,0.0,0.0,22.777779,3
8,18,7,0,22.777779,56.918285,0.5645132,0.0,3.4782004,0.0,0.0,0.0,22.777779,3
8,19,7,0,22.777779,56.746746,0.5673927,0.8181,2.8945684,0.0,0.0,0.0,22.777779,3
8,20,7,0,22.777779,56.691425,0.53450984,1.6361334,2.8423734,0.0,0.0,0.0,22.777779,3
8,21,7,0,22.777779,56.893734,1.6913811,2.7604244,3.0424824,0.0,0.0,1.0,22.777779,3
8,22,7,0,22.777779,57.29735,5.0032854,0.0,4.032518,0.0,0.0,1.0,22.777779,3
8,23,7,0,22.777779,57.47688,1.350081,0.0,2.8154147,0.0,0.0,1.0,22.777779,3
8,24,7,0,22.777779,57.497803,0.5244316,0.0,2.266836,0.0,0.0,1.0,22.777779,3
8,1,1,0,22.777779,57.64239,0.5229918,0.0,2.086355,0.0,0.0,1.0,22.777779,3
8,2,1,0,22.777779,57.68581,0.521552,0.0,1.8177015,0.0,0.0,1.0,22.777779,3
8,3,1,0,22.777779,57.987877,0.5201123,0.0,1.7485849,0.0,0.0,1.0,22.777779,3
8,4,1,0,22.777779,58.074368,0.5186725,0.0,1.6477852,0.0,0.0,1.0,22.777779,3
8,5,1,0,22.777779,58.193886,0.5172328,0.0,1.5838434,0.0,0.0,1.0,22.777779,3
8,6,1,0,22.777779,58.22225,0.5172328,0.0,1.515489,0.0,0.0,1.0,22.777779,3
8,7,1,0,22.777779,58.203777,0.5201123,0.0,1.522018,0.0,0.0,1.0,22.777779,3
8,8,1,0,22.777779,58.244408,0.5229918,0.0,1.6053443,0.0,0.0,0.0,22.777779,3
8,9,1,0,22.777779,58.291546,0.5244316,0.0,1.8734745,0.0,0.0,0.0,22.777779,3
8,10,1,0,22.777779,58.165535,0.5244316,0.0,2.183435,0.0,0.0,0.0,22.777779,3
8,11,1,0,22.777779,58.04318,0.5229918,0.0,2.3285918,0.0,0.0,0.0,22.777779,3
8,12,1,0,22.833134,57.731197,0.5229918,1.6407163,2.5343502,0.0,0.0,0.0,22.833334,3
8,13,1,0,24.990536,50.81125,0.52587134,0.0,0.75055254,0.0,0.0,0.0,25.0,3
8,14,1,0,24.999968,50.795433,0.52587134,0.0,1.3521746,0.0,0.0,0.0,25.0,3
8,15,1,0,25.0,50.758472,0.52587134,0.0,1.8399336,0.0,0.0,0.0,25.0,3
8,16,1,0,25.0,50.612167,0.5244316,0.0,2.1647596,0.0,0.0,0.0,25.0,3
8,17,1,0,23.814611,54.100174,0.52875084,0.0,3.9658701,0.0,0.0,0.0,23.777779,3
8,18,1,0,22.787804,57.43658,0.5645132,0.0,4.291102,0.0,0.0,0.0,22.777779,3
8,19,1,0,22.777824,57.218132,0.5673927,0.0,3.0551012,0.0,0.0,0.0,22.777779,3
8,20,1,0,22.777779,57.00863,0.53450984,0.0,2.654392,0.0,0.0,0.0,22.777779,3
8,21,1,0,22.777779,56.844566,0.5330701,0.0,2.4541395,0.0,0.0,0.0,22.777779,3
8,22,1,0,22.777779,56.707962,0.53163034,0.0,2.371988,0.0,0.0,0.0,22.777779,3
8,23,1,0,22.777779,56.676796,0.52875084,0.0,2.2208066,0.0,0.0,0.0,22.777779,3
8,24,1,0,22.777779,56.710304,0.5244316,0.0,2.1029372,0.0,0.0,1.0,22.777779,3
8,1,2,0,22.777779,56.74121,0.5229918,0.0,1.9185476,0.0,0.0,1.0,22.777779,3
8,2,2,0,22.777779,56.809628,0.521552,0.0,1.757847,0.0,0.0,1.0,22.777779,3
8,3,2,0,22.777779,56.840946,0.5201123,0.0,1.6624411,0.0,0.0,1.0,22.777779,3
8,4,2,0,22.777779,56.874207,0.5186725,0.0,1.5603019,0.0,0.0,1.0,22.777779,3
8,5,2,0,22.777779,56.89448,0.5172328,0.0,1.501351,0.0,0.0,1.0,22.777779,3
8,6,2,0,22.777779,56.895775,0.5172328,0.0,1.4397007,0.0,0.0,1.0,22.777779,3
8,7,2,0,22.777779,56.902122,0.5201123,0.0,1.4583033,0.0,0.0,1.0,22.777779,3
8,8,2,0,22.998367,56.204258,0.5229918,0.0,1.4171044,0.0,0.0,1.0,23.0,3
8,9,2,0,24.993242,49.9859,0.5244316,0.0,0.44308233,0.0,0.0,0.0,25.0,3
8,10,2,0,24.999992,50.016075,0.5244316,0.0,1.1927665,0.0,0.0,0.0,25.0,3
8,11,2,0,25.0,50.04543,0.5229918,0.0,1.3721055,0.0,0.0,0.0,25.0,3
8,12,2,0,25.0,50.048073,0.5229918,0.0,1.5561266,0.0,0.0,0.0,25.0,3
8,13,2,0,25.0,50.027363,0.52587134,0.0,1.7385572,0.0,0.0,0.0,25.0,3
8,14,2,0,25.0,50.015717,0.71410173,0.0,2.0969346,0.0,0.0,1.0,25.0,3
8,15,2,0,24.896366,50.54255,0.7034479,2.7670887,4.526718,0.0,0.0,1.0,24.88889,3
8,16,2,0,22.933361,56.665043,0.7257387,1.7160194,5.966691,0.0,0.0,1.0,22.777779,3
8,17,2,0,22.782843,57.047928,0.7568534,0.0,4.6617193,0.0,0.0,1.0,22.777779,3
8,18,2,0,22.777855,56.987957,0.5645132,0.41138408,3.882194,0.0,0.0,0.0,22.777779,3
8,19,2,0,22.777779,56.746807,0.5673927,0.0,3.0261998,0.0,0.0,0.0,22.777779,3
8,20,2,0,22.999138,55.85092,0.53450984,0.41138592,2.634988,0.0,0.0,0.0,23.0,3
8,21,2,0,24.44184,51.178143,0.5330701,0.0,1.3725088,0.0,0.0,0.0,24.444445,3
8,22,2,0,24.555084,50.819233,0.53163034,0.0,1.5605054,0.0,0.0,0.0,24.555555,3
8,23,2,0,22.807575,56.344578,0.52875084,0.0,2.9908383,0.0,0.0,0.0,22.777779,3
8,24,2,0,22.778269,56.41289,0.5244316,0.0,2.6809423,0.0,0.0,1.0,22.777779,3
8,1,3,0,22.777788,56.42147,0.5229918,0.0,2.2385619,0.0,0.0,1.0,22.777779,3
8,2,3,0,22.777779,56.43193,0.521552,0.0,1.9782331,0.0,0.0,1.0,22.777779,3
8,3,3,0,22.777779,56.470695,0.5201123,0.0,1.8187852,0.0,0.0,1.0,22.777779,3
8,4,3,0,22.777779,56.55629,0.5186725,0.0,1.7266852,0.0,0.0,1.0,22.777779,3
8,5,3,0,22.777779,56.577934,0.5172328,0.0,1.616028,0.0,0.0,1.0,22.777779,3
8,6,3,0,22.777779,56.587704,0.5172328,0.0,1.5482082,0.0,0.0,1.0,22.777779,3
8,7,3,0,22.777779,56.59625,0.5201123,0.0,1.5675317,0.0,0.0,1.0,22.777779,3
8,8,3,0,23.636791,54.26486,0.7064642,3.9780724,4.02131,0.0,0.0,1.0,23.666666,3
8,9,3,0,24.996626,50.132866,0.713715,0.0,0.6967648,0.0,0.0,1.0,25.0,3
8,10,3,0,24.999996,50.166023,0.5244316,0.0,1.0626944,0.0,0.0,0.0,25.0,3
8,11,3,0,25.0,50.18236,0.5229918,0.0,1.4672493,0.0,0.0,0.0,25.0,3
8,12,3,0,25.0,50.188675,0.5229918,0.41262224,1.6480699,0.0,0.0,0.0,25.0,3
8,13,3,0,25.0,50.142345,0.52587134,0.82524157,1.801285,0.0,0.0,0.0,25.0,3
8,14,3,0,25.0,50.10577,0.52587134,0.8252242,2.004915,0.0,0.0,0.0,25.0,3
8,15,3,0,25.0,50.04404,0.52587134,0.0,2.1944594,0.0,0.0,0.0,25.0,3
8,16,3,0,24.27903,52.036633,0.5244316,0.0,3.1400204,0.0,0.0,0.0,24.222221,3
8,17,3,0,22.835331,56.429394,0.52875084,0.0,5.012364,0.0,0.0,0.0,22.777779,3
8,18,3,0,22.77873,56.38836,0.5645132,0.0,4.121101,0.0,0.0,0.0,22.777779,3
8,19,3,0,22.777784,56.161407,0.5673927,0.0,3.145388,0.0,0.0,0.0,22.777779,3
8,20,3,0,23.77744,52.829903,0.8511853,0.0,2.115377,0.0,0.0,1.0,23.777779,3
8,21,3,0,24.221535,51.403587,0.5330701,0.0,1.7467687,0.0,0.0,0.0,24.222221,3
8,22,3,0,22.800823,55.838,0.53163034,0.0,3.071612,0.0,0.0,0.0,22.777779,3
8,23,3,0,22.778097,55.827614,0.52875084,0.0,2.7567592,0.0,0.0,0.0,22.777779,3
8,24,3,0,22.777784,55.816437,0.5244316,0.0,2.3680148,0.0,0.0,0.0,22.777779,3
8,1,4,0,22.777779,55.87304,0.5229918,0.0,2.1261735,0.0,0.0,1.0,22.777779,3
8,2,4,0,22.777779,55.93886,0.521552,0.0,1.9180311,0.0,0.0,1.0,22.777779,3
8,3,4,0,22.777779,55.973766,0.5201123,0.0,1.8022496,0.0,0.0,1.0,22.777779,3
8,4,4,0,22.777779,56.01487,0.5186725,0.0,1.6970462,0.0,0.0,1.0,22.777779,3
8,5,4,0,22.777779,56.044216,0.5172328,0.0,1.5996516,0.0,0.0,1.0,22.777779,3
8,6,4,0,22.777779,56.038765,0.5172328,0.0,1.5231237,0.0,0.0,1.0,22.777779,3
8,7,4,0,22.777779,56.063965,0.5201123,0.0,1.5610939,0.0,0.0,1.0,22.777779,3
8,8,4,0,22.777779,56.084335,0.5229918,0.0,1.6562591,0.0,0.0,1.0,22.777779,3
8,9,4,0,22.777779,56.106537,0.5244316,0.0,1.9027389,0.0,0.0,1.0,22.777779,3
8,10,4,0,24.053883,52.037716,0.5244316,0.0,1.3136966,0.0,0.0,1.0,24.055555,3
8,11,4,0,23.391567,54.145683,0.5229918,0.0,2.2111707,0.0,0.0,1.0,23.38889,3
8,12,4,0,22.781448,56.107628,0.704244,0.0,3.021956,0.0,0.0,1.0,22.777779,3
8,13,4,0,22.777811,56.08685,0.71401113,0.0,2.907525,0.0,0.0,1.0,22.777779,3
8,14,4,0,24.770956,49.794003,0.52587134,0.0,1.1744964,0.0,0.0,0.0,24.777779,3
8,15,4,0,23.416636,53.94468,0.52587134,0.0,2.8621788,0.0,0.0,0.0,23.333334,3
8,16,4,0,22.874073,55.646255,0.7257387,0.0,3.899759,0.0,0.0,1.0,22.777779,3
8,17,4,0,22.781382,55.998173,0.52875084,0.82777965,4.1858306,0.0,0.0,0.0,22.777779,3
8,18,4,0,22.777834,56.10307,0.84888405,0.0,3.9361563,0.0,0.0,1.0,22.777779,3
8,19,4,0,24.496231,50.58839,0.5673927,0.0,1.5210189,0.0,0.0,0.0,24.5,3
8,20,4,0,24.999987,49.08125,0.53450984,0.0,1.314689,0.0,0.0,0.0,25.0,3
8,21,4,0,25.0,49.030636,0.5330701,0.0,1.5698285,0.0,0.0,0.0,25.0,3
8,22,4,0,25.0,49.097397,0.53163034,0.0,1.6870849,0.0,0.0,0.0,25.0,3
8,23,4,0,24.89031,49.47992,0.76113343,0.0,1.8791579,0.0,0.0,1.0,24.88889,3
8,24,4,0,22.870832,56.129337,0.5244316,2.4010446,5.2335324,0.0,0.0,0.0,22.777779,3
8,1,5,0,22.780159,56.37715,0.5229918,0.0,2.6574657,0.0,0.0,1.0,22.777779,3
8,2,5,0,22.777842,56.356194,0.521552,0.0,2.101827,0.0,0.0,1.0,22.777779,3
8,3,5,0,22.777779,56.3782,0.5201123,0.4152223,1.8973306,0.0,0.0,1.0,22.777779,3
8,4,5,0,22.777779,56.36828,1.6139123,0.0,2.1650624,0.0,0.0,1.0,22.777779,3
8,5,5,0,22.777779,56.263935,0.45285317,3.7763329,1.6097125,0.0,0.0,1.0,22.777779,3
8,6,5,0,22.777779,56.566174,4.722794,5.8323617,1.9182523,0.0,0.0,1.0,22.777779,3
8,7,5,0,22.777779,56.750454,0.6135978,0.22432557,1.6325423,0.0,0.0,1.0,22.777779,3
8,8,5,0,22.777779,56.886642,0.7064642,1.9440728,1.8176597,0.0,0.0,1.0,22.777779,3
8,9,5,0,22.777779,56.990234,0.5244316,0.0,1.9891363,0.0,0.0,0.0,22.777779,3
8,10,5,0,22.777779,57.00971,0.5244316,0.0,2.3228915,0.0,0.0,0.0,22.777779,3
8,11,5,0,22.777779,56.89006,0.5229918,0.0,2.3368235,0.0,0.0,0.0,22.777779,3
8,12,5,0,23.721548,53.710896,0.5229918,0.0,1.6076363,0.0,0.0,0.0,23.722221,3
8,13,5,0,22.839212,56.460907,0.52587134,0.0,2.6037252,0.0,0.0,0.0,22.833334,3
8,14,5,0,22.77852,56.513493,0.52587134,0.0,2.8220918,0.0,0.0,0.0,22.777779,3
8,15,5,0,22.777798,56.329678,0.52587134,0.0,2.9903898,0.0,0.0,0.0,22.777779,3
8,16,5,0,22.777779,56.058746,0.5244316,0.0,3.1445107,0.0,0.0,0.0,22.777779,3
8,17,5,0,22.777779,55.94417,0.7568534,0.0,3.8736882,0.0,0.0,1.0,22.777779,3
8,18,5,0,22.777779,55.868214,0.84888405,0.0,3.6732583,0.0,0.0,1.0,22.777779,3
8,19,5,0,22.777779,55.696827,0.5673927,0.0,2.9427454,0.0,0.0,0.0,22.777779,3
8,20,5,0,22.777779,55.563766,0.53450984,0.0,2.6629736,0.0,0.0,0.0,22.777779,3
8,21,5,0,22.777779,55.551155,0.870051,0.83046,2.8899276,0.0,0.0,1.0,22.777779,3
8,22,5,0,22.777779,55.645718,0.53163034,0.41523385,2.6172209,0.0,0.0,1.0,22.777779,3
8,23,5,0,22.777779,55.650677,0.52875084,0.0,2.3532012,0.0,0.0,1.0,22.777779,3
8,24,5,0,22.777779,55.668716,0.5244316,0.0,2.1541398,0.0,0.0,1.0,22.777779,3
8,1,6,0,22.777779,55.75276,0.5229918,0.0,1.9695474,0.0,0.0,1.0,22.777779,3
8,2,6,0,22.777779,55.847176,0.521552,0.0,1.8019173,0.0,0.0,1.0,22.777779,3
8,3,6,0,22.777779,55.976513,0.5201123,0.0,1.7165242,0.0,0.0,1.0,22.777779,3
8,4,6,0,22.777779,56.18581,0.5186725,0.0,1.6076188,0.0,0.0,1.0,22.777779,3
8,5,6,0,22.777779,56.280594,0.5172328,0.0,1.5540286,0.0,0.0,1.0,22.777779,3
8,6,6,0,22.777779,56.368347,0.5172328,0.0,1.5081465,0.0,0.0,1.0,22.777779,3
8,7,6,0,22.777779,56.448566,0.5201123,0.0,1.501637,0.0,0.0,1.0,22.777779,3
8,8,6,0,22.777779,56.534058,0.5229918,0.0,1.607831,0.0,0.0,1.0,22.777779,3
8,9,6,0,22.777779,56.613544,0.5244316,0.0,1.7771138,0.0,0.0,1.0,22.777779,3
8,10,6,0,22.777779,56.609257,0.5244316,0.0,2.1078167,0.0,0.0,0.0,22.777779,3
8,11,6,0,22.777779,56.567307,0.5229918,0.0,2.2869158,0.0,0.0,0.0,22.777779,3
8,12,6,0,22.777779,56.49831,0.5229918,0.0,2.2963264,0.0,0.0,0.0,22.777779,3
8,13,6,0,22.777779,56.460697,0.52587134,0.0,2.3441877,0.0,0.0,0.0,22.777779,3
8,14,6,0,22.777779,56.404438,0.52587134,0.0,2.564828,0.0,0.0,0.0,22.777779,3
8,15,6,0,22.777779,56.316643,0.52587134,0.0,2.787048,0.0,0.0,0.0,22.777779,3
8,16,6,0,22.777779,56.14731,0.5244316,0.0,3.0464032,0.0,0.0,0.0,22.777779,3
8,17,6,0,22.777779,56.078995,0.52875084,0.0,3.5807948,0.0,0.0,0.0,22.777779,3
8,18,6,0,22.777779,56.066376,0.5645132,0.0,3.3464549,0.0,0.0,0.0,22.777779,3
8,19,6,0,22.777779,55.955975,0.5673927,0.0,2.7750878,0.0,0.0,1.0,22.777779,3
8,20,6,0,24.440722,50.671494,0.53450984,0.0,1.3161567,0.0,0.0,1.0,24.444445,3
8,21,6,0,24.999863,49.189545,0.5330701,0.0,1.274118,0.0,0.0,1.0,25.0,3
8,22,6,0,25.0,49.25493,0.53163034,0.0,1.4903356,0.0,0.0,1.0,25.0,3
8,23,6,0,25.0,49.312622,0.52875084,0.0,1.5422078,0.0,0.0,1.0,25.0,3
8,24,6,0,25.0,49.405136,0.5244316,0.0,1.4800707,0.0,0.0,1.0,25.0,3
8,1,7,0,25.0,49.454933,0.5229918,0.0,1.3510034,0.0,0.0,1.0,25.0,3
8,2,7,0,23.809057,53.162125,0.521552,0.0,2.170122,0.0,0.0,1.0,23.777779,3
8,3,7,0,22.81752,56.42861,0.5201123,0.0,2.7231488,0.0,0.0,1.0,22.777779,3
8,4,7,0,22.780003,56.63299,0.5186725,0.0,2.1310437,0.0,0.0,1.0,22.777779,3
8,5,7,0,22.777884,56.68798,0.5172328,0.0,1.7816248,0.0,0.0,0.0,22.777779,3
8,6,7,0,22.777782,56.665047,0.5172328,0.0,1.6106255,0.0,0.0,0.0,22.777779,3
8,7,7,0,22.777779,56.65448,0.5201123,0.0,1.5843037,0.0,0.0,0.0,22.777779,3
8,8,7,0,22.777779,56.860405,0.7064642,1.3683145,2.8006787,0.0,0.0,1.0,22.777779,3
8,9,7,0,22.777779,56.860157,0.713715,0.0,1.9775811,0.0,0.0,1.0,22.777779,3
8,10,7,0,22.777779,57.181908,0.7037941,3.036942,4.582514,0.0,0.0,1.0,22.777779,3
8,11,7,0,22.777779,57.103134,0.5229918,0.0,2.3310773,0.0,0.0,0.0,22.777779,3
8,12,7,0,22.777779,57.033863,0.5229918,0.0,2.3826613,0.0,0.0,0.0,22.777779,3
8,13,7,0,22.777779,56.96167,0.52587134,2.0899963,2.7716877,0.0,0.0,0.0,22.777779,3
8,14,7,0,22.777779,56.814415,0.52587134,0.0,2.5839143,0.0,0.0,0.0,22.777779,3
8,15,7,0,22.777779,56.64647,0.52587134,0.0,2.866391,0.0,0.0,0.0,22.777779,3
8,16,7,0,22.777779,56.364742,0.5244316,0.0,3.0115504,0.0,0.0,0.0,22.777779,3
8,17,7,0,22.777779,56.274334,0.52875084,0.0,3.6012626,0.0,0.0,0.0,22.777779,3
8,18,7,0,22.777779,56.186382,0.5645132,0.0,3.4135194,0.0,0.0,0.0,22.777779,3
8,19,7,0,22.777779,56.010746,0.5673927,0.0,2.7365086,0.0,0.0,0.0,22.777779,3
8,20,7,0,22.777779,56.069324,0.53450984,0.0,2.6937683,0.0,0.0,0.0,22.777779,3
8,21,7,0,22.777779,56.09001,0.870051,0.0,2.683957,0.0,0.0,1.0,22.777779,3
8,22,7,0,22.777779,56.137493,0.8966348,0.0,2.602923,0.0,0.0,1.0,22.777779,3
8,23,7,0,22.777779,56.18767,0.52875084,0.0,2.276585,0.0,0.0,1.0,22.777779,3
8,24,7,0,22.777779,56.250374,0.5244316,0.0,2.1072884,0.0,0.0,1.0,22.777779,3
8,1,1,0,22.777779,56.33144,0.5229918,0.0,1.9237696,0.0,0.0,1.0,22.777779,3
8,2,1,0,22.777779,56.426064,0.521552,0.0,1.7511247,0.0,0.0,1.0,22.777779,3
8,3,1,0,22.777779,56.527138,0.5201123,0.0,1.6645015,0.0,0.0,1.0,22.777779,3
8,4,1,0,22.777779,56.618782,0.5186725,0.0,1.601385,0.0,0.0,1.0,22.777779,3
8,5,1,0,22.777779,56.670048,0.5172328,0.0,1.5196384,0.0,0.0,1.0,22.777779,3
8,6,1,0,22.777779,56.721222,0.5172328,0.0,1.489661,0.0,0.0,1.0,22.777779,3
8,7,1,0,22.777779,56.79098,0.5201123,0.0,1.4954408,0.0,0.0,1.0,22.777779,3
8,8,1,0,22.777779,56.82386,0.5229918,0.0,1.5972257,0.0,0.0,1.0,22.777779,3
8,9,1,0,22.777779,56.870083,0.713715,0.0,1.934052,0.0,0.0,1.0,22.777779,3
8,10,1,0,22.777779,56.962345,0.7037941,0.0,2.2617009,0.0,0.0,1.0,22.777779,3
8,11,1,0,22.777779,56.93523,0.6983477,0.0,2.382812,0.0,0.0,1.0,22.777779,3
8,12,1,0,22.88844,56.571457,0.704244,0.0,2.4364233,0.0,0.0,1.0,22.88889,3
8,13,1,0,24.993017,50.00969,0.52587134,1.2584629,0.90302813,0.0,0.0,0.0,25.0,3
8,14,1,0,24.999954,50.034706,0.52587134,0.0,1.2990443,0.0,0.0,0.0,25.0,3
8,15,1,0,25.0,50.034214,0.52587134,0.0,1.8627738,0.0,0.0,0.0,25.0,3
8,16,1,0,25.0,49.987568,0.5244316,0.0,2.2827096,0.0,0.0,0.0,25.0,3
8,17,1,0,23.040186,56.085835,0.52875084,0.0,4.6874037,0.0,0.0,0.0,22.944445,3
8,18,1,0,22.784428,56.955135,0.5645132,0.0,4.302013,0.0,0.0,0.0,22.777779,3
8,19,1,0,22.777851,56.80646,0.5673927,0.0,3.1725118,0.0,0.0,0.0,22.777779,3
8,20,1,0,22.777779,56.76827,0.53450984,0.0,2.940824,0.0,0.0,0.0,22.777779,3
8,21,1,0,22.777779,56.705357,0.5330701,0.0,2.680165,0.0,0.0,1.0,22.777779,3
8,22,1,0,22.777779,56.785725,0.53163034,0.0,2.503775,0.0,0.0,1.0,22.777779,3
8,23,1,0,22.777779,56.877342,0.52875084,0.0,2.3027399,0.0,0.0,1.0,22.777779,3
8,24,1,0,22.777779,56.903572,0.5244316,0.0,2.109433,0.0,0.0,1.0,22.777779,3
8,1,2,0,22.777779,56.951817,0.5229918,0.0,1.9227693,0.0,0.0,1.0,22.777779,3
8,2,2,0,22.777779,57.10749,0.521552,0.0,1.8075297,0.0,0.0,1.0,22.777779,3
8,3,2,0,22.777779,57.270668,0.5201123,0.0,1.7277538,0.0,0.0,1.0,22.777779,3
8,4,2,0,22.777779,57.54619,0.5186725,0.0,1.6690049,0.0,0.0,1.0,22.777779,3
8,5,2,0,22.777779,57.567867,0.5172328,0.0,1.5808007,0.0,0.0,1.0,22.777779,3
8,6,2,0,22.777779,57.805706,0.49557614,2.0759783,3.0522046,0.0,0.0,1.0,22.777779,3
8,7,2,0,22.777779,57.77124,0.6135978,0.0,1.5636374,0.0,0.0,1.0,22.777779,3
8,8,2,0,23.775385,54.51658,0.7064642,0.0,0.89987713,0.0,0.0,1.0,23.777779,3
8,9,2,0,24.99657,50.789654,0.5244316,0.0,0.5600025,0.0,0.0,0.0,25.0,3
8,10,2,0,24.999994,50.814224,0.5244316,0.42100596,1.2222658,0.0,0.0,0.0,25.0,3
8,11,2,0,25.0,50.86127,0.5229918,2.5259626,1.7726641,0.0,0.0,0.0,25.0,3
8,12,2,0,25.0,50.801178,0.5229918,0.42100605,1.7256924,0.0,0.0,0.0,25.0,3
8,13,2,0,25.0,50.74089,0.52587134,0.0,1.7545756,0.0,0.0,0.0,25.0,3
8,14,2,0,25.0,50.65167,0.52587134,0.0,1.9692876,0.0,0.0,0.0,25.0,3
8,15,2,0,25.0,50.505344,0.52587134,0.0,2.2095423,0.0,0.0,0.0,25.0,3
8,16,2,0,22.983038,56.564346,0.5244316,0.0,4.306453,0.0,0.0,0.0,22.88889,3
8,17,2,0,22.792393,56.946777,0.52875084,0.0,4.5366054,0.0,0.0,0.0,22.777779,3
8,18,2,0,22.777924,56.729073,0.5645132,0.0,3.863066,0.0,0.0,0.0,22.777779,3
8,19,2,0,22.777779,56.651012,0.5673927,0.0,2.9579968,0.0,0.0,0.0,22.777779,3
8,20,2,0,22.777779,56.56678,0.53450984,0.0,2.6367848,0.0,0.0,0.0,22.777779,3
8,21,2,0,22.777779,56.49481,0.5330701,0.0,2.520279,0.0,0.0,0.0,22.777779,3
8,22,2,0,22.777779,57.25246,4.7787085,0.0,3.4414372,0.0,0.0,1.0,22.777779,3
8,23,2,0,22.777779,57.878498,4.643207,0.0,3.3637297,0.0,0.0,1.0,22.777779,3
8,24,2,0,22.777779,57.735672,0.5244316,0.0,2.3208914,0.0,0.0,1.0,22.777779,3
8,1,3,0,22.777779,57.753685,0.5229918,0.0,2.032731,0.0,0.0,1.0,22.777779,3
8,2,3,0,22.777779,57.751312,0.521552,0.0,1.8254962,0.0,0.0,1.0,22.777779,3
8,3,3,0,22.777779,57.69231,0.5201123,0.0,1.7045124,0.0,0.0,1.0,22.777779,3
8,4,3,0,22.777779,57.678448,0.5186725,0.0,1.624736,0.0,0.0,1.0,22.777779,3
8,5,3,0,22.777779,57.658024,0.5172328,0.0,1.5548717,0.0,0.0,1.0,22.777779,3
8,6,3,0,22.777779,57.64333,0.5172328,0.0,1.516288,0.0,0.0,1.0,22.777779,3
8,7,3,0,22.777779,57.628384,0.5201123,0.0,1.534988,0.0,0.0,1.0,22.777779,3
8,8,3,0,23.331446,55.81656,0.5229918,0.0,1.1962334,0.0,0.0,1.0,23.333334,3
8,9,3,0,24.994944,50.66799,0.5244316,0.0,0.5678911,0.0,0.0,1.0,25.0,3
8,10,3,0,24.999994,50.70616,0.5244316,0.0,1.2592778,0.0,0.0,1.0,25.0,3
8,11,3,0,25.0,50.709362,0.5229918,0.0,1.5112044,0.0,0.0,1.0,25.0,3
8,12,3,0,25.0,50.698334,0.5229918,0.0,1.7101802,0.0,0.0,1.0,25.0,3
8,13,3,0,25.0,50.652332,0.52587134,0.0,1.8969052,0.0,0.0,1.0,25.0,3
8,14,3,0,25.0,50.58619,0.52587134,0.0,2.1847374,0.0,0.0,1.0,25.0,3
8,15,3,0,25.0,50.47555,0.52587134,0.0,2.3430772,0.0,0.0,1.0,25.0,3
8,16,3,0,24.227413,52.71232,0.5244316,0.0,3.1259902,0.0,0.0,1.0,24.222221,3
8,17,3,0,22.842482,57.37827,0.7568534,0.0,4.66149,0.0,0.0,1.0,22.777779,3
8,18,3,0,22.778784,57.756126,0.5645132,0.0,3.844137,0.0,0.0,0.0,22.777779,3
8,19,3,0,22.777782,57.701653,0.5673927,0.0,2.9537067,0.0,0.0,1.0,22.777779,3
8,20,3,0,22.777779,57.563816,0.53450984,0.0,2.5997014,0.0,0.0,1.0,22.777779,3
8,21,3,0,22.777779,57.526134,0.5330701,1.6901165,2.6594584,0.0,0.0,1.0,22.777779,3
8,22,3,0,22.777779,57.482433,0.53163034,0.0,2.294185,0.0,0.0,1.0,22.777779,3
8,23,3,0,22.777779,57.378063,0.52875084,0.0,2.1248024,0.0,0.0,1.0,22.777779,3
8,24,3,0,22.777779,57.33545,0.5244316,0.0,1.9732234,0.0,0.0,1.0,22.777779,3
8,1,4,0,22.777779,57.326366,0.5229918,0.0,1.8223906,0.0,0.0,1.0,22.777779,3
8,2,4,0,22.777779,57.32257,0.521552,0.0,1.701447,0.0,0.0,1.0,22.777779,3
8,3,4,0,22.777779,57.308582,0.5201123,0.0,1.6335747,0.0,0.0,1.0,22.777779,3
8,4,4,0,22.777779,57.278976,0.5186725,0.0,1.5587004,0.0,0.0,1.0,22.777779,3
8,5,4,0,22.777779,57.240837,0.5172328,0.0,1.5298107,0.0,0.0,1.0,22.777779,3
8,6,4,0,22.777779,57.18801,0.49557614,0.0,1.4688377,0.0,0.0,1.0,22.777779,3
8,7,4,0,22.777779,57.366085,0.6135978,2.5074894,3.4021275,0.0,0.0,1.0,22.777779,3
8,8,4,0,22.777779,57.39461,0.7064642,0.9907971,2.4517484,0.0,0.0,1.0,22.777779,3
8,9,4,0,22.777779,57.35433,0.713715,0.0,1.9244468,0.0,0.0,1.0,22.777779,3
8,10,4,0,22.777779,57.29712,0.7037941,0.0,2.1647763,0.0,0.0,1.0,22.777779,3
8,11,4,0,24.385555,52.099655,0.5229918,0.84831315,1.0879023,0.0,0.0,0.0,24.38889,3
8,12,4,0,24.944199,50.431847,0.5229918,0.0,0.97961545,0.0,0.0,0.0,24.944445,3
8,13,4,0,22.81635,57.13522,0.52587134,0.0,2.8952487,0.0,0.0,0.0,22.777779,3
8,14,4,0,22.77819,56.941017,0.52587134,0.84829557,3.1469295,0.0,0.0,0.0,22.777779,3
8,15,4,0,22.777788,56.784023,0.52587134,0.0,2.9455771,0.0,0.0,0.0,22.777779,3
8,16,4,0,22.777779,56.55796,0.5244316,0.0,3.0484421,0.0,0.0,0.0,22.777779,3
8,17,4,0,22.777779,56.59524,0.52875084,0.0,3.3582568,0.0,0.0,0.0,22.777779,3
8,18,4,0,22.777779,56.55794,0.5645132,0.0,3.2788415,0.0,0.0,0.0,22.777779,3
8,19,4,0,22.777779,56.33245,0.5673927,0.0,2.6783204,0.0,0.0,0.0,22.777779,3
8,20,4,0,22.777779,56.263687,0.53450984,0.0,2.5673099,0.0,0.0,0.0,22.777779,3
8,21,4,0,22.777779,56.227108,0.5330701,0.0,2.4340725,0.0,0.0,0.0,22.777779,3
8,22,4,0,22.777779,56.1631,0.53163034,0.0,2.3330708,0.0,0.0,0.0,22.777779,3
8,23,4,0,22.777779,56.106186,0.52875084,0.0,2.1573663,0.0,0.0,0.0,22.777779,3
8,24,4,0,22.777779,56.075417,0.5244316,0.0,2.0235572,0.0,0.0,0.0,22.777779,3
8,1,5,0,22.777779,56.10616,0.5230146,0.0,1.9112542,0.0,0.0,1.0,22.777779,3
8,2,5,0,22.777779,56.137505,0.521552,0.0,1.7545539,0.0,0.0,1.0,22.777779,3
8,3,5,0,22.777779,56.146175,0.5201123,0.0,1.6721276,0.0,0.0,1.0,22.777779,3
8,4,5,0,22.777779,56.149593,0.5186725,0.0,1.5837713,0.0,0.0,1.0,22.777779,3
8,5,5,0,22.777779,56.116474,0.5172328,0.0,1.5256858,0.0,0.0,1.0,22.777779,3
8,6,5,0,22.777779,56.074707,0.5172328,0.85159785,1.5915242,0.0,0.0,1.0,22.777779,3
8,7,5,0,22.777779,56.04759,0.5201123,0.0,1.5148578,0.0,0.0,1.0,22.777779,3
8,8,5,0,22.777779,56.0658,0.5229918,0.0,1.608735,0.0,0.0,1.0,22.777779,3
8,9,5,0,22.777779,56.098656,0.5244316,0.0,1.7870948,0.0,0.0,1.0,22.777779,3
8,10,5,0,22.777779,56.113796,0.5244316,0.0,2.1712306,0.0,0.0,1.0,22.777779,3
8,11,5,0,22.777779,56.163746,0.5229918,0.0,2.268884,0.0,0.0,1.0,22.777779,3
8,12,5,0,22.943962,55.654728,0.5229918,0.0,2.1471243,0.0,0.0,1.0,22.944445,3
8,13,5,0,22.779362,56.193134,0.52587134,0.0,2.4692206,0.0,0.0,0.0,22.777779,3
8,14,5,0,22.777803,56.143982,0.52587134,0.0,2.6403682,0.0,0.0,0.0,22.777779,3
8,15,5,0,22.777779,56.07211,0.7034479,0.0,2.9692469,0.0,0.0,1.0,22.777779,3
8,16,5,0,22.777779,55.93415,0.7257387,0.0,3.248837,0.0,0.0,1.0,22.777779,3
8,17,5,0,22.777779,56.202244,0.7568534,1.6701552,4.841987,0.0,0.0,1.0,22.777779,3
8,18,5,0,22.777779,56.162003,0.5645132,0.0,3.304881,0.0,0.0,0.0,22.777779,3
8,19,5,0,22.777779,56.015408,0.5673927,0.42579967,2.7538135,0.0,0.0,0.0,22.777779,3
8,20,5,0,22.777779,55.893066,0.53450984,0.0,2.552426,0.0,0.0,0.0,22.777779,3
8,21,5,0,22.777779,55.809837,0.5330701,0.0,2.436552,0.0,0.0,0.0,22.777779,3
8,22,5,0,22.777779,55.814575,0.53163034,0.0,2.3221855,0.0,0.0,1.0,22.777779,3
8,23,5,0,22.777779,55.885086,0.52875084,0.0,2.2283251,0.0,0.0,1.0,22.777779,3
8,24,5,0,22.777779,55.94677,0.5244316,0.0,2.0910144,0.0,0.0,1.0,22.777779,3
9,1,6,0,22.777779,55.975925,0.5229918,0.0,1.881099,0.0,0.0,1.0,22.777779,3
9,2,6,0,22.777779,56.02355,0.521552,0.0,1.7356212,0.0,0.0,1.0,22.777779,3
9,3,6,0,22.777779,56.137936,0.5201123,0.0,1.6405354,0.0,0.0,1.0,22.777779,3
9,4,6,0,22.777779,56.17719,0.5186725,0.0,1.5579894,0.0,0.0,1.0,22.777779,3
9,5,6,0,22.777779,56.18404,0.5172328,0.0,1.4944022,0.0,0.0,1.0,22.777779,3
9,6,6,0,22.777779,56.784065,3.3640869,0.0,2.0500495,0.0,0.0,1.0,22.777779,3
9,7,6,0,22.777779,57.228775,1.1378436,0.0,1.6803175,0.0,0.0,1.0,22.777779,3
9,8,6,0,22.777779,57.33964,0.71443516,1.8361379,3.048744,0.0,0.0,1.0,22.777779,3
9,9,6,0,22.777779,57.317883,0.7238193,0.0,1.8947873,0.0,0.0,1.0,22.777779,3
9,10,6,0,22.777779,57.227894,0.71581006,0.0,2.1816165,0.0,0.0,1.0,22.777779,3
9,11,6,0,22.777779,57.161037,0.5229918,0.4274846,2.2497802,0.0,0.0,0.0,22.777779,3
9,12,6,0,22.777779,57.087982,0.5229918,0.0,2.1889327,0.0,0.0,0.0,22.777779,3
9,13,6,0,22.94287,56.112816,0.72576654,12.713592,5.425489,0.0,0.0,1.0,22.944445,3
9,14,6,0,24.990578,49.7404,0.52587134,0.0,0.820324,0.0,0.0,0.0,25.0,3
9,15,6,0,24.999847,49.703266,0.52587134,0.0,1.4190712,0.0,0.0,0.0,25.0,3
9,16,6,0,25.0,49.643402,0.5244316,0.0,1.9934859,0.0,0.0,1.0,25.0,3
9,17,6,0,23.813776,53.333046,0.7700736,0.0,3.8013532,0.0,0.0,1.0,23.777779,3
9,18,6,0,22.799068,56.564255,0.5645132,0.0,4.3588076,0.0,0.0,0.0,22.777779,3
9,19,6,0,24.331203,51.56368,0.9092485,0.0,1.9844434,0.0,0.0,1.0,24.333334,3
9,20,6,0,24.995758,49.399464,0.8915917,11.45795,4.4409976,0.0,0.0,1.0,25.0,3
9,21,6,0,23.628538,53.52923,0.5330701,0.0,2.7521622,0.0,0.0,0.0,23.61111,3
9,22,6,0,22.791912,56.18661,0.53163034,0.0,3.2422485,0.0,0.0,0.0,22.777779,3
9,23,6,0,22.778004,56.25622,0.52875084,0.0,2.6612647,0.0,0.0,0.0,22.777779,3
9,24,6,0,22.777782,56.26288,0.5244316,0.0,2.3245168,0.0,0.0,1.0,22.777779,3
9,1,7,0,22.777779,56.346092,0.5229918,0.0,2.0920799,0.0,0.0,1.0,22.777779,3
9,2,7,0,22.777779,56.430954,0.521552,0.0,1.8877116,0.0,0.0,1.0,22.777779,3
9,3,7,0,22.777779,56.526917,0.5201123,0.0,1.7606432,0.0,0.0,1.0,22.777779,3
9,4,7,0,22.777779,56.58128,0.5186725,0.0,1.6637303,0.0,0.0,1.0,22.777779,3
9,5,7,0,22.777779,56.58572,0.5172328,0.0,1.5859942,0.0,0.0,1.0,22.777779,3
9,6,7,0,22.777779,56.5443,0.5172328,0.0,1.5115931,0.0,0.0,1.0,22.777779,3
9,7,7,0,22.777779,56.527023,0.5201123,0.0,1.5180117,0.0,0.0,1.0,22.777779,3
9,8,7,0,22.777779,56.55979,0.71443516,0.0,1.7098055,0.0,0.0,1.0,22.777779,3
9,9,7,0,22.777779,56.588776,0.7238193,0.0,1.9242088,0.0,0.0,1.0,22.777779,3
9,10,7,0,22.777779,56.852802,0.71581006,2.42462,4.0354795,0.0,0.0,1.0,22.777779,3
9,11,7,0,22.777779,56.812355,0.7102384,0.0,2.3924654,0.0,0.0,1.0,22.777779,3
9,12,7,0,22.777779,56.78173,0.5229918,0.0,2.418673,0.0,0.0,0.0,22.777779,3
9,13,7,0,22.777779,56.76115,0.52587134,0.8584037,2.6086593,0.0,0.0,0.0,22.777779,3
9,14,7,0,24.274984,51.91069,0.52587134,0.0,1.2326238,0.0,0.0,0.0,24.277779,3
9,15,7,0,22.846035,56.434795,0.52587134,0.0,2.9556854,0.0,0.0,0.0,22.777779,3
9,16,7,0,22.778614,56.654064,0.5244316,0.0,2.8555489,0.0,0.0,0.0,22.777779,3
9,17,7,0,22.77779,57.03543,0.52875084,0.0,3.130671,0.0,0.0,0.0,22.777779,3
9,18,7,0,22.777779,57.32797,0.5645132,0.0,2.909521,0.0,0.0,0.0,22.777779,3
9,19,7,0,22.777779,57.20074,0.5673927,0.0,2.4050684,0.0,0.0,0.0,22.777779,3
9,20,7,0,22.777779,57.06599,0.53450984,0.0,2.2582366,0.0,0.0,0.0,22.777779,3
9,21,7,0,22.777779,57.22547,1.3563893,2.9283757,4.708581,0.0,0.0,1.0,22.777779,3
9,22,7,0,22.777779,57.161804,0.9328592,6.8380895,2.3633435,0.0,0.0,1.0,22.777779,3
9,23,7,0,22.777779,58.073013,16.622097,2.2201772,3.6183789,0.0,0.0,1.0,22.777779,3
9,24,7,0,22.777779,58.674576,0.5897157,0.0,2.081811,0.0,0.0,1.0,22.777779,3
9,1,1,0,22.777779,58.51549,0.5229918,0.0,1.8083822,0.0,0.0,1.0,22.777779,3
9,2,1,0,22.777779,58.455597,0.521552,0.0,1.623512,0.0,0.0,1.0,22.777779,3
9,3,1,0,22.777779,58.460617,0.5201123,0.0,1.5445226,0.0,0.0,1.0,22.777779,3
9,4,1,0,22.777779,58.360218,0.5186725,0.0,1.4837612,0.0,0.0,1.0,22.777779,3
9,5,1,0,22.777779,58.331924,0.5172328,0.0,1.4246507,0.0,0.0,1.0,22.777779,3
9,6,1,0,22.777779,58.2087,0.5172328,0.0,1.399056,0.0,0.0,1.0,22.777779,3
9,7,1,0,22.777779,58.10965,0.6202338,0.0,1.4414724,0.0,0.0,1.0,22.777779,3
9,8,1,0,22.777779,58.060284,0.5229918,0.0,1.449889,0.0,0.0,0.0,22.777779,3
9,9,1,0,22.777779,57.98467,0.5244316,0.0,1.5278383,0.0,0.0,0.0,22.777779,3
9,10,1,0,22.777779,57.907566,0.5244316,0.0,1.7991205,0.0,0.0,0.0,22.777779,3
9,11,1,0,22.777779,57.80238,0.5229918,0.0,2.045612,0.0,0.0,0.0,22.777779,3
9,12,1,0,22.777779,57.783768,0.71604496,0.8619499,2.308905,0.0,0.0,1.0,22.777779,3
9,13,1,0,22.777779,57.73,0.72576654,0.0,2.3091908,0.0,0.0,1.0,22.777779,3
9,14,1,0,22.777779,57.56068,0.52587134,0.0,1.8897107,0.0,0.0,0.0,22.777779,3
9,15,1,0,22.777779,57.537064,0.52587134,0.0,2.0095603,0.0,0.0,0.0,22.777779,3
9,16,1,0,22.777779,57.465,0.5244316,0.0,2.2371693,0.0,0.0,0.0,22.777779,3
9,17,1,0,22.777779,58.09602,0.52875084,0.43097952,2.365857,0.0,0.0,0.0,22.777779,3
9,18,1,0,22.777779,58.587475,0.5645132,0.0,2.065378,0.0,0.0,0.0,22.777779,3
9,19,1,0,22.777779,58.317802,0.5673927,0.0,1.8550972,0.0,0.0,0.0,22.777779,3
9,20,1,0,22.777779,58.151245,0.53450984,0.0,1.8249017,0.0,0.0,0.0,22.777779,3
9,21,1,0,22.777779,58.077568,0.5330701,0.0,1.801206,0.0,0.0,0.0,22.777779,3
9,22,1,0,23.321281,56.31223,0.9328592,1.5059829,2.606683,0.0,0.0,1.0,23.333334,3
9,23,1,0,22.793833,57.969215,0.7700295,0.0,1.9782497,0.0,0.0,1.0,22.777779,3
9,24,1,0,22.7783,58.046436,0.5244316,0.0,1.7564425,0.0,0.0,1.0,22.777779,3
9,1,2,0,22.777792,57.912693,0.5229918,0.0,1.546541,0.0,0.0,1.0,22.777779,3
9,2,2,0,22.777779,57.92978,0.521552,0.0,1.4182141,0.0,0.0,1.0,22.777779,3
9,3,2,0,22.777779,57.926727,0.5201123,0.0,1.3501787,0.0,0.0,1.0,22.777779,3
9,4,2,0,22.777779,57.90108,0.5186725,0.0,1.2841295,0.0,0.0,1.0,22.777779,3
9,5,2,0,22.777779,57.86627,0.5172328,0.0,1.2661918,0.0,0.0,1.0,22.777779,3
9,6,2,0,22.777779,57.862015,0.5172328,0.0,1.2530246,0.0,0.0,1.0,22.777779,3
9,7,2,0,22.777779,57.853813,0.6202338,0.0,1.2956848,0.0,0.0,1.0,22.777779,3
9,8,2,0,23.721838,54.764893,0.5229918,0.0,0.55746454,0.0,0.0,0.0,23.722221,3
9,9,2,0,24.993052,50.87235,0.5244316,0.0,0.29054534,0.0,0.0,0.0,25.0,3
9,10,2,0,24.999876,50.81016,0.5244316,0.0,0.50483674,0.0,0.0,0.0,25.0,3
9,11,2,0,25.0,50.82027,0.5229918,0.0,0.78545177,0.0,0.0,0.0,25.0,3
9,12,2,0,25.0,50.872845,0.5229918,0.0,1.087584,0.0,0.0,0.0,25.0,3
9,13,2,0,25.0,50.893383,0.52587134,0.0,1.3255695,0.0,0.0,0.0,25.0,3
9,14,2,0,25.0,50.90461,0.52587134,0.0,1.4903197,0.0,0.0,0.0,25.0,3
9,15,2,0,25.0,50.880722,0.52587134,0.0,1.6679566,0.0,0.0,0.0,25.0,3
9,16,2,0,24.613668,51.96197,0.5244316,0.0,1.9025124,0.0,0.0,0.0,24.61111,3
9,17,2,0,22.81427,58.306236,0.52875084,0.0,3.476146,0.0,0.0,0.0,22.777779,3
9,18,2,0,22.77821,59.093033,0.5645132,0.0,2.999987,0.0,0.0,0.0,22.777779,3
9,19,2,0,24.439932,53.390602,0.5673927,0.0,1.0179944,0.0,0.0,0.0,24.444445,3
9,20,2,0,22.803904,58.579136,0.53450984,1.2983153,2.522558,0.0,0.0,0.0,22.777779,3
9,21,2,0,22.778114,58.40715,0.91829336,0.0,2.487883,0.0,0.0,1.0,22.777779,3
9,22,2,0,22.777784,58.22388,0.9328592,0.0,2.267938,0.0,0.0,1.0,22.777779,3
9,23,2,0,22.777779,58.074745,0.52875084,0.0,1.9279417,0.0,0.0,1.0,22.777779,3
9,24,2,0,22.777779,57.9928,0.5244316,0.0,1.7713825,0.0,0.0,1.0,22.777779,3
9,1,3,0,22.777779,57.9542,0.5229918,0.0,1.6302538,0.0,0.0,1.0,22.777779,3
9,2,3,0,22.777779,57.865173,0.521552,0.0,1.4993259,0.0,0.0,1.0,22.777779,3
9,3,3,0,22.777779,57.865993,0.5201123,0.0,1.4200442,0.0,0.0,1.0,22.777779,3
9,4,3,0,22.777779,57.75821,0.5186725,0.0,1.3539784,0.0,0.0,1.0,22.777779,3
9,5,3,0,22.777779,57.712456,0.5172328,0.0,1.3161329,0.0,0.0,1.0,22.777779,3
9,6,3,0,22.777779,57.655087,0.5172328,0.0,1.3085496,0.0,0.0,1.0,22.777779,3
9,7,3,0,22.777779,57.585705,0.5201123,0.0,1.2807479,0.0,0.0,0.0,22.777779,3
9,8,3,0,23.776623,54.299747,0.5229918,0.0,0.6507609,0.0,0.0,0.0,23.777779,3
9,9,3,0,24.995838,50.573193,0.5244316,0.0,0.40883934,0.0,0.0,0.0,25.0,3
9,10,3,0,24.999985,50.757217,0.5244316,0.0,0.7850648,0.0,0.0,0.0,25.0,3
9,11,3,0,25.0,50.818222,0.5229918,0.0,1.0092942,0.0,0.0,0.0,25.0,3
9,12,3,0,25.0,50.860546,0.5229918,0.0,1.2410203,0.0,0.0,0.0,25.0,3
9,13,3,0,25.0,50.880264,0.72576654,0.0,1.5678468,0.0,0.0,1.0,25.0,3
9,14,3,0,24.45012,53.264168,4.6079035,0.0,3.0682354,0.0,0.0,1.0,24.444445,3
9,15,3,0,22.910826,58.58069,4.407945,0.0,4.706154,0.0,0.0,0.0,22.777779,3
9,16,3,0,22.778913,58.482666,0.5244316,0.0,3.1564631,0.0,0.0,0.0,22.777779,3
9,17,3,0,22.777811,58.680668,0.52875084,0.43462908,3.3287706,0.0,0.0,0.0,22.777779,3
9,18,3,0,22.777779,59.052193,0.5645132,1.3038931,2.8310916,0.0,0.0,0.0,22.777779,3
9,19,3,0,22.777779,59.10257,0.5673927,0.0,2.258583,0.0,0.0,0.0,22.777779,3
9,20,3,0,22.777779,58.779305,0.53450984,0.0,2.1284544,0.0,0.0,0.0,22.777779,3
9,21,3,0,22.777779,58.51619,0.5330701,0.0,2.036261,0.0,0.0,0.0,22.777779,3
9,22,3,0,22.777779,58.295708,0.53163034,0.0,1.9538401,0.0,0.0,0.0,22.777779,3
9,23,3,0,22.777779,58.169914,0.52875084,0.0,1.8479384,0.0,0.0,0.0,22.777779,3
9,24,3,0,22.777779,58.12008,0.5244316,0.0,1.7460966,0.0,0.0,0.0,22.777779,3
9,1,4,0,22.777779,58.058895,0.5229918,0.0,1.5991502,0.0,0.0,0.0,22.777779,3
9,2,4,0,22.777779,58.003685,0.521552,0.0,1.4600657,0.0,0.0,0.0,22.777779,3
9,3,4,0,22.777779,57.9899,0.5201123,0.0,1.4353219,0.0,0.0,1.0,22.777779,3
9,4,4,0,22.777779,57.949787,0.5186725,0.0,1.3915436,0.0,0.0,1.0,22.777779,3
9,5,4,0,22.777779,57.880756,0.5172328,0.0,1.3474742,0.0,0.0,1.0,22.777779,3
9,6,4,0,22.777779,57.740116,0.5172328,0.0,1.3193436,0.0,0.0,1.0,22.777779,3
9,7,4,0,22.777779,57.59496,0.5201123,0.0,1.3244245,0.0,0.0,1.0,22.777779,3
9,8,4,0,22.777779,57.589993,0.5229918,0.0,1.4315888,0.0,0.0,1.0,22.777779,3
9,9,4,0,22.777779,57.54284,0.5244316,0.0,1.5628755,0.0,0.0,0.0,22.777779,3
9,10,4,0,22.777779,57.464207,0.5244316,0.0,1.8712406,0.0,0.0,0.0,22.777779,3
9,11,4,0,22.999762,56.650368,0.5229918,0.0,1.7796047,0.0,0.0,0.0,23.0,3
9,12,4,0,24.99404,50.38821,0.5229918,0.0,0.62694466,0.0,0.0,0.0,25.0,3
9,13,4,0,24.889372,50.702797,0.52587134,0.43652812,1.1870203,0.0,0.0,0.0,24.88889,3
9,14,4,0,22.85928,57.09451,0.52587134,0.0,3.1078923,0.0,0.0,0.0,22.777779,3
9,15,4,0,22.779602,57.300045,0.52587134,0.0,2.980561,0.0,0.0,0.0,22.777779,3
9,16,4,0,22.777864,57.145626,0.5244316,0.0,2.8216827,0.0,0.0,0.0,22.777779,3
9,17,4,0,22.777779,57.374065,0.52875084,0.0,2.8534849,0.0,0.0,0.0,22.777779,3
9,18,4,0,23.269043,56.14479,0.5645132,0.0,2.2805183,0.0,0.0,0.0,23.277779,3
9,19,4,0,24.994081,50.67333,0.5673927,0.0,0.76580715,0.0,0.0,0.0,25.0,3
9,20,4,0,24.723057,51.424683,0.53450984,0.0,1.161886,0.0,0.0,0.0,24.722221,3
9,21,4,0,22.810595,57.29285,0.5330701,0.0,2.7921371,0.0,0.0,0.0,22.777779,3
9,22,4,0,22.77839,57.182262,0.53163034,0.0,2.4168332,0.0,0.0,0.0,22.777779,3
9,23,4,0,22.77779,57.06883,0.7700295,0.0,2.17982,0.0,0.0,1.0,22.777779,3
9,24,4,0,22.777779,57.010708,0.5244316,0.0,1.9164733,0.0,0.0,1.0,22.777779,3
9,1,5,0,22.777779,56.9096,0.5229918,0.0,1.7234132,0.0,0.0,1.0,22.777779,3
9,2,5,0,22.777779,56.902912,0.521552,0.0,1.5732448,0.0,0.0,1.0,22.777779,3
9,3,5,0,22.777779,56.917137,0.5201123,0.0,1.4850101,0.0,0.0,1.0,22.777779,3
9,4,5,0,22.777779,56.910267,0.5186725,0.0,1.4259934,0.0,0.0,1.0,22.777779,3
9,5,5,0,22.777779,56.896057,0.5172328,0.0,1.4064872,0.0,0.0,1.0,22.777779,3
9,6,5,0,22.777779,56.86542,0.5172328,0.0,1.3681198,0.0,0.0,1.0,22.777779,3
9,7,5,0,22.777779,56.867416,0.5201123,0.0,1.3613675,0.0,0.0,1.0,22.777779,3
9,8,5,0,22.777779,56.85269,0.5229918,0.0,1.4107178,0.0,0.0,1.0,22.777779,3
9,9,5,0,22.777779,56.859005,0.5244316,0.0,1.4707309,0.0,0.0,1.0,22.777779,3
9,10,5,0,23.443817,54.686874,0.5244316,0.0,1.1000644,0.0,0.0,1.0,23.444445,3
9,11,5,0,24.221653,52.284264,0.5229918,0.0,1.0490553,0.0,0.0,1.0,24.222221,3
9,12,5,0,22.796066,56.91833,0.71604496,0.0,2.2693074,0.0,0.0,1.0,22.777779,3
9,13,5,0,24.440506,51.640564,0.72576654,0.0,0.8115371,0.0,0.0,1.0,24.444445,3
9,14,5,0,24.99954,50.049095,0.72582954,0.0,0.9557169,0.0,0.0,1.0,25.0,3
9,15,5,0,25.0,50.088455,0.52587134,0.0,1.3453741,0.0,0.0,0.0,25.0,3
9,16,5,0,24.305387,52.11164,0.5244316,1.3153753,2.1141248,0.0,0.0,0.0,24.277779,3
9,17,5,0,22.873882,57.066006,0.52875084,0.0,3.594031,0.0,0.0,0.0,22.777779,3
9,18,5,0,22.779964,57.788246,0.5645132,1.3152597,3.09611,0.0,0.0,0.0,22.777779,3
9,19,5,0,23.72183,54.542824,0.5673927,0.0,1.4516989,0.0,0.0,0.0,23.722221,3
9,20,5,0,24.99717,50.512676,0.53450984,0.0,0.7631168,0.0,0.0,0.0,25.0,3
9,21,5,0,23.90104,53.788864,0.91829336,0.0,1.7624713,0.0,0.0,1.0,23.88889,3
9,22,5,0,22.7995,57.225273,0.9328592,0.0,2.9621017,0.0,0.0,1.0,22.777779,3
9,23,5,0,22.77816,57.194763,0.52875084,0.0,2.307982,0.0,0.0,1.0,22.777779,3
9,24,5,0,22.777784,57.112564,0.5244316,0.0,1.9406729,0.0,0.0,1.0,22.777779,3
9,1,6,0,22.777779,57.118237,0.5229918,0.8807873,1.8297375,0.0,0.0,1.0,22.777779,3
9,2,6,0,22.777779,57.04155,0.521552,0.0,1.5365156,0.0,0.0,1.0,22.777779,3
9,3,6,0,22.777779,56.921345,0.5201123,0.0,1.4379946,0.0,0.0,1.0,22.777779,3
9,4,6,0,22.777779,56.884254,0.5186725,0.0,1.366721,0.0,0.0,1.0,22.777779,3
9,5,6,0,22.777779,56.85946,0.5172328,0.0,1.3080956,0.0,0.0,1.0,22.777779,3
9,6,6,0,22.777779,56.764694,0.5172328,0.0,1.2732722,0.0,0.0,1.0,22.777779,3
9,7,6,0,22.777779,56.66409,0.5201123,0.0,1.268504,0.0,0.0,1.0,22.777779,3
9,8,6,0,22.777779,56.677685,0.5229918,0.0,1.3622735,0.0,0.0,1.0,22.777779,3
9,9,6,0,22.777779,56.66363,0.5244316,0.0,1.4442508,0.0,0.0,1.0,22.777779,3
9,10,6,0,22.777779,56.71113,0.71581006,0.0,1.6884314,0.0,0.0,1.0,22.777779,3
9,11,6,0,22.777779,56.976173,0.7102384,2.3662465,3.5736573,0.0,0.0,1.0,22.777779,3
9,12,6,0,22.777779,56.992058,0.71604496,0.0,2.0466683,0.0,0.0,1.0,22.777779,3
9,13,6,0,23.710897,53.857174,0.72576654,5.272826,2.4652123,0.0,0.0,1.0,23.722221,3
9,14,6,0,22.791218,56.931793,0.72582954,0.0,2.4441586,0.0,0.0,1.0,22.777779,3
9,15,6,0,22.778152,57.394733,0.715115,5.1305175,5.5569983,0.0,0.0,1.0,22.777779,3
9,16,6,0,22.777782,57.36735,0.73777014,0.44042516,2.0753245,0.0,0.0,1.0,22.777779,3
9,17,6,0,22.996775,57.096832,0.7700736,0.0,2.155468,0.0,0.0,1.0,23.0,3
9,18,6,0,22.787292,58.03991,0.86620885,0.0,2.4319894,0.0,0.0,1.0,22.777779,3
9,19,6,0,22.77838,58.14926,0.9092485,3.8993094,4.916584,0.0,0.0,1.0,22.777779,3
9,20,6,0,22.88774,57.611122,0.53450984,0.4404246,1.7985781,0.0,0.0,1.0,22.88889,3
9,21,6,0,24.987442,50.72097,0.5330701,0.0,0.0,0.3459647,0.0,1.0,25.0,3
9,22,6,0,24.83454,51.159042,0.53163034,0.0,0.90955883,0.0,0.0,1.0,24.833334,3
9,23,6,0,22.846355,57.41092,0.52875084,0.0,2.159435,0.0,0.0,1.0,22.777779,3
9,24,6,0,22.780317,57.545834,0.5244316,0.0,1.9863062,0.0,0.0,1.0,22.777779,3
9,1,7,0,22.777893,57.506462,0.5229918,0.0,1.6232498,0.0,0.0,1.0,22.777779,3
9,2,7,0,22.777782,57.35444,0.4816983,0.0,1.402986,0.0,0.0,1.0,22.777779,3
9,3,7,0,22.777779,57.36685,0.45930693,0.0,1.2949951,0.0,0.0,1.0,22.777779,3
9,4,7,0,22.777779,57.291996,0.4458579,0.0,1.2158222,0.0,0.0,1.0,22.777779,3
9,5,7,0,22.777779,57.21355,0.5172328,0.0,1.204586,0.0,0.0,1.0,22.777779,3
9,6,7,0,22.777779,57.137978,0.5172328,0.0,1.180456,0.0,0.0,1.0,22.777779,3
9,7,7,0,22.777779,57.03088,0.5201123,0.0,1.1752379,0.0,0.0,1.0,22.777779,3
9,8,7,0,22.777779,56.94886,0.5229918,0.44243464,1.2528565,0.0,0.0,1.0,22.777779,3
9,9,7,0,22.777779,56.900703,0.5244316,0.0,1.1951786,0.0,0.0,1.0,22.777779,3
9,10,7,0,22.777779,56.87147,0.71581006,0.0,1.2827212,0.0,0.0,1.0,22.777779,3
9,11,7,0,22.777779,57.32924,0.7102384,4.3448997,4.402258,0.0,0.0,1.0,22.777779,3
9,12,7,0,22.618647,58.13645,0.71604496,0.0,1.474849,0.0,0.0,1.0,22.61111,3
9,13,7,0,22.227652,59.384182,0.52587134,0.0,1.6999099,0.0,0.0,0.0,22.222221,3
9,14,7,0,22.222265,59.292606,0.52587134,0.4424341,1.7386985,0.0,0.0,0.0,22.222221,3
9,15,7,0,22.222223,59.22445,0.52587134,0.8848301,1.7672186,0.0,0.0,0.0,22.222221,3
9,16,7,0,22.222221,59.14614,0.5244316,0.0,1.725699,0.0,0.0,0.0,22.222221,3
9,17,7,0,22.222221,59.434284,0.52875084,0.0,1.9632688,0.0,0.0,0.0,22.222221,3
9,18,7,0,22.222221,59.79267,0.5645132,0.0,1.8539994,0.0,0.0,0.0,22.222221,3
9,19,7,0,22.222221,59.568626,0.5673927,0.0,1.6251088,0.0,0.0,0.0,22.222221,3
9,20,7,0,22.222221,59.22521,0.53450984,0.0,1.579628,0.0,0.0,0.0,22.222221,3
9,21,7,0,22.222221,59.062256,0.5330701,0.0,1.5592867,0.0,0.0,0.0,22.222221,3
9,22,7,0,22.222221,58.924625,0.53163034,0.0,1.5379603,0.0,0.0,0.0,22.222221,3
9,23,7,0,22.222221,58.81105,0.52875084,0.0,1.4663383,0.0,0.0,0.0,22.222221,3
9,24,7,0,22.222221,58.76704,0.5244316,0.0,1.4645711,0.0,0.0,1.0,22.222221,3
9,1,1,0,22.222221,58.701504,0.5229918,0.0,1.3737092,0.0,0.0,1.0,22.222221,3
9,2,1,0,22.222221,58.655434,0.521552,0.0,1.2926402,0.0,0.0,1.0,22.222221,3
9,3,1,0,22.222221,58.588573,0.5201123,0.0,1.2342733,0.0,0.0,1.0,22.222221,3
9,4,1,0,22.222221,58.560356,0.5186725,0.0,1.1910691,0.0,0.0,1.0,22.222221,3
9,5,1,0,22.222221,58.481373,0.5172328,0.0,1.1844625,0.0,0.0,1.0,22.222221,3
9,6,1,0,22.222221,58.403645,0.5172328,0.0,1.1714133,0.0,0.0,1.0,22.222221,3
9,7,1,0,22.222221,58.353386,0.5201123,0.0,1.1802789,0.0,0.0,1.0,22.222221,3
9,8,1,0,22.222221,58.314903,0.5229918,0.0,1.2202362,0.0,0.0,1.0,22.222221,3
9,9,1,0,22.222221,58.299683,0.5244316,0.0,1.2674857,0.0,0.0,1.0,22.222221,3
9,10,1,0,22.222221,58.234455,0.5244316,0.0,1.2988597,0.0,0.0,1.0,22.222221,3
9,11,1,0,23.16652,55.136627,0.5229918,0.0,0.6687726,0.0,0.0,1.0,23.166666,3
9,12,1,0,23.608572,53.885082,0.5229918,0.0,0.6910803,0.0,0.0,1.0,23.61111,3
9,13,1,0,22.795452,56.590443,0.52587134,0.0,1.4515551,0.0,0.0,1.0,22.777779,3
9,14,1,0,22.77804,56.597637,0.52587134,0.0,1.4908742,0.0,0.0,1.0,22.777779,3
9,15,1,0,22.777796,56.590614,0.52587134,0.0,1.4563515,0.0,0.0,1.0,22.777779,3
9,16,1,0,22.777779,56.511482,0.5244316,0.0,1.3562294,0.0,0.0,0.0,22.777779,3
9,17,1,0,22.777779,56.93647,0.52875084,0.0,1.3986166,0.0,0.0,0.0,22.777779,3
9,18,1,0,22.777779,57.24228,0.5645132,0.0,1.4506751,0.0,0.0,0.0,22.777779,3
9,19,1,0,22.777779,57.06403,0.5673927,0.0,1.3489006,0.0,0.0,0.0,22.777779,3
9,20,1,0,22.777779,56.79909,0.53450984,0.0,1.3325071,0.0,0.0,0.0,22.777779,3
9,21,1,0,22.777779,56.54303,0.5330701,0.0,1.3134544,0.0,0.0,0.0,22.777779,3
9,22,1,0,22.777779,56.44263,0.53163034,0.0,1.299162,0.0,0.0,0.0,22.777779,3
9,23,1,0,22.777779,56.237507,0.52875084,0.0,1.2284658,0.0,0.0,0.0,22.777779,3
9,24,1,0,22.777779,56.199226,0.5244316,0.0,1.1600888,0.0,0.0,0.0,22.777779,3
9,1,2,0,22.777779,56.170513,0.5229918,0.0,1.0696764,0.0,0.0,0.0,22.777779,3
9,2,2,0,22.777779,56.154358,0.521552,0.0,0.98227036,0.0,0.0,0.0,22.777779,3
9,3,2,0,22.777779,56.141453,0.5201123,0.0,0.95642453,0.0,0.0,0.0,22.777779,3
9,4,2,0,22.777779,56.143288,0.5186725,0.0,0.9634551,0.0,0.0,1.0,22.777779,3
9,5,2,0,22.777779,56.13646,0.5172328,0.0,0.95608455,0.0,0.0,1.0,22.777779,3
9,6,2,0,22.777779,56.11082,0.5172328,0.0,0.9587077,0.0,0.0,1.0,22.777779,3
9,7,2,0,22.777779,56.06021,0.5201123,0.0,0.9746414,0.0,0.0,1.0,22.777779,3
9,8,2,0,22.777779,56.045506,0.5229918,0.0,1.0150663,0.0,0.0,1.0,22.777779,3
9,9,2,0,22.777779,56.06837,0.7238193,0.0,1.1804312,0.0,0.0,1.0,22.777779,3
9,10,2,0,22.777779,56.07768,0.5244316,0.0,1.230738,0.0,0.0,0.0,22.777779,3
9,11,2,0,22.777779,56.080242,0.5229918,0.0,1.2948158,0.0,0.0,0.0,22.777779,3
9,12,2,0,22.888416,55.74827,0.5229918,0.0,1.317527,0.0,0.0,0.0,22.88889,3
9,13,2,0,24.988335,49.303127,0.52587134,2.6792147,0.42647544,0.0,0.0,0.0,25.0,3
9,14,2,0,24.999943,49.346928,0.52587134,0.0,0.59326714,0.0,0.0,0.0,25.0,3
9,15,2,0,25.0,49.445503,0.52587134,0.0,0.8608523,0.0,0.0,0.0,25.0,3
9,16,2,0,25.0,49.458164,0.5244316,0.0,0.9540727,0.0,0.0,0.0,25.0,3
9,17,2,0,23.394133,54.975372,0.52875084,0.0,2.3077967,0.0,0.0,0.0,23.333334,3
9,18,2,0,22.791067,57.32915,0.5645132,0.0,2.5190454,0.0,0.0,0.0,22.777779,3
9,19,2,0,22.77791,57.15456,0.5673927,0.0,1.9338584,0.0,0.0,0.0,22.777779,3
9,20,2,0,22.777779,56.83486,0.53450984,0.0,1.7187974,0.0,0.0,0.0,22.777779,3
9,21,2,0,22.777779,56.621834,0.5330701,0.0,1.6015092,0.0,0.0,0.0,22.777779,3
9,22,2,0,22.777779,56.58275,0.53163034,0.0,1.5681573,0.0,0.0,1.0,22.777779,3
9,23,2,0,22.777779,56.546852,0.52875084,0.0,1.4760579,0.0,0.0,1.0,22.777779,3
9,24,2,0,22.777779,56.55487,0.5244316,0.0,1.3880718,0.0,0.0,1.0,22.777779,3
9,1,3,0,22.777779,56.56864,0.5229918,0.0,1.272749,0.0,0.0,1.0,22.777779,3
9,2,3,0,22.777779,56.605446,0.521552,0.0,1.1670549,0.0,0.0,1.0,22.777779,3
9,3,3,0,22.777779,56.67904,0.5201123,0.0,1.1267976,0.0,0.0,1.0,22.777779,3
9,4,3,0,22.777779,56.701904,0.5186725,0.0,1.0742053,0.0,0.0,1.0,22.777779,3
9,5,3,0,22.777779,56.705563,0.5172328,0.0,1.0497241,0.0,0.0,1.0,22.777779,3
9,6,3,0,22.777779,56.708904,0.5172328,0.0,1.0357149,0.0,0.0,1.0,22.777779,3
9,7,3,0,22.777779,56.70422,0.5201123,0.0,1.0480278,0.0,0.0,1.0,22.777779,3
9,8,3,0,23.610714,53.973804,0.5229918,0.0,0.5410403,0.0,0.0,1.0,23.61111,3
9,9,3,0,24.99311,49.768795,0.7238193,0.0,0.330707,0.0,0.0,1.0,25.0,3
9,10,3,0,24.99998,49.807964,0.71581006,0.0,0.6195674,0.0,0.0,1.0,25.0,3
9,11,3,0,25.0,50.00563,0.7102384,1.1588846,1.6017886,0.0,0.0,1.0,25.0,3
9,12,3,0,25.0,50.05429,0.71604496,0.0,1.005568,0.0,0.0,1.0,25.0,3
9,13,3,0,25.0,50.621414,0.72576654,5.2234063,4.6015387,0.0,0.0,1.0,25.0,3
9,14,3,0,25.0,50.84493,0.72582954,2.6646376,3.1924236,0.0,0.0,1.0,25.0,3
9,15,3,0,25.0,51.075386,0.715115,2.88974,3.4551852,0.0,0.0,1.0,25.0,3
9,16,3,0,24.769676,51.823666,0.73777014,0.35590553,2.1265752,0.0,0.0,1.0,24.722221,3
9,17,3,0,22.855398,58.034504,0.52875084,0.44867802,3.517032,0.0,0.0,0.0,22.777779,3
9,18,3,0,22.779667,58.560265,0.5645132,0.0,2.7505498,0.0,0.0,0.0,22.777779,3
9,19,3,0,23.887724,54.688854,0.5673927,0.0,1.2081891,0.0,0.0,0.0,23.88889,3
9,20,3,0,22.791332,58.232384,0.53450984,3.1405246,2.5578308,0.0,0.0,0.0,22.777779,3
9,21,3,0,22.77788,58.078026,0.5330701,0.0,1.9963114,0.0,0.0,0.0,22.777779,3
9,22,3,0,22.77778,58.06202,0.9328592,2.3610516,3.6690023,0.0,0.0,1.0,22.777779,3
9,23,3,0,22.777779,57.908386,0.7700295,0.0,1.811983,0.0,0.0,1.0,22.777779,3
9,24,3,0,22.777779,57.80679,0.5244316,0.0,1.5729035,0.0,0.0,1.0,22.777779,3
9,1,4,0,22.777779,57.69434,0.5229918,0.0,1.4241719,0.0,0.0,1.0,22.777779,3
9,2,4,0,22.777779,57.657936,0.521552,0.0,1.296748,0.0,0.0,1.0,22.777779,3
9,3,4,0,22.777779,57.585896,0.5201123,0.0,1.230598,0.0,0.0,1.0,22.777779,3
9,4,4,0,22.777779,57.488255,0.4458579,0.0,1.1314738,0.0,0.0,1.0,22.777779,3
9,5,4,0,22.777779,57.360405,0.5172328,0.0,1.1403686,0.0,0.0,1.0,22.777779,3
9,6,4,0,22.777779,57.345875,0.5172328,0.0,1.1177022,0.0,0.0,1.0,22.777779,3
9,7,4,0,22.777779,57.2478,0.5201123,0.0,1.1376204,0.0,0.0,1.0,22.777779,3
9,8,4,0,22.777779,57.238865,0.5229918,0.45082143,1.2484343,0.0,0.0,1.0,22.777779,3
9,9,4,0,22.777779,57.223118,0.7238193,0.0,1.4124286,0.0,0.0,1.0,22.777779,3
9,10,4,0,22.999647,56.438366,0.5244316,0.0,1.376026,0.0,0.0,0.0,23.0,3
9,11,4,0,24.992775,50.191185,0.5229918,0.0,0.0,0.35642445,0.0,0.0,25.0,3
9,12,4,0,24.723572,51.015057,0.5229918,0.0,0.93738997,0.0,0.0,0.0,24.722221,3
9,13,4,0,22.805725,57.069206,0.52587134,0.45083764,2.3302875,0.0,0.0,0.0,22.777779,3
9,14,4,0,22.778305,57.05901,0.52587134,1.3524048,2.4335995,0.0,0.0,0.0,22.777779,3
9,15,4,0,23.879509,53.373455,0.52587134,0.0,1.0747483,0.0,0.0,0.0,23.88889,3
9,16,4,0,22.802336,56.72139,0.5244316,0.0,2.1937065,0.0,0.0,0.0,22.777779,3
9,17,4,0,22.778027,57.411522,0.52875084,0.0,2.3976955,0.0,0.0,0.0,22.777779,3
9,18,4,0,22.77778,57.73033,0.5645132,0.0,2.187363,0.0,0.0,0.0,22.777779,3
9,19,4,0,22.777779,57.545982,0.5673927,0.0,1.8167865,0.0,0.0,0.0,22.777779,3
9,20,4,0,22.998833,56.65505,0.53450984,0.0,1.5430064,0.0,0.0,0.0,23.0,3
9,21,4,0,22.781044,57.248295,0.5330701,0.0,1.7230028,0.0,0.0,0.0,22.777779,3
9,22,4,0,22.777832,57.112133,0.53163034,0.0,1.6391487,0.0,0.0,0.0,22.777779,3
9,23,4,0,22.777779,57.012486,0.52875084,0.0,1.5253948,0.0,0.0,0.0,22.777779,3
9,24,4,0,22.777779,57.267857,0.5897157,2.702573,3.4035861,0.0,0.0,1.0,22.777779,3
9,1,5,0,22.777779,57.203377,0.5229918,0.0,1.3623607,0.0,0.0,1.0,22.777779,3
9,2,5,0,22.777779,57.302204,0.521552,0.0,1.276907,0.0,0.0,1.0,22.777779,3
9,3,5,0,22.777779,57.336067,0.5201123,0.0,1.2188096,0.0,0.0,1.0,22.777779,3
9,4,5,0,22.777779,57.264866,0.5186725,1.3590775,1.3264104,0.0,0.0,1.0,22.777779,3
9,5,5,0,22.777779,57.15719,0.5172328,0.0,1.1462607,0.0,0.0,1.0,22.777779,3
9,6,5,0,22.777779,57.060062,0.5172328,0.0,1.127633,0.0,0.0,1.0,22.777779,3
9,7,5,0,22.777779,57.231464,0.6202338,2.2338865,2.739327,0.0,0.0,1.0,22.777779,3
9,8,5,0,23.527502,54.89579,0.5229918,2.3465147,2.205733,0.0,0.0,0.0,23.555555,3
9,9,5,0,24.989964,50.31175,0.5244316,0.0,0.0,0.2531087,0.0,0.0,25.0,3
9,10,5,0,24.999975,50.3045,0.5244316,0.0,0.5119138,0.0,0.0,0.0,25.0,3
9,11,5,0,25.0,50.368023,0.5229918,0.90603876,0.76440674,0.0,0.0,0.0,25.0,3
9,12,5,0,25.0,50.455704,0.5229918,2.7179713,1.1944294,0.0,0.0,0.0,25.0,3
9,13,5,0,25.0,50.527046,0.52587134,0.0,1.0226707,0.0,0.0,0.0,25.0,3
9,14,5,0,25.0,50.548046,0.52587134,0.0,1.0878047,0.0,0.0,0.0,25.0,3
9,15,5,0,25.0,50.629353,0.52587134,0.0,1.1131705,0.0,0.0,0.0,25.0,3
9,16,5,0,23.396486,55.54546,0.5244316,0.0,2.41486,0.0,0.0,0.0,23.333334,3
9,17,5,0,22.798891,57.983334,0.52875084,0.0,2.6870186,0.0,0.0,0.0,22.777779,3
9,18,5,0,22.778332,58.952194,0.5645132,0.0,2.1598754,0.0,0.0,0.0,22.777779,3
9,19,5,0,22.777788,58.65661,0.5673927,0.0,1.8126571,0.0,0.0,0.0,22.777779,3
9,20,5,0,22.777779,58.255314,0.53450984,0.0,1.6850637,0.0,0.0,0.0,22.777779,3
9,21,5,0,22.777779,58.08762,0.5330701,0.0,1.6126518,0.0,0.0,0.0,22.777779,3
9,22,5,0,22.777779,57.805183,0.53163034,0.0,1.5567503,0.0,0.0,0.0,22.777779,3
9,23,5,0,22.777779,57.746853,0.52875084,0.0,1.4618254,0.0,0.0,0.0,22.777779,3
9,24,5,0,22.777779,57.580044,0.5897157,0.0,1.4561908,0.0,0.0,1.0,22.777779,3
9,1,6,0,22.777779,57.56356,0.5229918,0.0,1.3326769,0.0,0.0,1.0,22.777779,3
9,2,6,0,22.777779,57.49204,0.521552,0.0,1.229777,0.0,0.0,1.0,22.777779,3
9,3,6,0,22.777779,57.4409,0.5201123,0.0,1.185226,0.0,0.0,1.0,22.777779,3
9,4,6,0,22.777779,57.37223,0.5186725,0.0,1.1465816,0.0,0.0,1.0,22.777779,3
9,5,6,0,22.777779,57.310986,0.5172328,0.0,1.1070588,0.0,0.0,1.0,22.777779,3
9,6,6,0,22.777779,57.281452,0.5172328,0.0,1.0954437,0.0,0.0,1.0,22.777779,3
9,7,6,0,22.777779,57.23803,0.6202338,0.0,1.1444122,0.0,0.0,1.0,22.777779,3
9,8,6,0,22.777779,57.21704,0.5229918,0.0,1.0969372,0.0,0.0,0.0,22.777779,3
9,9,6,0,22.777779,57.153538,0.5244316,0.0,1.1008824,0.0,0.0,0.0,22.777779,3
9,10,6,0,22.777779,57.136684,0.5244316,0.0,1.2144169,0.0,0.0,0.0,22.777779,3
9,11,6,0,22.777779,57.193546,0.5229918,0.0,1.4231689,0.0,0.0,0.0,22.777779,3
9,12,6,0,22.998981,56.51396,0.71604496,0.0,1.3723998,0.0,0.0,1.0,23.0,3
9,13,6,0,24.998549,50.814556,0.72576654,3.7161083,2.743926,0.0,0.0,1.0,25.0,3
9,14,6,0,23.738403,55.339615,0.52587134,0.0,1.8304169,0.0,0.0,0.0,23.722221,3
9,15,6,0,22.841724,58.060673,0.52587134,0.0,2.263488,0.0,0.0,0.0,22.777779,3
9,16,6,0,22.779972,58.211315,0.5244316,0.0,1.8835598,0.0,0.0,0.0,22.777779,3
9,17,6,0,22.777857,58.564114,0.52875084,0.45524582,2.0336878,0.0,0.0,0.0,22.777779,3
9,18,6,0,22.77778,59.438644,0.5645132,0.0,1.8966297,0.0,0.0,0.0,22.777779,3
9,19,6,0,22.777779,59.12423,0.5673927,0.0,1.6060737,0.0,0.0,0.0,22.777779,3
9,20,6,0,22.777779,58.88274,0.53450984,0.0,1.5386782,0.0,0.0,0.0,22.777779,3
9,21,6,0,22.777779,58.548946,0.5330701,0.0,1.486619,0.0,0.0,0.0,22.777779,3
9,22,6,0,22.777779,58.1955,0.53163034,0.0,1.4303478,0.0,0.0,0.0,22.777779,3
9,23,6,0,22.777779,58.085007,0.52875084,0.0,1.354377,0.0,0.0,0.0,22.777779,3
9,24,6,0,22.777779,57.993587,0.5244316,0.0,1.2963376,0.0,0.0,0.0,22.777779,3
9,1,7,0,22.777779,57.84832,0.5229918,0.0,1.1832682,0.0,0.0,0.0,22.777779,3
9,2,7,0,22.777779,57.829567,0.521552,0.0,1.0741675,0.0,0.0,0.0,22.777779,3
9,3,7,0,22.777779,57.784954,0.5201123,0.0,1.0270803,0.0,0.0,0.0,22.777779,3
9,4,7,0,22.777779,57.646103,0.5186725,0.0,0.9763818,0.0,0.0,0.0,22.777779,3
9,5,7,0,22.777779,57.64045,0.5172328,0.0,0.99800634,0.0,0.0,1.0,22.777779,3
9,6,7,0,22.777779,57.581284,0.5172328,0.0,0.9731189,0.0,0.0,1.0,22.777779,3
9,7,7,0,22.777779,57.490326,0.5201123,0.0,0.99343944,0.0,0.0,1.0,22.777779,3
9,8,7,0,22.777779,57.477615,0.5229918,0.0,1.0607747,0.0,0.0,1.0,22.777779,3
9,9,7,0,22.777779,57.47699,0.5244316,0.0,1.1870284,0.0,0.0,1.0,22.777779,3
9,10,7,0,22.777779,57.621315,0.71581006,1.8262223,2.8042994,0.0,0.0,1.0,22.777779,3
9,11,7,0,22.777779,57.594616,0.7102384,0.0,1.6842756,0.0,0.0,1.0,22.777779,3
9,12,7,0,22.777779,58.361618,4.598119,0.0,2.6672227,0.0,0.0,1.0,22.777779,3
9,13,7,0,23.302708,56.428974,0.52587134,0.0,1.3079771,0.0,0.0,0.0,23.333334,3
9,14,7,0,24.991043,51.11292,0.52587134,0.0,0.4237065,0.0,0.0,0.0,25.0,3
9,15,7,0,24.669165,52.12932,0.52587134,0.0,1.0581853,0.0,0.0,0.0,24.666666,3
9,16,7,0,22.81049,57.99426,0.5244316,0.45751238,3.0565705,0.0,0.0,0.0,22.777779,3
9,17,7,0,22.777992,58.54086,0.52875084,1.3725038,3.081936,0.0,0.0,0.0,22.777779,3
9,18,7,0,22.777779,58.774105,0.5645132,0.0,2.1660473,0.0,0.0,0.0,22.777779,3
9,19,7,0,22.99911,58.032795,0.5673927,0.0,1.677646,0.0,0.0,0.0,23.0,3
9,20,7,0,23.88812,54.871555,0.53450984,0.0,0.99555147,0.0,0.0,0.0,23.88889,3
9,21,7,0,22.799,58.298813,0.91829336,0.0,2.1299205,0.0,0.0,1.0,22.777779,3
9,22,7,0,22.778126,58.140003,0.9328592,0.0,2.076516,0.0,0.0,1.0,22.777779,3
9,23,7,0,22.777782,57.831337,0.52875084,0.0,1.6841434,0.0,0.0,1.0,22.777779,3
9,24,7,0,22.777779,57.59557,0.5244316,0.0,1.51114,0.0,0.0,1.0,22.777779,3
9,1,1,0,22.777779,57.478867,0.5229918,0.0,1.355872,0.0,0.0,1.0,22.777779,3
9,2,1,0,22.777779,57.405865,0.521552,0.0,1.2201562,0.0,0.0,1.0,22.777779,3
9,3,1,0,22.777779,57.382183,0.5201123,0.0,1.1393726,0.0,0.0,1.0,22.777779,3
9,4,1,0,22.777779,57.3376,0.5186725,0.0,1.0689558,0.0,0.0,1.0,22.777779,3
9,5,1,0,22.777779,57.29741,0.5172328,0.0,1.0214621,0.0,0.0,1.0,22.777779,3
9,6,1,0,22.777779,57.235023,0.5172328,0.0,1.003771,0.0,0.0,1.0,22.777779,3
9,7,1,0,22.777779,57.17473,0.5201123,0.0,1.0059336,0.0,0.0,1.0,22.777779,3
9,8,1,0,22.777779,57.18322,0.5229918,0.0,1.1306427,0.0,0.0,1.0,22.777779,3
9,9,1,0,22.777779,57.275166,0.7238193,0.7506842,1.8988577,0.0,0.0,1.0,22.777779,3
9,10,1,0,22.777779,57.47564,0.71581006,2.0449345,3.0549486,0.0,0.0,1.0,22.777779,3
9,11,1,0,22.777779,57.48768,0.5229918,0.0,1.7351327,0.0,0.0,0.0,22.777779,3
9,12,1,0,22.888771,57.12953,0.5229918,0.0,1.6873549,0.0,0.0,0.0,22.88889,3
9,13,1,0,24.991766,50.441597,0.52587134,0.0,0.41606984,0.0,0.0,0.0,25.0,3
9,14,1,0,25.0,50.518677,0.52587134,0.9196061,1.301282,0.0,0.0,0.0,25.0,3
9,15,1,0,25.0,50.576042,0.52587134,0.0,1.1246089,0.0,0.0,0.0,25.0,3
9,16,1,0,24.198914,52.96437,0.5244316,0.0,2.0697253,0.0,0.0,0.0,24.166666,3
9,17,1,0,22.869926,57.158955,0.52875084,0.0,3.7280018,0.0,0.0,0.0,22.777779,3
9,18,1,0,22.779173,57.554,0.5645132,0.0,3.0258245,0.0,0.0,0.0,22.777779,3
9,19,1,0,22.777786,57.32996,0.5673927,0.0,2.2594988,0.0,0.0,0.0,22.777779,3
9,20,1,0,22.777779,57.326523,1.6680064,0.0,2.4393663,0.0,0.0,1.0,22.777779,3
9,21,1,0,22.777779,57.15322,0.91829336,0.0,2.2088585,0.0,0.0,1.0,22.777779,3
9,22,1,0,22.777779,57.013885,0.9328592,0.0,2.1099565,0.0,0.0,1.0,22.777779,3
9,23,1,0,22.777779,56.82453,0.52875084,0.0,1.8023152,0.0,0.0,1.0,22.777779,3
9,24,1,0,22.777779,56.79676,0.5244316,0.0,1.6726415,0.0,0.0,1.0,22.777779,3
9,1,2,0,22.777779,56.752277,0.5229918,0.4621216,1.575311,0.0,0.0,1.0,22.777779,3
9,2,2,0,22.777779,56.787674,0.521552,0.9242328,1.5021337,0.0,0.0,1.0,22.777779,3
9,3,2,0,22.777779,56.81939,0.5201123,0.0,1.3276085,0.0,0.0,1.0,22.777779,3
9,4,2,0,22.777779,56.809216,0.5186725,0.0,1.2539245,0.0,0.0,1.0,22.777779,3
9,5,2,0,22.777779,56.742397,0.5172328,0.0,1.2002171,0.0,0.0,1.0,22.777779,3
9,6,2,0,22.777779,56.66041,0.5172328,0.0,1.1690372,0.0,0.0,1.0,22.777779,3
9,7,2,0,22.777779,56.62328,0.5201123,0.0,1.1845399,0.0,0.0,1.0,22.777779,3
9,8,2,0,23.7762,53.409157,0.5229918,0.0,0.6202147,0.0,0.0,1.0,23.777779,3
9,9,2,0,24.997053,49.76159,0.5244316,0.0,0.46849743,0.0,0.0,1.0,25.0,3
9,10,2,0,24.999998,49.842995,0.71581006,0.0,1.121105,0.0,0.0,1.0,25.0,3
9,11,2,0,25.0,49.936302,0.7102384,0.0,1.2831463,0.0,0.0,1.0,25.0,3
9,12,2,0,25.0,50.057518,0.5229918,0.0,1.3778707,0.0,0.0,0.0,25.0,3
9,13,2,0,25.0,50.136658,0.52587134,0.0,1.5236241,0.0,0.0,0.0,25.0,3
9,14,2,0,25.0,50.131702,0.52587134,0.0,1.744952,0.0,0.0,0.0,25.0,3
9,15,2,0,25.0,50.086258,0.52587134,0.9242195,2.0484018,0.0,0.0,0.0,25.0,3
9,16,2,0,25.0,49.976017,0.5244316,0.0,2.0950968,0.0,0.0,0.0,25.0,3
9,17,2,0,25.0,50.175804,0.52875084,0.0,2.2275116,0.0,0.0,0.0,25.0,3
9,18,2,0,25.0,50.355743,0.86620885,0.0,2.3249068,0.0,0.0,1.0,25.0,3
9,19,2,0,23.144442,56.360462,0.9092485,4.7533565,6.838656,0.0,0.0,1.0,23.11111,3
9,20,2,0,22.780958,57.28122,0.53450984,0.0,3.1196516,0.0,0.0,0.0,22.777779,3
9,21,2,0,22.998465,56.367397,0.5330701,0.0,2.3095336,0.0,0.0,0.0,23.0,3
9,22,2,0,24.60649,51.17289,0.53163034,0.46212888,0.91899085,0.0,0.0,0.0,24.61111,3
9,23,2,0,22.814732,56.82743,0.7700295,0.46212885,2.358603,0.0,0.0,1.0,22.777779,3
9,24,2,0,22.778418,56.86243,0.5244316,0.0,2.2000015,0.0,0.0,1.0,22.777779,3
9,1,3,0,22.777786,56.708668,0.5229918,0.0,1.8168496,0.0,0.0,1.0,22.777779,3
9,2,3,0,22.777779,56.695423,0.521552,0.0,1.6166893,0.0,0.0,1.0,22.777779,3
9,3,3,0,22.777779,56.681442,0.5201123,0.0,1.4762532,0.0,0.0,1.0,22.777779,3
9,4,3,0,22.777779,56.64523,0.5186725,0.0,1.3575306,0.0,0.0,1.0,22.777779,3
9,5,3,0,22.777779,56.554474,0.5172328,0.0,1.2941282,0.0,0.0,1.0,22.777779,3
9,6,3,0,22.777779,56.52635,0.5172328,0.0,1.2533603,0.0,0.0,1.0,22.777779,3
9,7,3,0,22.777779,56.42111,0.5201123,0.0,1.234987,0.0,0.0,1.0,22.777779,3
9,8,3,0,23.444391,54.2851,0.5229918,0.0,0.8303881,0.0,0.0,1.0,23.444445,3
9,9,3,0,24.995499,49.60231,0.5244316,0.0,0.3913333,0.0,0.0,1.0,25.0,3
9,10,3,0,24.999996,49.686783,0.5244316,0.0,1.042467,0.0,0.0,1.0,25.0,3
9,11,3,0,25.0,49.84357,0.5229918,0.0,1.1900526,0.0,0.0,1.0,25.0,3
9,12,3,0,25.0,49.916973,1.1541408,0.0,1.6302788,0.0,0.0,1.0,25.0,3
9,13,3,0,25.0,49.99981,0.72576654,0.0,1.7289349,0.0,0.0,1.0,25.0,3
9,14,3,0,25.0,50.231163,5.8098936,0.0,2.223236,0.0,0.0,0.0,25.0,3
9,15,3,0,25.0,50.184105,0.52587134,0.0,2.029591,0.0,0.0,0.0,25.0,3
9,16,3,0,25.0,50.142326,0.5244316,0.4644672,2.152079,0.0,0.0,0.0,25.0,3
9,17,3,0,23.27981,55.660515,0.52875084,0.46448416,3.8873494,0.0,0.0,0.0,23.222221,3
9,18,3,0,22.784145,57.431324,0.5645132,0.0,3.6742027,0.0,0.0,0.0,22.777779,3
9,19,3,0,22.777817,57.216873,0.5673927,0.0,2.669456,0.0,0.0,0.0,22.777779,3
9,20,3,0,22.777779,56.87476,0.53450984,0.0,2.3710175,0.0,0.0,0.0,22.777779,3
9,21,3,0,22.777779,56.74593,0.5330701,0.0,2.2013369,0.0,0.0,0.0,22.777779,3
9,22,3,0,22.777779,56.6868,0.53163034,0.0,2.1149132,0.0,0.0,0.0,22.777779,3
9,23,3,0,22.777779,56.62458,0.52875084,0.0,1.9337252,0.0,0.0,0.0,22.777779,3
9,24,3,0,22.777779,56.588383,0.5244316,0.0,1.7763159,0.0,0.0,0.0,22.777779,3
9,1,4,0,22.777779,56.48837,0.5229918,0.0,1.6139355,0.0,0.0,0.0,22.777779,3
9,2,4,0,22.777779,56.728992,0.4816983,1.7927293,2.7260299,0.0,0.0,1.0,22.777779,3
9,3,4,0,22.777779,56.72801,0.5201123,0.0,1.4399861,0.0,0.0,1.0,22.777779,3
9,4,4,0,22.777779,56.807686,0.5186725,0.0,1.3736407,0.0,0.0,1.0,22.777779,3
9,5,4,0,22.777779,56.860413,0.5172328,0.0,1.331252,0.0,0.0,1.0,22.777779,3
9,6,4,0,22.777779,56.95104,0.4999059,0.46687466,1.3341668,0.0,0.0,1.0,22.777779,3
9,7,4,0,22.777779,56.999096,0.5201123,0.0,1.2410529,0.0,0.0,0.0,22.777779,3
9,8,4,0,22.777779,56.968563,0.5229918,0.0,1.2854661,0.0,0.0,0.0,22.777779,3
9,9,4,0,22.777779,56.969566,0.5244316,0.0,1.3525012,0.0,0.0,0.0,22.777779,3
9,10,4,0,22.777779,57.019474,0.5244316,0.46687517,1.536878,0.0,0.0,0.0,22.777779,3
9,11,4,0,22.777779,57.05936,0.5229918,0.0,1.5526026,0.0,0.0,0.0,22.777779,3
9,12,4,0,23.997631,53.175934,0.5229918,0.0,0.81859994,0.0,0.0,0.0,24.0,3
9,13,4,0,24.99792,50.25418,0.52587134,0.0,0.64156103,0.0,0.0,0.0,25.0,3
9,14,4,0,24.999989,50.428837,0.52587134,0.0,1.0186776,0.0,0.0,0.0,25.0,3
9,15,4,0,23.120237,56.39069,0.52587134,0.0,2.5414288,0.0,0.0,0.0,23.055555,3
9,16,4,0,22.779999,57.670135,0.73777014,0.0,2.428269,0.0,0.0,1.0,22.777779,3
9,17,4,0,22.777815,58.26688,0.7700736,0.0,2.2073371,0.0,0.0,1.0,22.777779,3
9,18,4,0,22.777779,58.67545,0.86620885,0.0,2.0304763,0.0,0.0,1.0,22.777779,3
9,19,4,0,24.437315,53.0109,0.5673927,0.0,0.49700132,0.0,0.0,0.0,24.444445,3
9,20,4,0,24.999838,51.186565,0.53450984,0.0,0.51874137,0.0,0.0,0.0,25.0,3
9,21,4,0,24.725088,51.969803,0.5330701,0.0,0.8393121,0.0,0.0,0.0,24.722221,3
9,22,4,0,22.842693,57.933342,0.53163034,0.9337383,2.3199751,0.0,0.0,0.0,22.777779,3
9,23,4,0,22.783379,58.084564,0.52875084,0.0,1.8374586,0.0,0.0,0.0,22.777779,3
9,24,4,0,22.778202,57.80413,0.5244316,0.0,1.5563062,0.0,0.0,0.0,22.777779,3
9,1,5,0,22.777805,57.722363,0.5229918,0.0,1.3346303,0.0,0.0,0.0,22.777779,3
9,2,5,0,22.777779,57.800117,0.521552,0.0,1.2195382,0.0,0.0,0.0,22.777779,3
9,3,5,0,22.777779,57.875164,0.5201123,0.0,1.1420047,0.0,0.0,0.0,22.777779,3
9,4,5,0,22.777779,57.97204,0.5186725,0.0,1.1030035,0.0,0.0,0.0,22.777779,3
9,5,5,0,22.777779,58.03479,0.5172328,0.0,1.1197698,0.0,0.0,1.0,22.777779,3
9,6,5,0,22.777779,58.083904,0.5172328,0.0,1.107095,0.0,0.0,1.0,22.777779,3
9,7,5,0,22.777779,58.158463,0.5201123,0.0,1.137348,0.0,0.0,1.0,22.777779,3
9,8,5,0,22.777779,58.175636,0.5229918,0.0,1.1811908,0.0,0.0,1.0,22.777779,3
9,9,5,0,22.777779,58.25185,0.5244316,0.0,1.247828,0.0,0.0,1.0,22.777779,3
9,10,5,0,22.777779,58.27845,0.5244316,0.0,1.488726,0.0,0.0,1.0,22.777779,3
9,11,5,0,22.777779,58.336475,0.5229918,0.0,1.65126,0.0,0.0,1.0,22.777779,3
9,12,5,0,23.055094,57.401543,0.5229918,0.0,1.5555365,0.0,0.0,0.0,23.055555,3
9,13,5,0,24.988096,51.232742,0.52587134,0.0,0.0,0.32412684,0.0,0.0,25.0,3
9,14,5,0,24.999962,51.288338,0.52587134,0.0,0.88924587,0.0,0.0,0.0,25.0,3
9,15,5,0,24.18357,53.816475,0.52587134,0.0,1.642544,0.0,0.0,0.0,24.166666,3
9,16,5,0,22.858603,58.038887,0.5244316,0.0,2.997913,0.0,0.0,0.0,22.777779,3
9,17,5,0,22.787031,58.70804,0.52875084,0.0,2.7925656,0.0,0.0,0.0,22.777779,3
9,18,5,0,22.777988,59.143673,0.5645132,0.0,2.4321504,0.0,0.0,0.0,22.777779,3
9,19,5,0,22.777779,58.923954,0.5673927,0.0,1.9208355,0.0,0.0,0.0,22.777779,3
9,20,5,0,22.777779,58.600693,0.53450984,0.0,1.8708208,0.0,0.0,0.0,22.777779,3
9,21,5,0,22.777779,58.418327,0.5330701,0.0,1.7337606,0.0,0.0,0.0,22.777779,3
9,22,5,0,22.777779,58.28098,0.53163034,0.0,1.6766013,0.0,0.0,0.0,22.777779,3
9,23,5,0,22.777779,58.24535,0.52875084,0.0,1.6244688,0.0,0.0,1.0,22.777779,3
9,24,5,0,22.777779,58.207977,0.5244316,0.0,1.5502286,0.0,0.0,1.0,22.777779,3
9,1,6,0,22.777779,58.234043,0.5229918,0.0,1.4547552,0.0,0.0,1.0,22.777779,3
9,2,6,0,22.777779,58.291195,0.521552,0.0,1.3257074,0.0,0.0,1.0,22.777779,3
9,3,6,0,22.777779,58.359047,0.5201123,0.0,1.2656677,0.0,0.0,1.0,22.777779,3
9,4,6,0,22.777779,58.397007,0.5186725,0.0,1.2139305,0.0,0.0,1.0,22.777779,3
9,5,6,0,22.777779,58.419758,0.5172328,0.0,1.1404942,0.0,0.0,0.0,22.777779,3
9,6,6,0,22.777779,58.33801,0.5172328,0.0,1.086485,0.0,0.0,0.0,22.777779,3
9,7,6,0,22.777779,58.207188,0.5201123,0.0,1.0552963,0.0,0.0,0.0,22.777779,3
9,8,6,0,22.777779,58.025337,0.5229918,0.0,1.080477,0.0,0.0,0.0,22.777779,3
9,9,6,0,22.777779,58.01331,0.5244316,0.0,1.0926172,0.0,0.0,0.0,22.777779,3
9,10,6,0,22.777779,57.95337,0.5244316,0.0,1.1699086,0.0,0.0,0.0,22.777779,3
9,11,6,0,22.777779,57.860683,0.5229918,0.0,1.306913,0.0,0.0,0.0,22.777779,3
9,12,6,0,22.777779,57.771618,0.5229918,0.0,1.4371941,0.0,0.0,0.0,22.777779,3
9,13,6,0,22.777779,57.599686,0.52587134,0.0,1.54194,0.0,0.0,0.0,22.777779,3
9,14,6,0,22.777779,57.534893,0.52587134,0.0,1.5622131,0.0,0.0,0.0,22.777779,3
9,15,6,0,22.777779,57.504177,0.52587134,0.0,1.5216391,0.0,0.0,0.0,22.777779,3
9,16,6,0,22.777779,57.38109,0.5244316,0.0,1.4748555,0.0,0.0,0.0,22.777779,3
9,17,6,0,22.777779,57.484127,0.52875084,0.0,1.4412214,0.0,0.0,0.0,22.777779,3
9,18,6,0,22.777779,57.549057,0.5645132,0.0,1.3721417,0.0,0.0,0.0,22.777779,3
9,19,6,0,22.777779,57.345135,0.5673927,0.0,1.3494761,0.0,0.0,0.0,22.777779,3
9,20,6,0,22.777779,57.075497,0.53450984,0.0,1.3185216,0.0,0.0,0.0,22.777779,3
9,21,6,0,22.777779,56.96896,0.5330701,0.0,1.2907513,0.0,0.0,0.0,22.777779,3
9,22,6,0,22.777779,56.83126,0.53163034,0.0,1.2546703,0.0,0.0,0.0,22.777779,3
9,23,6,0,22.777779,56.76956,0.52875084,0.0,1.1710324,0.0,0.0,0.0,22.777779,3
9,24,6,0,22.777779,56.730053,0.5244316,0.0,1.0879124,0.0,0.0,0.0,22.777779,3
9,1,7,0,22.777779,56.792595,0.5260766,0.0,1.0306357,0.0,0.0,1.0,22.777779,3
9,2,7,0,22.777779,56.74853,0.521552,0.0,0.9419781,0.0,0.0,1.0,22.777779,3
9,3,7,0,22.777779,56.786602,0.5201123,0.0,0.90537924,0.0,0.0,1.0,22.777779,3
9,4,7,0,22.777779,56.771374,0.5186725,0.0,0.8792502,0.0,0.0,1.0,22.777779,3
9,5,7,0,22.777779,56.769157,0.45593396,0.0,0.83518726,0.0,0.0,1.0,22.777779,3
9,6,7,0,22.777779,56.747818,0.4999059,0.0,0.8373552,0.0,0.0,1.0,22.777779,3
9,7,7,0,22.777779,57.036366,0.5201123,3.3209262,3.0215044,0.0,0.0,0.0,22.777779,3
9,8,7,0,22.777779,56.93083,0.5229918,0.0,0.8993986,0.0,0.0,0.0,22.777779,3
9,9,7,0,22.777779,56.84574,0.5244316,0.0,0.9882222,0.0,0.0,0.0,22.777779,3
9,10,7,0,22.777779,56.796562,0.5244316,1.896792,1.3782411,0.0,0.0,0.0,22.777779,3
9,11,7,0,22.777779,56.71619,0.5229918,0.0,1.213702,0.0,0.0,0.0,22.777779,3
9,12,7,0,22.777779,56.66649,0.5229918,0.0,1.1484716,0.0,0.0,0.0,22.777779,3
9,13,7,0,23.777157,53.40035,0.52587134,0.0,0.5062185,0.0,0.0,0.0,23.777779,3
9,14,7,0,24.993977,49.696484,0.52587134,0.0,0.3325122,0.0,0.0,0.0,25.0,3
9,15,7,0,24.999945,49.667557,0.52587134,0.0,0.6143507,0.0,0.0,0.0,25.0,3
9,16,7,0,24.578466,50.92261,0.5244316,0.0,0.8673463,0.0,0.0,0.0,24.555555,3
9,17,7,0,23.649992,54.170063,0.52875084,2.3710525,1.9869627,0.0,0.0,0.0,23.61111,3
9,18,7,0,22.799946,57.17325,0.5645132,0.0,2.1660914,0.0,0.0,0.0,22.777779,3
9,19,7,0,22.778017,57.042343,0.5673927,0.0,1.6696453,0.0,0.0,0.0,22.777779,3
9,20,7,0,22.77778,56.878235,0.53450984,0.0,1.4832754,0.0,0.0,0.0,22.777779,3
9,21,7,0,22.777779,56.73677,0.5330701,0.0,1.3809619,0.0,0.0,0.0,22.777779,3
9,22,7,0,22.777779,57.002357,0.9328592,4.886351,4.7773476,0.0,0.0,1.0,22.777779,3
9,23,7,0,22.777779,56.873047,0.52875084,0.0,1.2979206,0.0,0.0,1.0,22.777779,3
9,24,7,0,22.777779,56.810448,0.5244316,0.0,1.1959332,0.0,0.0,1.0,22.777779,3
9,1,1,0,22.777779,56.724087,0.5229918,0.0,1.0632153,0.0,0.0,1.0,22.777779,3
9,2,1,0,22.777779,56.750397,0.521552,0.0,0.95973504,0.0,0.0,1.0,22.777779,3
9,3,1,0,22.777779,56.781776,0.5201123,0.0,0.9107452,0.0,0.0,1.0,22.777779,3
9,4,1,0,22.777779,56.787052,0.5186725,0.0,0.8657888,0.0,0.0,1.0,22.777779,3
9,5,1,0,22.777779,56.740913,0.5172328,0.0,0.79540104,0.0,0.0,0.0,22.777779,3
9,6,1,0,22.777779,56.67037,0.5172328,0.0,0.769131,0.0,0.0,0.0,22.777779,3
9,7,1,0,22.777779,56.5922,0.5201123,0.0,0.79268813,0.0,0.0,0.0,22.777779,3
9,8,1,0,22.777779,56.523445,0.5229918,0.0,0.84824246,0.0,0.0,0.0,22.777779,3
9,9,1,0,22.777779,56.473988,0.5244316,0.0,0.8898423,0.0,0.0,0.0,22.777779,3
9,10,1,0,22.777779,56.4497,0.5244316,0.0,1.01091,0.0,0.0,0.0,22.777779,3
9,11,1,0,22.777779,56.448692,0.5229918,0.0,1.2241817,0.0,0.0,0.0,22.777779,3
9,12,1,0,23.166525,55.2194,0.5229918,0.0,1.0848018,0.0,0.0,0.0,23.166666,3
9,13,1,0,24.99204,49.558075,0.52587134,0.0,0.0,0.33795846,0.0,0.0,25.0,3
9,14,1,0,24.999975,49.56046,0.52587134,0.0,0.6088204,0.0,0.0,0.0,25.0,3
9,15,1,0,23.866041,53.053677,0.52587134,0.0,1.3822012,0.0,0.0,0.0,23.833334,3
9,16,1,0,24.998533,49.629513,0.5244316,0.0,0.82835597,0.0,0.0,0.0,25.0,3
9,17,1,0,24.055199,52.801952,0.52875084,0.0,1.8661524,0.0,0.0,0.0,24.0,3
9,18,1,0,22.811577,57.03597,0.5645132,0.0,2.8446817,0.0,0.0,0.0,22.777779,3
9,19,1,0,22.778088,56.984837,0.5673927,0.0,2.0675817,0.0,0.0,0.0,22.777779,3
9,20,1,0,22.777779,56.844173,0.53450984,0.0,1.7871082,0.0,0.0,0.0,22.777779,3
9,21,1,0,22.777779,56.73226,0.91829336,0.0,1.8615218,0.0,0.0,1.0,22.777779,3
9,22,1,0,22.777779,56.652992,0.9328592,0.0,1.8430451,0.0,0.0,1.0,22.777779,3
9,23,1,0,22.777779,56.63131,0.7700295,0.0,1.6673071,0.0,0.0,1.0,22.777779,3
9,24,1,0,22.777779,56.66051,0.5897157,0.0,1.4850638,0.0,0.0,1.0,22.777779,3
9,1,2,0,22.777779,56.679287,0.5229918,0.0,1.3441635,0.0,0.0,1.0,22.777779,3
9,2,2,0,22.777779,56.717506,0.521552,0.47926077,1.2743177,0.0,0.0,1.0,22.777779,3
9,3,2,0,22.777779,56.8484,0.5201123,1.4377996,1.3285238,0.0,0.0,1.0,22.777779,3
9,4,2,0,22.777779,56.962967,0.5186725,0.0,1.131129,0.0,0.0,1.0,22.777779,3
9,5,2,0,22.777779,57.04639,0.5172328,0.0,1.0813663,0.0,0.0,1.0,22.777779,3
9,6,2,0,22.777779,57.07882,0.5172328,0.0,1.0760633,0.0,0.0,1.0,22.777779,3
9,7,2,0,22.777779,57.0849,0.6202338,0.0,1.1269677,0.0,0.0,1.0,22.777779,3
9,8,2,0,23.498634,55.2086,0.71443516,5.1580524,4.0607758,0.0,0.0,1.0,23.555555,3
9,9,2,0,24.998045,50.76282,0.7238193,1.9989954,1.5000963,0.0,0.0,1.0,25.0,3
9,10,2,0,24.999994,50.85934,0.71581006,0.0,0.86342263,0.0,0.0,1.0,25.0,3
9,11,2,0,25.0,50.93497,0.7102384,0.0,1.0979587,0.0,0.0,1.0,25.0,3
9,12,2,0,25.0,51.32892,0.71604496,3.9147725,3.641602,0.0,0.0,1.0,25.0,3
9,13,2,0,25.0,51.3423,0.52587134,0.0,1.3334676,0.0,0.0,0.0,25.0,3
9,14,2,0,25.0,51.40625,0.52587134,0.0,1.5738801,0.0,0.0,0.0,25.0,3
9,15,2,0,24.781721,51.987144,0.52587134,0.0,2.0053606,0.0,0.0,0.0,24.777779,3
9,16,2,0,22.887207,57.848736,0.5244316,1.4377611,4.0570087,0.0,0.0,0.0,22.777779,3
9,17,2,0,22.782064,57.874733,0.52875084,0.0,3.4339778,0.0,0.0,0.0,22.777779,3
9,18,2,0,22.777815,58.074837,0.5645132,0.0,2.952238,0.0,0.0,0.0,22.777779,3
9,19,2,0,22.777779,57.84549,0.5673927,0.0,2.2550206,0.0,0.0,0.0,22.777779,3
9,20,2,0,22.777779,57.56647,0.53450984,0.0,2.1782784,0.0,0.0,0.0,22.777779,3
9,21,2,0,22.777779,57.468365,0.5330701,0.0,2.0260634,0.0,0.0,0.0,22.777779,3
9,22,2,0,22.777779,57.408676,0.53163034,0.0,1.9177518,0.0,0.0,0.0,22.777779,3
9,23,2,0,22.777779,57.390812,0.52875084,0.0,1.7827928,0.0,0.0,0.0,22.777779,3
9,24,2,0,22.777779,57.398865,0.5244316,0.0,1.7116725,0.0,0.0,1.0,22.777779,3
9,1,3,0,22.777779,57.428204,0.5229918,0.0,1.5285729,0.0,0.0,1.0,22.777779,3
9,2,3,0,22.777779,57.512363,0.521552,0.0,1.3941137,0.0,0.0,1.0,22.777779,3
9,3,3,0,22.777779,57.594532,0.5201123,0.0,1.3063017,0.0,0.0,1.0,22.777779,3
9,4,3,0,22.777779,57.61932,0.5186725,0.0,1.2237087,0.0,0.0,1.0,22.777779,3
9,5,3,0,22.777779,57.841717,0.45593396,2.5489147,2.8037806,0.0,0.0,1.0,22.777779,3
9,6,3,0,22.777779,57.968723,0.5172328,0.0,1.0634462,0.0,0.0,0.0,22.777779,3
9,7,3,0,22.777779,57.88754,0.5201123,0.0,1.0594459,0.0,0.0,0.0,22.777779,3
9,8,3,0,22.777779,57.86452,0.5229918,0.0,1.1380675,0.0,0.0,0.0,22.777779,3
9,9,3,0,22.777779,57.86505,0.5244316,0.9636354,1.3741351,0.0,0.0,0.0,22.777779,3
9,10,3,0,22.777779,57.88205,0.5244316,0.4818269,1.4757524,0.0,0.0,0.0,22.777779,3
9,11,3,0,22.777779,57.856014,0.5229918,0.0,1.3953311,0.0,0.0,0.0,22.777779,3
9,12,3,0,23.110502,56.707375,0.5229918,0.0,1.3212962,0.0,0.0,0.0,23.11111,3
9,13,3,0,24.98832,50.846424,0.52587134,0.0,0.0,0.33130088,0.0,0.0,25.0,3
9,14,3,0,24.999857,50.93013,0.52587134,0.0,0.8970165,0.0,0.0,0.0,25.0,3
9,15,3,0,24.999994,50.93831,0.52587134,0.0,0.88123614,0.0,0.0,0.0,25.0,3
9,16,3,0,25.0,50.901577,0.5244316,0.0,1.2376535,0.0,0.0,0.0,25.0,3
9,17,3,0,25.0,51.045475,0.52875084,0.0,1.2451909,0.0,0.0,0.0,25.0,3
9,18,3,0,25.0,51.09755,0.5645132,0.0,1.0847263,0.0,0.0,0.0,25.0,3
9,19,3,0,25.0,51.001377,0.5673927,0.0,1.0030543,0.0,0.0,0.0,25.0,3
9,20,3,0,25.0,50.821342,0.53450984,0.0,0.9700425,0.0,0.0,0.0,25.0,3
9,21,3,0,25.0,51.03677,0.5330701,0.0,0.56030107,0.0,0.0,0.0,25.0,3
9,22,3,0,23.743359,54.860596,0.53163034,0.0,1.4944441,0.0,0.0,0.0,23.722221,3
9,23,3,0,22.800438,57.740856,0.52875084,0.0,2.0544174,0.0,0.0,1.0,22.777779,3
9,24,3,0,22.778168,57.500916,0.5244316,0.0,1.3684195,0.0,0.0,1.0,22.777779,3
9,1,4,0,22.777786,57.396782,0.5229918,0.0,1.2983197,0.0,0.0,1.0,22.777779,3
9,2,4,0,22.777779,57.132202,0.521552,0.0,1.06625,0.0,0.0,1.0,22.777779,3
9,3,4,0,22.777779,56.89083,0.5201123,0.0,0.9533104,0.0,0.0,1.0,22.777779,3
9,4,4,0,22.777779,56.646736,0.5186725,0.0,0.85705096,0.0,0.0,1.0,22.777779,3
9,5,4,0,22.777779,56.6161,0.5172328,0.0,0.7934326,0.0,0.0,1.0,22.777779,3
9,6,4,0,22.777779,56.51877,0.5172328,0.0,0.7530723,0.0,0.0,1.0,22.777779,3
9,7,4,0,23.331224,54.573967,0.5201123,0.0,0.34078598,0.0,0.0,1.0,23.333334,3
9,8,4,0,24.986633,49.392456,0.71443516,0.0,0.0,0.42329574,0.0,1.0,25.0,3
9,9,4,0,24.999998,49.320026,0.5244316,0.0,0.069785535,0.0,0.0,0.0,25.0,3
9,10,4,0,25.0,49.244083,0.5244316,0.0,0.43999866,0.0,0.0,0.0,25.0,3
9,11,4,0,25.0,49.23954,0.5229918,0.0,0.5928379,0.0,0.0,0.0,25.0,3
9,12,4,0,25.0,49.206764,0.5229918,0.0,0.75501335,0.0,0.0,0.0,25.0,3
9,13,4,0,25.0,49.20674,0.52587134,0.48441532,0.9215456,0.0,0.0,0.0,25.0,3
9,14,4,0,25.0,49.205578,0.72582954,0.0,1.1717236,0.0,0.0,1.0,25.0,3
9,15,4,0,25.0,49.160587,0.52587134,0.0,1.2617978,0.0,0.0,0.0,25.0,3
9,16,4,0,25.0,49.118088,0.5244316,0.0,1.384585,0.0,0.0,0.0,25.0,3
9,17,4,0,23.830622,52.639168,0.52875084,0.0,2.3210514,0.0,0.0,0.0,23.777779,3
9,18,4,0,22.792423,55.89512,0.5645132,0.0,2.872123,0.0,0.0,0.0,22.777779,3
9,19,4,0,24.77121,49.556145,0.5673927,0.0,0.61020434,0.0,0.0,0.0,24.777779,3
9,20,4,0,24.999962,48.83762,0.53450984,0.0,0.7016963,0.0,0.0,0.0,25.0,3
9,21,4,0,25.0,48.796333,0.5330701,0.0,0.9045368,0.0,0.0,0.0,25.0,3
9,22,4,0,25.0,48.77506,0.53163034,0.0,0.9353524,0.0,0.0,0.0,25.0,3
9,23,4,0,25.0,48.77961,0.52875084,0.0,0.8585638,0.0,0.0,0.0,25.0,3
9,24,4,0,25.0,48.802338,0.5244316,0.0,0.77180135,0.0,0.0,0.0,25.0,3
9,1,5,0,25.0,48.896305,0.5229918,0.0,0.6917188,0.0,0.0,1.0,25.0,3
9,2,5,0,25.0,48.967632,0.521552,0.0,0.5895142,0.0,0.0,1.0,25.0,3
9,3,5,0,25.0,49.037422,0.5201123,0.0,0.53884256,0.0,0.0,1.0,25.0,3
9,4,5,0,25.0,49.089527,0.5186725,0.0,0.4586061,0.0,0.0,1.0,25.0,3
9,5,5,0,25.0,49.189083,0.5172328,0.0,0.43472627,0.0,0.0,1.0,25.0,3
9,6,5,0,25.0,49.21056,0.5172328,0.0,0.43510944,0.0,0.0,1.0,25.0,3
9,7,5,0,25.0,49.613716,0.6202338,3.0002296,2.4270582,0.0,0.0,1.0,25.0,3
9,8,5,0,25.0,49.881638,0.5229918,2.8009186,2.3559813,0.0,0.0,0.0,25.0,3
9,9,5,0,25.0,50.041443,1.500234,0.0,0.9679548,0.0,0.0,1.0,25.0,3
9,10,5,0,25.0,50.02981,0.71581006,0.0,1.1129775,0.0,0.0,1.0,25.0,3
9,11,5,0,24.944557,50.19795,0.7102384,0.0,1.2716607,0.0,0.0,1.0,24.944445,3
9,12,5,0,23.165232,56.11599,0.71604496,5.0452275,6.018066,0.0,0.0,1.0,23.11111,3
9,13,5,0,24.993504,50.30119,0.52587134,0.0,0.71760386,0.0,0.0,0.0,25.0,3
9,14,5,0,24.999844,50.300026,0.52587134,0.0,0.99927634,0.0,0.0,0.0,25.0,3
9,15,5,0,24.999994,50.264973,0.52587134,0.9740563,1.3892877,0.0,0.0,0.0,25.0,3
9,16,5,0,23.248526,55.65976,0.73777014,0.4870159,3.0424025,0.0,0.0,1.0,23.166666,3
9,17,5,0,22.795918,57.25781,0.7700736,0.0,3.2068233,0.0,0.0,1.0,22.777779,3
9,18,5,0,22.778048,57.493954,0.5645132,0.0,2.5141575,0.0,0.0,0.0,22.777779,3
9,19,5,0,22.777779,57.234837,0.5673927,0.0,1.9406757,0.0,0.0,0.0,22.777779,3
9,20,5,0,22.777779,57.060196,0.53450984,0.0,1.8134617,0.0,0.0,0.0,22.777779,3
9,21,5,0,22.777779,56.96031,0.5330701,0.0,1.727696,0.0,0.0,0.0,22.777779,3
9,22,5,0,22.777779,56.88488,0.53163034,0.0,1.6637336,0.0,0.0,0.0,22.777779,3
9,23,5,0,22.777779,56.825985,0.52875084,0.0,1.555789,0.0,0.0,0.0,22.777779,3
9,24,5,0,22.777779,56.780556,0.5244316,0.0,1.4547974,0.0,0.0,0.0,22.777779,3
9,1,6,0,22.777779,56.72544,0.5229918,0.0,1.3772197,0.0,0.0,1.0,22.777779,3
9,2,6,0,22.777779,56.74938,0.521552,0.0,1.2738198,0.0,0.0,1.0,22.777779,3
9,3,6,0,22.777779,56.816772,0.5201123,0.0,1.2222068,0.0,0.0,1.0,22.777779,3
9,4,6,0,22.777779,56.856514,0.5186725,0.0,1.1761665,0.0,0.0,1.0,22.777779,3
9,5,6,0,22.777779,56.86336,0.5172328,0.0,1.1495898,0.0,0.0,1.0,22.777779,3
9,6,6,0,22.777779,56.840622,0.5172328,0.0,1.126394,0.0,0.0,1.0,22.777779,3
9,7,6,0,22.777779,56.78978,0.5201123,0.0,1.1388346,0.0,0.0,1.0,22.777779,3
9,8,6,0,22.777779,56.994434,0.71443516,2.2589855,2.710453,0.0,0.0,1.0,22.777779,3
9,9,6,0,22.777779,56.95309,0.7238193,0.0,1.3376529,0.0,0.0,1.0,22.777779,3
9,10,6,0,22.777779,56.89777,0.5244316,0.0,1.2987165,0.0,0.0,0.0,22.777779,3
9,11,6,0,22.777779,56.835003,0.5229918,0.0,1.2350557,0.0,0.0,0.0,22.777779,3
9,12,6,0,24.984407,49.879128,0.5229918,1.4689684,0.0,0.49288902,0.0,0.0,25.0,3
9,13,6,0,24.999897,49.87904,0.52587134,0.9792959,0.5962984,0.0,0.0,0.0,25.0,3
9,14,6,0,23.44028,54.74186,0.52587134,0.0,1.3114659,0.0,0.0,0.0,23.38889,3
9,15,6,0,22.842268,56.71397,0.52587134,0.0,2.082668,0.0,0.0,0.0,22.777779,3
9,16,6,0,22.780325,56.8102,0.5244316,0.0,1.6942112,0.0,0.0,0.0,22.777779,3
9,17,6,0,22.77785,57.299183,0.52875084,0.0,1.5837036,0.0,0.0,0.0,22.777779,3
9,18,6,0,22.777779,57.662285,0.5645132,0.0,1.4889042,0.0,0.0,0.0,22.777779,3
9,19,6,0,22.777779,57.492905,0.5673927,0.0,1.3589236,0.0,0.0,0.0,22.777779,3
9,20,6,0,22.777779,57.382534,0.53450984,0.0,1.3236802,0.0,0.0,0.0,22.777779,3
9,21,6,0,22.777779,57.281338,0.5330701,0.0,1.2854198,0.0,0.0,0.0,22.777779,3
9,22,6,0,22.777779,57.164932,0.53163034,0.0,1.2515697,0.0,0.0,0.0,22.777779,3
9,23,6,0,22.777779,56.968765,0.52875084,0.0,1.1657252,0.0,0.0,0.0,22.777779,3
9,24,6,0,22.777779,56.901245,0.5244316,0.0,1.0933844,0.0,0.0,0.0,22.777779,3
9,1,7,0,22.777779,56.831978,0.5229918,0.0,1.0405251,0.0,0.0,1.0,22.777779,3
9,2,7,0,22.777779,56.81247,0.521552,0.0,0.9378995,0.0,0.0,1.0,22.777779,3
9,3,7,0,22.777779,56.860165,0.5201123,0.0,0.8978982,0.0,0.0,1.0,22.777779,3
9,4,7,0,22.777779,56.856,0.5186725,0.0,0.8634051,0.0,0.0,1.0,22.777779,3
9,5,7,0,22.777779,56.823017,0.5172328,0.0,0.8391707,0.0,0.0,1.0,22.777779,3
9,6,7,0,22.777779,56.793716,0.5172328,0.0,0.82132083,0.0,0.0,1.0,22.777779,3
9,7,7,0,22.777779,56.761654,0.5201123,0.0,0.837355,0.0,0.0,1.0,22.777779,3
9,8,7,0,22.777779,56.698414,0.5229918,0.0,0.91366315,0.0,0.0,1.0,22.777779,3
9,9,7,0,22.777779,56.6538,0.5244316,0.0,0.9223824,0.0,0.0,0.0,22.777779,3
9,10,7,0,22.777779,56.6949,0.5244316,0.0,1.041884,0.0,0.0,0.0,22.777779,3
9,11,7,0,22.777779,56.705612,0.5229918,0.0,1.1098655,0.0,0.0,0.0,22.777779,3
9,12,7,0,22.777779,56.69245,0.5229918,0.0,1.1543912,0.0,0.0,0.0,22.777779,3
9,13,7,0,23.055029,55.77652,0.52587134,0.0,1.0976875,0.0,0.0,0.0,23.055555,3
9,14,7,0,24.66184,50.71078,0.52587134,0.0,0.42772043,0.0,0.0,0.0,24.666666,3
9,15,7,0,22.800837,56.601166,0.52587134,0.0,2.1353931,0.0,0.0,0.0,22.777779,3
9,16,7,0,22.778168,56.641205,0.5244316,0.0,2.1561265,0.0,0.0,0.0,22.777779,3
9,17,7,0,22.77781,57.319107,0.7700736,3.7333055,4.6083336,0.0,0.0,1.0,22.777779,3
9,18,7,0,22.777779,57.61916,0.86620885,0.0,1.8923091,0.0,0.0,1.0,22.777779,3
9,19,7,0,22.777779,57.759384,0.5673927,0.0,1.506855,0.0,0.0,0.0,22.777779,3
9,20,7,0,22.777779,57.41454,0.53450984,0.0,1.4304681,0.0,0.0,0.0,22.777779,3
9,21,7,0,22.777779,57.28669,0.91829336,1.4769406,1.7459236,0.0,0.0,1.0,22.777779,3
9,22,7,0,22.777779,57.174374,0.9328592,0.4923259,1.6140821,0.0,0.0,1.0,22.777779,3
9,23,7,0,22.777779,57.092636,0.7700295,0.49232188,1.4721264,0.0,0.0,1.0,22.777779,3
9,24,7,0,22.777779,57.14111,0.5897157,0.0,1.252042,0.0,0.0,1.0,22.777779,3
10,1,1,0,22.777779,57.11298,0.51432174,0.0,1.0975697,0.0,0.0,1.0,22.777779,3
10,2,1,0,22.777779,57.11248,0.5130987,0.0,0.9637887,0.0,0.0,1.0,22.777779,3
10,3,1,0,22.777779,57.120342,0.51187575,0.0,0.88806236,0.0,0.0,1.0,22.777779,3
10,4,1,0,22.777779,57.07927,0.5106527,0.0,0.8294252,0.0,0.0,1.0,22.777779,3
10,5,1,0,22.777779,57.09207,0.50942975,0.0,0.80717015,0.0,0.0,1.0,22.777779,3
10,6,1,0,22.777779,57.288136,1.5446494,0.0,0.9959289,0.0,0.0,1.0,22.777779,3
10,7,1,0,22.777779,57.32454,0.51187575,0.0,0.7695285,0.0,0.0,0.0,22.777779,3
10,8,1,0,23.44292,55.054806,0.51432174,0.0,0.33863652,0.0,0.0,0.0,23.444445,3
10,9,1,0,24.988243,50.15157,0.5155448,0.0,0.0,0.3521773,0.0,0.0,25.0,3
10,10,1,0,24.999998,50.20256,0.5155448,0.0,0.073420286,0.0,0.0,0.0,25.0,3
10,11,1,0,25.0,50.187286,0.51432174,0.0,0.37580764,0.0,0.0,0.0,25.0,3
10,12,1,0,25.0,50.24023,0.51432174,0.0,0.5715185,0.0,0.0,0.0,25.0,3
10,13,1,0,25.0,50.313297,0.51676774,0.0,0.70775867,0.0,0.0,0.0,25.0,3
10,14,1,0,25.0,50.331036,0.51676774,0.0,0.828583,0.0,0.0,0.0,25.0,3
10,15,1,0,23.790026,54.020687,0.51676774,0.0,1.7962327,0.0,0.0,0.0,23.777779,3
10,16,1,0,22.803183,57.18419,0.5155448,0.0,2.775461,0.0,0.0,0.0,22.777779,3
10,17,1,0,22.77931,57.734615,0.51921374,0.0,2.3677456,0.0,0.0,0.0,22.777779,3
10,18,1,0,22.777794,58.062344,0.5541091,0.0,2.0720842,0.0,0.0,0.0,22.777779,3
10,19,1,0,22.777779,57.874157,1.0607727,0.0,1.9425817,0.0,0.0,1.0,22.777779,3
10,20,1,0,24.43914,52.284573,0.5241058,0.0,0.5319677,0.0,0.0,0.0,24.444445,3
10,21,1,0,22.802807,57.48167,0.52288276,0.0,1.6600362,0.0,0.0,0.0,22.777779,3
10,22,1,0,22.77811,57.47935,1.0490259,0.0,2.0336225,0.0,0.0,1.0,22.777779,3
10,23,1,0,22.777784,57.422478,0.51921374,0.49499717,1.605503,0.0,0.0,0.0,22.777779,3
10,24,1,0,22.777779,57.331615,0.5155448,0.0,1.3259493,0.0,0.0,0.0,22.777779,3
10,1,2,0,22.777779,57.30061,0.51432174,0.0,1.2084479,0.0,0.0,1.0,22.777779,3
10,2,2,0,22.777779,57.26605,0.5130987,0.0,1.0544462,0.0,0.0,1.0,22.777779,3
10,3,2,0,22.777779,57.243515,0.51187575,0.0,0.9860267,0.0,0.0,1.0,22.777779,3
10,4,2,0,22.777779,57.248936,0.51155514,0.0,0.9298106,0.0,0.0,1.0,22.777779,3
10,5,2,0,22.777779,57.18116,0.50942975,0.0,0.8825299,0.0,0.0,1.0,22.777779,3
10,6,2,0,22.777779,57.13393,0.50942975,0.0,0.85319203,0.0,0.0,1.0,22.777779,3
10,7,2,0,22.777779,57.09488,0.51187575,0.0,0.8520623,0.0,0.0,1.0,22.777779,3
10,8,2,0,23.994669,53.10079,0.51432174,0.0,0.24796788,0.0,0.0,1.0,24.0,3
10,9,2,0,24.995169,50.0748,0.5155448,0.0,0.0,0.27651414,0.0,1.0,25.0,3
10,10,2,0,24.999996,50.12199,0.5155448,0.0,0.35567975,0.0,0.0,1.0,25.0,3
10,11,2,0,25.0,50.24369,0.51432174,0.0,0.6500168,0.0,0.0,1.0,25.0,3
10,12,2,0,25.0,50.28908,0.51432174,0.0,0.7369999,0.0,0.0,0.0,25.0,3
10,13,2,0,25.0,50.36086,0.51676774,0.0,0.9248258,0.0,0.0,0.0,25.0,3
10,14,2,0,25.0,50.42365,0.51676774,0.0,1.114946,0.0,0.0,0.0,25.0,3
10,15,2,0,25.0,50.487206,0.51676774,0.0,1.2756736,0.0,0.0,0.0,25.0,3
10,16,2,0,23.7827,54.216778,0.5155448,0.0,2.514088,0.0,0.0,0.0,23.722221,3
10,17,2,0,22.811369,57.719315,0.51921374,0.0,3.226222,0.0,0.0,0.0,22.777779,3
10,18,2,0,22.778177,58.16086,1.0002459,0.0,2.8439996,0.0,0.0,1.0,22.777779,3
10,19,2,0,22.77778,57.96588,1.0607727,0.0,2.2941751,0.0,0.0,1.0,22.777779,3
10,20,2,0,22.777779,57.674824,0.5241058,0.0,1.870275,0.0,0.0,0.0,22.777779,3
10,21,2,0,22.777779,57.566135,0.52288276,0.0,1.7469155,0.0,0.0,0.0,22.777779,3
10,22,2,0,22.777779,57.471916,0.5216598,0.0,1.6362336,0.0,0.0,0.0,22.777779,3
10,23,2,0,22.777779,57.438614,0.51921374,0.49770936,1.558846,0.0,0.0,0.0,22.777779,3
10,24,2,0,22.777779,57.419678,0.5155448,0.0,1.4306191,0.0,0.0,1.0,22.777779,3
10,1,3,0,22.777779,57.398453,0.51432174,0.0,1.2758021,0.0,0.0,1.0,22.777779,3
10,2,3,0,22.777779,57.472836,0.5130987,0.0,1.1723032,0.0,0.0,1.0,22.777779,3
10,3,3,0,22.777779,57.56462,0.51187575,0.0,1.0935243,0.0,0.0,1.0,22.777779,3
10,4,3,0,22.777779,57.589066,0.5106527,0.0,0.97669184,0.0,0.0,0.0,22.777779,3
10,5,3,0,22.777779,57.57909,0.50942975,0.0,0.9857073,0.0,0.0,1.0,22.777779,3
10,6,3,0,22.777779,57.568985,0.50942975,0.0,0.9784099,0.0,0.0,1.0,22.777779,3
10,7,3,0,22.777779,57.540283,0.51187575,0.0,0.98641455,0.0,0.0,1.0,22.777779,3
10,8,3,0,22.777779,57.57671,0.51432174,0.0,1.0865116,0.0,0.0,1.0,22.777779,3
10,9,3,0,22.777779,57.543354,0.8250122,0.0,1.3323294,0.0,0.0,1.0,22.777779,3
10,10,3,0,22.777779,57.538475,0.81909907,0.0,1.7921027,0.0,0.0,1.0,22.777779,3
10,11,3,0,22.777779,57.561443,0.8136378,0.0,1.9909879,0.0,0.0,1.0,22.777779,3
10,12,3,0,22.777779,57.580387,0.8215697,0.0,2.0943594,0.0,0.0,1.0,22.777779,3
10,13,3,0,22.777779,57.63508,0.8329143,1.501309,2.3632324,0.0,0.0,1.0,22.777779,3
10,14,3,0,22.777779,57.61529,0.51676774,0.0,2.2181597,0.0,0.0,1.0,22.777779,3
10,15,3,0,22.777779,57.555622,0.51676774,1.0008963,2.4274383,0.0,0.0,1.0,22.777779,3
10,16,3,0,22.777779,57.40264,0.5155448,0.0,2.4395144,0.0,0.0,1.0,22.777779,3
10,17,3,0,22.777779,57.729763,0.51921374,0.0,2.483213,0.0,0.0,1.0,22.777779,3
10,18,3,0,22.777779,57.96092,0.5541091,0.0,2.328675,0.0,0.0,0.0,22.777779,3
10,19,3,0,22.777779,57.737556,0.55655515,0.0,1.9450754,0.0,0.0,0.0,22.777779,3
10,20,3,0,22.777779,57.56376,0.5241058,0.0,1.8482325,0.0,0.0,0.0,22.777779,3
10,21,3,0,22.777779,57.432465,0.52288276,0.0,1.8266882,0.0,0.0,0.0,22.777779,3
10,22,3,0,22.777779,57.355255,0.5216598,0.0,1.7617013,0.0,0.0,0.0,22.777779,3
10,23,3,0,22.777779,57.33718,0.51921374,0.0,1.6212195,0.0,0.0,0.0,22.777779,3
10,24,3,0,22.777779,57.302555,0.6669931,0.0,1.5905384,0.0,0.0,1.0,22.777779,3
10,1,4,0,22.777779,57.32324,0.60059154,0.0,1.4533195,0.0,0.0,1.0,22.777779,3
10,2,4,0,22.777779,57.369854,0.5130987,0.0,1.2957889,0.0,0.0,1.0,22.777779,3
10,3,4,0,22.777779,57.387367,0.51187575,0.0,1.2090397,0.0,0.0,1.0,22.777779,3
10,4,4,0,22.777779,57.36003,0.5106527,0.0,1.1409476,0.0,0.0,1.0,22.777779,3
10,5,4,0,22.777779,57.328568,0.50942975,0.0,1.1016984,0.0,0.0,1.0,22.777779,3
10,6,4,0,22.777779,57.279907,0.50942975,0.0,1.0684063,0.0,0.0,1.0,22.777779,3
10,7,4,0,22.777779,57.222008,0.51187575,0.0,1.0797176,0.0,0.0,1.0,22.777779,3
10,8,4,0,22.777779,57.206947,0.51432174,0.0,1.132834,0.0,0.0,1.0,22.777779,3
10,9,4,0,23.831276,53.75088,0.5155448,0.0,0.59115356,0.0,0.0,1.0,23.833334,3
10,10,4,0,22.783518,57.231655,0.5155448,0.0,1.6771213,0.0,0.0,1.0,22.777779,3
10,11,4,0,22.777792,57.218796,0.8136378,0.0,2.1590705,0.0,0.0,1.0,22.777779,3
10,12,4,0,22.777779,57.489735,1.8567894,0.0,2.4193766,0.0,0.0,1.0,22.777779,3
10,13,4,0,22.998848,56.746017,0.8329143,0.0,2.0649455,0.0,0.0,1.0,23.0,3
10,14,4,0,24.989986,50.518883,0.51676774,0.0,0.64860475,0.0,0.0,0.0,25.0,3
10,15,4,0,24.999449,50.564106,0.51676774,0.0,1.2035807,0.0,0.0,0.0,25.0,3
10,16,4,0,22.971066,56.837177,0.5155448,0.5031879,3.262346,0.0,0.0,0.0,22.88889,3
10,17,4,0,22.782627,57.534637,0.88745576,0.0,3.3587778,0.0,0.0,1.0,22.777779,3
10,18,4,0,22.777826,57.62973,1.0002459,0.0,2.9065285,0.0,0.0,1.0,22.777779,3
10,19,4,0,22.777779,57.400112,1.0607727,0.0,2.424831,0.0,0.0,1.0,22.777779,3
10,20,4,0,22.777779,57.217087,0.5241058,0.0,2.077768,0.0,0.0,0.0,22.777779,3
10,21,4,0,22.777779,57.12689,0.52288276,0.0,1.9538828,0.0,0.0,0.0,22.777779,3
10,22,4,0,22.777779,57.021484,0.5216598,0.0,1.7846335,0.0,0.0,0.0,22.777779,3
10,23,4,0,22.777779,57.014076,0.51921374,0.5031924,1.7527776,0.0,0.0,1.0,22.777779,3
10,24,4,0,22.777779,57.001286,0.5155448,0.0,1.5794878,0.0,0.0,1.0,22.777779,3
10,1,5,0,22.777779,57.00893,0.51432174,0.0,1.4219526,0.0,0.0,1.0,22.777779,3
10,2,5,0,22.777779,57.057724,0.5130987,0.0,1.2971255,0.0,0.0,1.0,22.777779,3
10,3,5,0,22.777779,57.114063,0.51187575,0.0,1.2217404,0.0,0.0,1.0,22.777779,3
10,4,5,0,22.777779,57.146606,0.5106527,0.0,1.1528343,0.0,0.0,1.0,22.777779,3
10,5,5,0,22.777779,57.114502,0.50942975,0.0,1.0593646,0.0,0.0,0.0,22.777779,3
10,6,5,0,22.777779,57.04615,0.50942975,0.0,1.041416,0.0,0.0,0.0,22.777779,3
10,7,5,0,22.777779,57.03354,0.51187575,0.0,1.0448056,0.0,0.0,0.0,22.777779,3
10,8,5,0,22.777779,57.035873,0.51432174,0.0,1.1125771,0.0,0.0,0.0,22.777779,3
10,9,5,0,22.777779,57.041252,0.5155448,0.0,1.2361251,0.0,0.0,0.0,22.777779,3
10,10,5,0,22.777779,57.012005,0.5155448,0.0,1.5831461,0.0,0.0,0.0,22.777779,3
10,11,5,0,22.777779,57.019493,0.51432174,0.0,1.7843151,0.0,0.0,0.0,22.777779,3
10,12,5,0,22.777779,57.02882,0.51432174,0.0,1.8431855,0.0,0.0,0.0,22.777779,3
10,13,5,0,22.777779,57.07126,0.51676774,0.0,1.9480588,0.0,0.0,0.0,22.777779,3
10,14,5,0,22.777779,57.172226,0.51676774,0.0,2.1590824,0.0,0.0,0.0,22.777779,3
10,15,5,0,22.777779,57.122196,0.51676774,0.0,2.2863064,0.0,0.0,0.0,22.777779,3
10,16,5,0,22.777779,57.011967,0.5155448,0.0,2.387987,0.0,0.0,0.0,22.777779,3
10,17,5,0,22.777779,57.20555,0.51921374,0.0,2.50006,0.0,0.0,0.0,22.777779,3
10,18,5,0,22.777779,57.330578,0.5541091,0.0,2.3796,0.0,0.0,0.0,22.777779,3
10,19,5,0,22.777779,57.208282,0.55655515,0.0,1.9895736,0.0,0.0,0.0,22.777779,3
10,20,5,0,23.8874,53.498554,0.5241058,0.0,1.0658693,0.0,0.0,0.0,23.88889,3
10,21,5,0,24.776508,50.919983,0.52288276,0.0,0.7712846,0.0,0.0,0.0,24.777779,3
10,22,5,0,22.831661,57.119625,0.5216598,0.0,1.9543395,0.0,0.0,0.0,22.777779,3
10,23,5,0,22.778893,57.234142,0.51921374,0.0,2.0182378,0.0,0.0,0.0,22.777779,3
10,24,5,0,22.777796,57.16527,0.5155448,0.0,1.659095,0.0,0.0,0.0,22.777779,3
10,1,6,0,22.777779,57.13453,0.51432174,0.0,1.4284017,0.0,0.0,0.0,22.777779,3
10,2,6,0,22.777779,57.179024,0.5130987,0.0,1.2990999,0.0,0.0,1.0,22.777779,3
10,3,6,0,22.777779,57.251514,0.51187575,0.0,1.2090292,0.0,0.0,1.0,22.777779,3
10,4,6,0,22.777779,57.271175,0.5106527,0.0,1.1253597,0.0,0.0,1.0,22.777779,3
10,5,6,0,22.777779,57.303673,0.50942975,0.0,1.073023,0.0,0.0,1.0,22.777779,3
10,6,6,0,22.777779,57.325294,0.50942975,0.0,1.0480198,0.0,0.0,1.0,22.777779,3
10,7,6,0,22.777779,57.390892,0.51187575,0.0,1.0401165,0.0,0.0,1.0,22.777779,3
10,8,6,0,22.777779,57.420742,0.51432174,0.0,1.1003609,0.0,0.0,1.0,22.777779,3
10,9,6,0,22.777779,57.43833,0.8250122,0.0,1.2455364,0.0,0.0,1.0,22.777779,3
10,10,6,0,22.777779,57.53405,0.81909907,0.0,1.4481497,0.0,0.0,1.0,22.777779,3
10,11,6,0,22.777779,57.480236,0.51432174,0.0,1.4231874,0.0,0.0,0.0,22.777779,3
10,12,6,0,22.777779,57.425194,0.51432174,0.0,1.4970335,0.0,0.0,0.0,22.777779,3
10,13,6,0,21.84037,60.727123,0.51676774,1.5262325,2.6314847,0.0,0.0,0.0,21.833334,3
10,14,6,0,21.669035,61.30607,0.51676774,1.526216,2.7157032,0.0,0.0,0.0,21.666666,3
10,15,6,0,21.66678,61.28794,0.51676774,0.0,2.4576743,0.0,0.0,0.0,21.666666,3
10,16,6,0,21.666668,61.10723,0.5155448,0.0,2.3923576,0.0,0.0,0.0,21.666666,3
10,17,6,0,21.666666,61.587307,0.51921374,0.0,2.4913769,0.0,0.0,0.0,21.666666,3
10,18,6,0,21.666666,61.974922,0.5541091,0.0,2.3561575,0.0,0.0,0.0,21.666666,3
10,19,6,0,21.666666,61.761745,0.55655515,0.0,1.9134847,0.0,0.0,0.0,21.666666,3
10,20,6,0,21.666666,61.46426,0.5241058,0.0,1.8651229,0.0,0.0,0.0,21.666666,3
10,21,6,0,23.327839,55.66776,0.52288276,0.0,0.68482053,0.0,0.0,1.0,23.333334,3
10,22,6,0,22.785662,57.48806,0.5216598,0.0,1.2789549,0.0,0.0,1.0,22.777779,3
10,23,6,0,22.77789,57.509613,0.51921374,0.0,1.3237897,0.0,0.0,1.0,22.777779,3
10,24,6,0,22.777779,57.45097,0.5155448,0.0,1.2343321,0.0,0.0,1.0,22.777779,3
10,1,7,0,22.777779,57.481487,0.51432174,0.0,1.1181718,0.0,0.0,1.0,22.777779,3
10,2,7,0,22.777779,57.455402,0.5130987,0.0,0.9971,0.0,0.0,1.0,22.777779,3
10,3,7,0,22.777779,57.469982,0.51187575,0.0,0.97568667,0.0,0.0,1.0,22.777779,3
10,4,7,0,22.777779,57.439236,0.5106527,0.0,0.87642026,0.0,0.0,1.0,22.777779,3
10,5,7,0,22.777779,57.466667,0.50942975,0.0,0.87619334,0.0,0.0,1.0,22.777779,3
10,6,7,0,22.777779,57.584137,0.50942975,0.0,0.89022076,0.0,0.0,1.0,22.777779,3
10,7,7,0,22.777779,57.754314,0.51187575,0.0,0.8891855,0.0,0.0,1.0,22.777779,3
10,8,7,0,22.777779,57.832703,0.51432174,0.0,0.964576,0.0,0.0,1.0,22.777779,3
10,9,7,0,22.777779,57.83291,0.5155448,0.0,1.0635581,0.0,0.0,1.0,22.777779,3
10,10,7,0,22.777779,57.835648,1.257195,0.38717553,1.651707,0.0,0.0,1.0,22.777779,3
10,11,7,0,22.777779,58.85849,16.665705,2.5016046,3.1851776,0.0,0.0,1.0,22.777779,3
10,12,7,0,22.777779,58.743515,0.8215697,1.6852126,1.978194,0.0,0.0,1.0,22.777779,3
10,13,7,0,22.777779,58.62205,0.8329143,7.1179285,1.9634107,0.0,0.0,1.0,22.777779,3
10,14,7,0,22.777779,58.562294,0.833198,1.556491,2.0031738,0.0,0.0,1.0,22.777779,3
10,15,7,0,22.777779,58.523155,0.82043755,1.0231208,2.2197442,0.0,0.0,1.0,22.777779,3
10,16,7,0,22.777779,58.686638,1.6697879,6.1551495,4.4659944,0.0,0.0,1.0,22.777779,3
10,17,7,0,22.777779,59.19059,4.9941063,7.605687,4.334736,0.0,0.0,1.0,22.777779,3
10,18,7,0,22.777779,59.418293,1.0002459,0.0,2.3048358,0.0,0.0,1.0,22.777779,3
10,19,7,0,22.777779,59.16216,1.0607727,0.0,1.9669814,0.0,0.0,1.0,22.777779,3
10,20,7,0,22.777779,58.9739,0.5241058,0.0,1.6030208,0.0,0.0,0.0,22.777779,3
10,21,7,0,22.777779,58.79383,0.52288276,0.0,1.5035588,0.0,0.0,0.0,22.777779,3
10,22,7,0,22.777779,58.678085,0.5216598,1.0230488,1.5263989,0.0,0.0,0.0,22.777779,3
10,23,7,0,22.777779,58.53026,0.51921374,0.0,1.2919471,0.0,0.0,0.0,22.777779,3
10,24,7,0,22.777779,58.441444,0.6669931,0.0,1.3178295,0.0,0.0,1.0,22.777779,3
10,1,1,0,22.777779,58.45873,0.51432174,0.0,1.1500462,0.0,0.0,1.0,22.777779,3
10,2,1,0,22.777779,58.45179,0.5130987,0.0,1.0369023,0.0,0.0,1.0,22.777779,3
10,3,1,0,22.777779,58.44032,0.51187575,0.0,0.98542327,0.0,0.0,1.0,22.777779,3
10,4,1,0,22.777779,58.380436,0.5106527,0.0,0.9494492,0.0,0.0,1.0,22.777779,3
10,5,1,0,22.777779,58.350002,0.50942975,0.0,0.93017113,0.0,0.0,1.0,22.777779,3
10,6,1,0,22.777779,58.318184,0.50942975,0.0,0.9181733,0.0,0.0,1.0,22.777779,3
10,7,1,0,22.777779,58.476517,0.7046249,2.1385307,2.3261077,0.0,0.0,1.0,22.777779,3
10,8,1,0,22.777779,58.477604,0.8113917,0.40903187,1.3665333,0.0,0.0,1.0,22.777779,3
10,9,1,0,23.216496,56.99127,0.8250122,0.0,0.8718335,0.0,0.0,1.0,23.222221,3
10,10,1,0,24.989256,51.368618,0.5155448,0.0,0.0,0.35188767,0.0,0.0,25.0,3
10,11,1,0,23.139706,57.1947,0.51432174,0.51438135,2.0854063,0.0,0.0,0.0,23.11111,3
10,12,1,0,23.111456,57.300255,0.51432174,0.5143789,1.4476172,0.0,0.0,0.0,23.11111,3
10,13,1,0,24.987307,51.21769,0.51676774,0.0,0.0,0.45300376,0.0,0.0,25.0,3
10,14,1,0,25.0,51.193184,0.51676774,0.0,0.66371375,0.0,0.0,0.0,25.0,3
10,15,1,0,25.0,51.177826,0.51676774,0.0,0.4806164,0.0,0.0,0.0,25.0,3
10,16,1,0,25.0,51.09133,0.5155448,0.0,0.6322878,0.0,0.0,0.0,25.0,3
10,17,1,0,23.598396,56.10012,0.51921374,0.0,1.6013129,0.0,0.0,0.0,23.555555,3
10,18,1,0,22.80229,59.732914,0.5541091,0.0,2.0644422,0.0,0.0,0.0,22.777779,3
10,19,1,0,22.778185,59.39558,0.55655515,0.0,1.6058569,0.0,0.0,0.0,22.777779,3
10,20,1,0,22.777788,59.18641,0.5241058,0.0,1.4273996,0.0,0.0,0.0,22.777779,3
10,21,1,0,22.777779,58.942627,0.52288276,0.0,1.335073,0.0,0.0,0.0,22.777779,3
10,22,1,0,22.777779,58.451622,0.5216598,0.0,1.2818946,0.0,0.0,0.0,22.777779,3
10,23,1,0,22.777779,58.371357,0.51921374,0.0,1.206295,0.0,0.0,0.0,22.777779,3
10,24,1,0,22.777779,58.126892,0.5155448,0.0,1.1326149,0.0,0.0,0.0,22.777779,3
10,1,2,0,22.777779,57.94557,0.51432174,0.0,1.0320306,0.0,0.0,0.0,22.777779,3
10,2,2,0,22.777779,57.804127,0.5130987,0.0,0.9508791,0.0,0.0,0.0,22.777779,3
10,3,2,0,22.777779,57.7134,0.51187575,0.0,0.9195738,0.0,0.0,0.0,22.777779,3
10,4,2,0,22.777779,57.674576,0.5106527,0.0,0.93792146,0.0,0.0,1.0,22.777779,3
10,5,2,0,22.777779,57.669888,0.50942975,0.0,0.9304201,0.0,0.0,1.0,22.777779,3
10,6,2,0,22.777779,57.682735,0.50942975,0.0,0.92469674,0.0,0.0,1.0,22.777779,3
10,7,2,0,22.777779,57.831467,0.7046249,2.0217707,2.2542698,0.0,0.0,1.0,22.777779,3
10,8,2,0,23.942041,53.986984,0.8113917,0.0,0.4562635,0.0,0.0,1.0,23.944445,3
10,9,2,0,24.994751,50.896893,0.5155448,0.0,0.17489098,0.0,0.0,0.0,25.0,3
10,10,2,0,24.999956,51.185467,1.8543187,0.0,0.82579345,0.0,0.0,1.0,25.0,3
10,11,2,0,25.0,51.19704,0.8136378,0.0,0.73046154,0.0,0.0,1.0,25.0,3
10,12,2,0,25.0,51.316944,0.8215697,1.5516174,0.98681754,0.0,0.0,1.0,25.0,3
10,13,2,0,25.0,51.326683,0.51676774,0.0,0.5912937,0.0,0.0,0.0,25.0,3
10,14,2,0,25.0,51.25354,1.9284378,5.2671347,1.2410396,0.0,0.0,1.0,25.0,3
10,15,2,0,25.0,52.102108,16.672504,6.269558,2.0347779,0.0,0.0,1.0,25.0,3
10,16,2,0,24.399277,53.799362,0.5155448,0.51721483,1.5301626,0.0,0.0,0.0,24.38889,3
10,17,2,0,22.83251,58.9371,0.88745576,0.0,2.9152112,0.0,0.0,1.0,22.777779,3
10,18,2,0,22.77778,59.298653,1.0002459,0.0,2.1696267,0.0,0.0,1.0,22.777779,3
10,19,2,0,22.777779,59.01931,0.55655515,0.0,1.6376969,0.0,0.0,0.0,22.777779,3
10,20,2,0,22.777779,58.74356,0.5241058,0.0,1.4423873,0.0,0.0,0.0,22.777779,3
10,21,2,0,22.777779,58.307823,0.52288276,0.0,1.3444014,0.0,0.0,0.0,22.777779,3
10,22,2,0,22.777779,58.440594,2.0842457,0.0,1.8083894,0.0,0.0,1.0,22.777779,3
10,23,2,0,22.777779,58.28118,0.85103554,0.0,1.4846244,0.0,0.0,1.0,22.777779,3
10,24,2,0,22.777779,58.076817,0.5155448,0.0,1.2467648,0.0,0.0,1.0,22.777779,3
10,1,3,0,22.777779,57.917263,0.51432174,0.0,1.1176062,0.0,0.0,1.0,22.777779,3
10,2,3,0,22.777779,57.968063,0.5130987,0.0,0.9856763,0.0,0.0,1.0,22.777779,3
10,3,3,0,22.777779,58.072025,0.51187575,1.560196,1.1091496,0.0,0.0,1.0,22.777779,3
10,4,3,0,22.777779,58.090485,0.5106527,0.0,0.90441674,0.0,0.0,1.0,22.777779,3
10,5,3,0,22.777779,58.060654,0.50942975,0.0,0.8768041,0.0,0.0,1.0,22.777779,3
10,6,3,0,22.777779,58.041073,0.50942975,0.0,0.8397655,0.0,0.0,1.0,22.777779,3
10,7,3,0,22.777779,58.07759,0.51187575,0.0,0.8471961,0.0,0.0,1.0,22.777779,3
10,8,3,0,22.777779,57.998863,0.51432174,0.0,0.899435,0.0,0.0,0.0,22.777779,3
10,9,3,0,22.777779,57.89797,0.5155448,0.0,0.8724548,0.0,0.0,0.0,22.777779,3
10,10,3,0,22.777779,57.88882,0.81909907,0.0,1.0926092,0.0,0.0,1.0,22.777779,3
10,11,3,0,22.777779,57.82314,0.8136378,0.0,1.2287654,0.0,0.0,1.0,22.777779,3
10,12,3,0,22.777779,57.910065,0.8215697,0.0,1.3128773,0.0,0.0,1.0,22.777779,3
10,13,3,0,22.777779,57.777958,0.8329143,0.0,1.6694872,0.0,0.0,1.0,22.777779,3
10,14,3,0,22.777779,57.61732,0.51676774,0.0,1.6974906,0.0,0.0,0.0,22.777779,3
10,15,3,0,22.777779,57.55091,0.51676774,0.0,1.8778797,0.0,0.0,0.0,22.777779,3
10,16,3,0,22.777779,57.240196,0.5155448,0.0,1.9115349,0.0,0.0,0.0,22.777779,3
10,17,3,0,22.777779,57.05323,0.51921374,1.0401225,1.93556,0.0,0.0,0.0,22.777779,3
10,18,3,0,22.777779,56.99061,0.5541091,0.0,1.6459059,0.0,0.0,0.0,22.777779,3
10,19,3,0,22.777779,56.929035,0.55655515,0.0,1.4358155,0.0,0.0,0.0,22.777779,3
10,20,3,0,23.886942,53.147617,0.5241058,0.0,0.71971214,0.0,0.0,0.0,23.88889,3
10,21,3,0,22.793388,56.5861,0.52288276,0.0,1.5185304,0.0,0.0,0.0,22.777779,3
10,22,3,0,22.778028,56.55601,0.5216598,0.0,1.5337219,0.0,0.0,0.0,22.777779,3
10,23,3,0,22.777784,56.47366,0.51921374,0.0,1.3172555,0.0,0.0,0.0,22.777779,3
10,24,3,0,22.777779,56.46315,0.5155448,0.0,1.2239645,0.0,0.0,1.0,22.777779,3
10,1,4,0,22.777779,56.41775,0.51432174,0.0,1.0697969,0.0,0.0,1.0,22.777779,3
10,2,4,0,22.777779,56.379204,0.5130987,0.0,0.9250866,0.0,0.0,1.0,22.777779,3
10,3,4,0,22.777779,56.387505,0.51187575,0.0,0.7989059,0.0,0.0,0.0,22.777779,3
10,4,4,0,22.777779,56.315727,0.5106527,0.0,0.7674884,0.0,0.0,0.0,22.777779,3
10,5,4,0,22.777779,56.32813,0.50942975,0.0,0.76074344,0.0,0.0,1.0,22.777779,3
10,6,4,0,22.777779,56.26579,0.50942975,0.0,0.7360669,0.0,0.0,1.0,22.777779,3
10,7,4,0,22.777779,56.193283,0.7046249,0.0,0.795949,0.0,0.0,1.0,22.777779,3
10,8,4,0,22.777779,56.62551,0.8113917,5.431818,4.2627225,0.0,0.0,1.0,22.777779,3
10,9,4,0,22.777779,56.552017,0.8250122,0.0,1.1374197,0.0,0.0,1.0,22.777779,3
10,10,4,0,22.777779,56.432377,0.81909907,0.0,1.487371,0.0,0.0,1.0,22.777779,3
10,11,4,0,24.332539,51.812737,0.8136378,4.008596,2.7856545,0.0,0.0,1.0,24.333334,3
10,12,4,0,24.999302,50.140068,0.8215697,0.0,0.5750199,0.0,0.0,1.0,25.0,3
10,13,4,0,24.999987,50.075413,0.8329143,0.0,0.66867024,0.0,0.0,1.0,25.0,3
10,14,4,0,25.0,50.31684,0.833198,3.0047762,2.645237,0.0,0.0,1.0,25.0,3
10,15,4,0,24.40378,52.02873,0.82043755,0.0,1.7159578,0.0,0.0,1.0,24.38889,3
10,16,4,0,22.903332,56.83747,0.84845775,1.9141372,4.260148,0.0,0.0,1.0,22.777779,3
10,17,4,0,22.782179,56.93483,0.51921374,0.0,2.1569674,0.0,0.0,0.0,22.777779,3
10,18,4,0,22.777836,56.772636,0.5541091,0.0,1.7829001,0.0,0.0,0.0,22.777779,3
10,19,4,0,24.658373,50.694443,0.55655515,0.0,0.0,0.33284914,0.0,0.0,24.666666,3
10,20,4,0,24.99996,49.596954,0.5241058,1.5687592,0.5903493,0.0,0.0,0.0,25.0,3
10,21,4,0,25.0,49.579464,0.52288276,1.0458719,0.6756112,0.0,0.0,0.0,25.0,3
10,22,4,0,24.889566,49.8628,0.5216598,0.0,0.6906277,0.0,0.0,0.0,24.88889,3
10,23,4,0,22.82397,56.303867,0.51921374,0.0,1.8576146,0.0,0.0,0.0,22.777779,3
10,24,4,0,22.778355,56.364635,0.5155448,0.0,1.4835474,0.0,0.0,0.0,22.777779,3
10,1,5,0,22.777784,56.335297,0.51432174,0.0,1.0596404,0.0,0.0,0.0,22.777779,3
10,2,5,0,22.777779,56.348366,0.55162793,0.0,0.8777316,0.0,0.0,1.0,22.777779,3
10,3,5,0,22.777779,56.36182,0.5271543,0.0,0.7492853,0.0,0.0,1.0,22.777779,3
10,4,5,0,22.777779,56.37187,0.51155514,0.0,0.6910741,0.0,0.0,1.0,22.777779,3
10,5,5,0,22.777779,56.348263,0.50942975,0.0,0.6955077,0.0,0.0,1.0,22.777779,3
10,6,5,0,22.777779,56.340336,0.50942975,0.0,0.6844643,0.0,0.0,1.0,22.777779,3
10,7,5,0,22.777779,56.366486,0.51187575,0.0,0.6766984,0.0,0.0,1.0,22.777779,3
10,8,5,0,22.777779,56.36646,0.8113917,1.0516127,1.0283877,0.0,0.0,1.0,22.777779,3
10,9,5,0,22.777779,56.385952,0.5155448,0.0,0.90818787,0.0,0.0,1.0,22.777779,3
10,10,5,0,22.777779,56.322906,0.5155448,0.0,1.3896202,0.0,0.0,1.0,22.777779,3
10,11,5,0,22.777779,56.251537,0.51432174,0.0,1.5692441,0.0,0.0,1.0,22.777779,3
10,12,5,0,22.777779,56.280018,0.51432174,1.0516634,1.7509487,0.0,0.0,1.0,22.777779,3
10,13,5,0,22.777779,56.268517,0.8329143,0.0,1.9308122,0.0,0.0,1.0,22.777779,3
10,14,5,0,22.777779,56.273937,0.833198,0.0,2.1900623,0.0,0.0,1.0,22.777779,3
10,15,5,0,22.777779,56.24748,0.51676774,0.0,1.9581916,0.0,0.0,0.0,22.777779,3
10,16,5,0,22.777779,56.213547,0.5155448,0.0,1.8620676,0.0,0.0,0.0,22.777779,3
10,17,5,0,22.777779,56.52281,0.51921374,0.0,2.0247338,0.0,0.0,0.0,22.777779,3
10,18,5,0,22.777779,56.783573,0.5541091,0.0,1.9740467,0.0,0.0,0.0,22.777779,3
10,19,5,0,22.777779,56.93785,0.55655515,0.0,1.6737801,0.0,0.0,0.0,22.777779,3
10,20,5,0,22.777779,56.797703,0.5241058,0.0,1.6432747,0.0,0.0,0.0,22.777779,3
10,21,5,0,22.777779,56.740353,0.52288276,0.0,1.6052836,0.0,0.0,0.0,22.777779,3
10,22,5,0,22.777779,56.674778,1.0490259,0.0,1.8165839,0.0,0.0,1.0,22.777779,3
10,23,5,0,22.777779,56.651085,0.51921374,0.0,1.5063263,0.0,0.0,1.0,22.777779,3
10,24,5,0,22.777779,56.62424,0.5155448,0.0,1.3797396,0.0,0.0,1.0,22.777779,3
10,1,6,0,22.777779,56.628563,0.51432174,0.0,1.250705,0.0,0.0,1.0,22.777779,3
10,2,6,0,22.777779,56.614132,0.5130987,0.0,1.1283361,0.0,0.0,1.0,22.777779,3
10,3,6,0,22.777779,56.644493,0.51187575,0.0,1.0720828,0.0,0.0,1.0,22.777779,3
10,4,6,0,22.777779,56.692673,0.5106527,0.0,1.0090632,0.0,0.0,1.0,22.777779,3
10,5,6,0,22.777779,56.69598,0.50942975,0.0,0.97305185,0.0,0.0,1.0,22.777779,3
10,6,6,0,22.777779,56.728676,0.50942975,0.0,0.948194,0.0,0.0,1.0,22.777779,3
10,7,6,0,22.777779,56.85463,0.51187575,0.0,0.9672806,0.0,0.0,1.0,22.777779,3
10,8,6,0,22.777779,56.89836,0.51432174,0.0,1.0393429,0.0,0.0,1.0,22.777779,3
10,9,6,0,22.777779,56.948223,0.8250122,0.0,1.1386235,0.0,0.0,1.0,22.777779,3
10,10,6,0,22.777779,56.97307,1.9143388,0.0,1.7547289,0.0,0.0,1.0,22.777779,3
10,11,6,0,22.777779,57.106308,0.8136378,1.0159057,1.6806592,0.0,0.0,1.0,22.777779,3
10,12,6,0,22.777779,58.785984,19.52049,7.9968376,3.9107015,0.0,0.0,1.0,22.777779,3
10,13,6,0,22.777779,59.498173,16.684982,0.0,3.8201063,0.0,0.0,1.0,22.777779,3
10,14,6,0,22.777779,60.033398,16.685265,0.52873075,4.1968575,0.0,0.0,1.0,22.777779,3
10,15,6,0,22.777779,59.749146,0.82043755,0.0,2.6245747,0.0,0.0,1.0,22.777779,3
10,16,6,0,22.777779,59.30918,0.5155448,0.0,2.3589075,0.0,0.0,0.0,22.777779,3
10,17,6,0,22.777779,59.535294,0.51921374,0.0,2.3347678,0.0,0.0,0.0,22.777779,3
10,18,6,0,22.777779,59.738396,0.5541091,0.0,2.078327,0.0,0.0,0.0,22.777779,3
10,19,6,0,23.221388,58.023994,0.55655515,1.0574504,1.3969973,0.0,0.0,0.0,23.222221,3
10,20,6,0,24.99296,52.097694,0.5241058,0.0,0.35544387,0.0,0.0,0.0,25.0,3
10,21,6,0,22.86685,58.87941,0.52288276,0.0,2.1337125,0.0,0.0,0.0,22.833334,3
10,22,6,0,22.779387,59.022316,1.0490259,2.1323488,3.3606095,0.0,0.0,1.0,22.777779,3
10,23,6,0,22.777794,58.876293,0.51921374,0.0,1.5086737,0.0,0.0,1.0,22.777779,3
10,24,6,0,22.777779,58.80014,0.5155448,0.0,1.2978674,0.0,0.0,1.0,22.777779,3
10,1,7,0,22.777779,58.78755,0.51432174,0.0,1.1050011,0.0,0.0,1.0,22.777779,3
10,2,7,0,22.777779,58.691853,0.5130987,0.0,0.9531161,0.0,0.0,1.0,22.777779,3
10,3,7,0,22.777779,58.583225,0.51187575,0.0,0.86858183,0.0,0.0,1.0,22.777779,3
10,4,7,0,22.777779,58.616512,0.5106527,0.0,0.79536915,0.0,0.0,1.0,22.777779,3
10,5,7,0,22.777779,58.676067,0.52433926,1.9459299,1.9113996,0.0,0.0,1.0,22.777779,3
10,6,7,0,22.777779,58.68101,0.5723945,0.0,0.73787767,0.0,0.0,1.0,22.777779,3
10,7,7,0,22.777779,58.600327,0.7046249,0.0,0.7961398,0.0,0.0,1.0,22.777779,3
10,8,7,0,22.777779,58.589973,0.8113917,1.086782,1.6037316,0.0,0.0,1.0,22.777779,3
10,9,7,0,22.777779,58.503853,0.8250122,0.0,0.9929037,0.0,0.0,1.0,22.777779,3
10,10,7,0,22.777779,58.450356,0.5155448,1.5948822,1.1325719,0.0,0.0,0.0,22.777779,3
10,11,7,0,22.777779,58.382153,0.51432174,1.0632821,1.4263417,0.0,0.0,0.0,22.777779,3
10,12,7,0,22.777779,58.423744,0.51432174,0.0,1.4976568,0.0,0.0,0.0,22.777779,3
10,13,7,0,22.777779,58.48923,0.51676774,1.5949063,1.8398001,0.0,0.0,0.0,22.777779,3
10,14,7,0,22.777779,58.510002,0.51676774,0.0,1.8557234,0.0,0.0,0.0,22.777779,3
10,15,7,0,22.777779,58.483017,0.51676774,0.0,2.0393596,0.0,0.0,0.0,22.777779,3
10,16,7,0,22.777779,58.412354,0.5155448,0.0,2.1107864,0.0,0.0,0.0,22.777779,3
10,17,7,0,22.777779,58.817204,0.51921374,0.0,2.214659,0.0,0.0,0.0,22.777779,3
10,18,7,0,22.777779,59.110783,0.5541091,0.0,2.0654194,0.0,0.0,0.0,22.777779,3
10,19,7,0,22.777779,58.940838,0.55655515,0.0,1.7107755,0.0,0.0,0.0,22.777779,3
10,20,7,0,22.777779,58.790913,0.5241058,0.0,1.6742976,0.0,0.0,0.0,22.777779,3
10,21,7,0,22.777779,58.682983,0.52288276,0.0,1.6007168,0.0,0.0,0.0,22.777779,3
10,22,7,0,22.777779,58.544678,0.5216598,0.0,1.5163267,0.0,0.0,0.0,22.777779,3
10,23,7,0,22.777779,58.489212,0.51921374,0.0,1.4076945,0.0,0.0,0.0,22.777779,3
10,24,7,0,22.777779,58.42666,0.5155448,0.0,1.2107636,0.0,0.0,0.0,22.777779,3
10,1,1,0,22.777779,58.365707,0.60059154,0.0,1.0256865,0.0,0.0,1.0,22.777779,3
10,2,1,0,22.777779,58.219658,0.5130987,0.0,0.7183362,0.0,0.0,1.0,22.777779,3
10,3,1,0,22.777779,58.127987,0.51187575,0.0,0.51218706,0.0,0.0,1.0,22.777779,3
10,4,1,0,22.777779,58.02899,0.5106527,0.0,0.35819378,0.0,0.0,1.0,22.777779,3
10,5,1,0,22.777779,57.74522,0.50942975,0.0,0.23913164,0.0,0.0,1.0,22.777779,3
10,6,1,0,22.777779,57.655518,0.5723945,0.0,0.1252619,0.0,0.0,1.0,22.777779,3
10,7,1,0,22.777779,57.971954,0.7046249,5.3678637,3.2662015,0.0,0.0,1.0,22.777779,3
10,8,1,0,22.777779,57.8712,0.8113917,3.1158707,1.9512073,0.0,0.0,1.0,22.777779,3
10,9,1,0,22.777779,57.7209,0.8250122,0.0,0.14521779,0.0,0.0,1.0,22.777779,3
10,10,1,0,22.777779,57.33187,0.81909907,0.0,0.12782198,0.0,0.0,1.0,22.777779,3
10,11,1,0,22.777779,57.662697,0.8136378,6.001334,3.1214843,0.0,0.0,1.0,22.777779,3
10,12,1,0,22.777779,57.521328,0.8215697,0.0,0.1911776,0.0,0.0,1.0,22.777779,3
10,13,1,0,23.441294,54.965015,0.8329143,0.0,0.0,0.2636741,0.0,1.0,23.444445,3
10,14,1,0,24.998962,50.974277,4.3988414,2.9319365,1.110846,0.0,0.0,0.0,25.0,3
10,15,1,0,23.091562,56.84823,0.82043755,1.6036329,1.0362079,0.0,0.0,1.0,23.055555,3
10,16,1,0,22.788664,57.58394,0.84845775,1.6036943,0.50392693,0.0,0.0,1.0,22.777779,3
10,17,1,0,22.778645,57.127296,0.51921374,3.0863307,1.4445713,0.0,0.0,0.0,22.777779,3
10,18,1,0,22.777788,56.30932,0.5541091,0.0,0.0,0.5642843,0.0,0.0,22.777779,3
10,19,1,0,22.777779,55.66708,0.55655515,0.0,0.008378825,0.0,0.0,0.0,22.777779,3
10,20,1,0,22.777779,55.172638,0.5241058,0.0,0.06930006,0.0,0.0,0.0,22.777779,3
10,21,1,0,22.777779,55.108265,0.52288276,0.0,0.0,0.031332344,0.0,0.0,22.777779,3
10,22,1,0,22.777779,54.697285,0.5216598,0.0,0.0,0.039076965,0.0,0.0,22.777779,3
10,23,1,0,22.777779,54.611347,0.51921374,0.0,0.0,0.08124131,0.0,0.0,22.777779,3
10,24,1,0,22.777779,54.54107,0.5155448,0.0,0.0,0.051624462,0.0,1.0,22.777779,3
10,1,2,0,22.777779,54.33579,0.51432174,0.0,0.0,0.12498695,0.0,1.0,22.777779,3
10,2,2,0,22.777779,54.15498,0.5130987,0.0,0.0,0.21420722,0.0,1.0,22.777779,3
10,3,2,0,22.777779,54.004654,0.51187575,0.0,0.0,0.23292333,0.0,1.0,22.777779,3
10,4,2,0,22.777779,53.769135,0.5106527,0.0,0.0,0.25530237,0.0,1.0,22.777779,3
10,5,2,0,22.777779,53.50284,0.50942975,0.0,0.0,0.33289728,0.0,1.0,22.777779,3
10,6,2,0,22.777779,53.419754,0.50942975,0.0,0.0,0.2682508,0.0,1.0,22.777779,3
10,7,2,0,22.777779,53.13612,0.51187575,0.0,0.0,0.28222576,0.0,1.0,22.777779,3
10,8,2,0,24.042301,49.1541,0.51432174,0.0,0.0,1.1761858,0.0,1.0,24.055555,3
10,9,2,0,24.99885,46.819515,0.8250122,3.6006773,0.5154584,0.0,0.0,1.0,25.0,3
10,10,2,0,24.999985,46.677895,0.5155448,0.0,0.0,1.26012,0.0,0.0,25.0,3
10,11,2,0,25.0,46.56492,0.51432174,0.0,0.0,0.98312354,0.0,0.0,25.0,3
10,12,2,0,25.0,46.33411,0.51432174,0.0,0.0,0.8656096,0.0,0.0,25.0,3
10,13,2,0,25.0,46.214058,0.51676774,2.1499794,0.0,0.61140555,0.0,0.0,25.0,3
10,14,2,0,25.0,46.13529,0.51676774,0.0,0.0,0.80181885,0.0,0.0,25.0,3
10,15,2,0,24.446198,47.6258,0.51676774,0.0,0.0,0.30401582,0.0,0.0,24.444445,3
10,16,2,0,22.809488,52.442722,0.5155448,0.0,0.69954187,0.0,0.0,0.0,22.777779,3
10,17,2,0,22.77779,52.27931,0.51921374,0.0,0.0,0.12860774,0.0,0.0,22.777779,3
10,18,2,0,22.777779,51.679935,0.5541091,0.0,0.0,0.28323436,0.0,0.0,22.777779,3
10,19,2,0,22.777779,51.635708,0.55655515,0.0,0.13473088,0.0,0.0,0.0,22.777779,3
10,20,2,0,22.777779,51.388165,0.5241058,0.0,0.0,0.06466852,0.0,0.0,22.777779,3
10,21,2,0,22.777779,51.170635,0.52288276,0.0,0.10034959,0.0,0.0,0.0,22.777779,3
10,22,2,0,22.777779,51.009083,0.5216598,0.0,0.07590902,0.0,0.0,0.0,22.777779,3
10,23,2,0,22.777779,50.922806,0.51921374,0.0,0.050253112,0.0,0.0,0.0,22.777779,3
10,24,2,0,22.777779,50.89885,0.5155448,0.0,0.0,0.032189254,0.0,1.0,22.777779,3
10,1,3,0,22.777779,50.878265,0.51432174,0.0,0.0,0.14386089,0.0,1.0,22.777779,3
10,2,3,0,22.777779,50.84606,0.5130987,0.0,0.0,0.16742225,0.0,1.0,22.777779,3
10,3,3,0,22.777779,50.817245,0.51187575,0.0,0.0,0.15783203,0.0,1.0,22.777779,3
10,4,3,0,22.777779,50.802776,0.5106527,0.0,0.0,0.21808602,0.0,1.0,22.777779,3
10,5,3,0,22.777779,50.80859,0.50942975,0.0,0.0,0.21222042,0.0,1.0,22.777779,3
10,6,3,0,22.777779,50.78582,0.50942975,0.0,0.0,0.21765664,0.0,1.0,22.777779,3
10,7,3,0,22.777779,50.720615,0.7046249,0.0,0.0,0.07420759,0.0,1.0,22.777779,3
10,8,3,0,22.777779,51.082226,0.51432174,2.7096138,1.4151182,0.0,0.0,0.0,22.777779,3
10,9,3,0,22.777779,50.989296,0.5155448,0.0,0.0,0.1177328,0.0,0.0,22.777779,3
10,10,3,0,23.99138,47.41326,0.5155448,0.0,0.0,0.79409766,0.0,1.0,24.0,3
10,11,3,0,22.794355,51.02957,0.8136378,0.0,0.66227275,0.0,0.0,1.0,22.777779,3
10,12,3,0,23.107687,50.616783,4.9282203,2.0390937,1.4789281,0.0,0.0,1.0,23.11111,3
10,13,3,0,24.98807,46.019337,3.5706813,2.274521,0.3337536,0.0,0.0,1.0,25.0,3
10,14,3,0,23.485718,51.239334,4.715272,0.0,1.7317669,0.0,0.0,1.0,23.444445,3
10,15,3,0,22.805174,53.347286,0.82043755,0.0,0.9871845,0.0,0.0,1.0,22.777779,3
10,16,3,0,22.778528,53.35944,0.5155448,0.0,0.4395789,0.0,0.0,0.0,22.777779,3
10,17,3,0,22.777779,53.29598,0.51921374,0.0,0.0,0.082157634,0.0,0.0,22.777779,3
10,18,3,0,22.777779,53.294987,1.0002459,2.1617424,0.26874235,0.0,0.0,1.0,22.777779,3
10,19,3,0,22.777779,53.21907,0.55655515,0.0,0.18264797,0.0,0.0,0.0,22.777779,3
10,20,3,0,22.777779,53.114407,0.5241058,0.0,0.16646773,0.0,0.0,0.0,22.777779,3
10,21,3,0,22.777779,53.064785,0.52288276,0.0,0.15017223,0.0,0.0,0.0,22.777779,3
10,22,3,0,22.777779,53.014065,0.5216598,0.0,0.19783989,0.0,0.0,0.0,22.777779,3
10,23,3,0,22.777779,52.94042,0.85103554,0.0,0.29336992,0.0,0.0,1.0,22.777779,3
10,24,3,0,22.777779,52.883026,0.5155448,0.0,0.1269795,0.0,0.0,1.0,22.777779,3
10,1,4,0,22.777779,52.922585,0.51432174,0.0,0.06613337,0.0,0.0,1.0,22.777779,3
10,2,4,0,22.777779,52.906166,0.5130987,0.0,0.0,0.04746954,0.0,1.0,22.777779,3
10,3,4,0,22.777779,52.902546,0.51187575,0.0,0.0,0.06255135,0.0,1.0,22.777779,3
10,4,4,0,22.777779,52.87846,0.5106527,0.0,0.0,0.089950606,0.0,1.0,22.777779,3
10,5,4,0,22.777779,52.80019,0.50942975,0.0,0.0,0.08708757,0.0,1.0,22.777779,3
10,6,4,0,22.777779,52.694626,0.50942975,0.0,0.0,0.068479985,0.0,1.0,22.777779,3
10,7,4,0,22.777779,52.664436,0.51187575,0.0,0.0,0.032750458,0.0,1.0,22.777779,3
10,8,4,0,22.777779,52.58312,0.51432174,0.0,0.018977797,0.0,0.0,1.0,22.777779,3
10,9,4,0,24.53785,47.27735,0.5155448,0.0,0.0,1.0872622,0.0,1.0,24.555555,3
10,10,4,0,24.994965,45.98843,0.5155448,0.0,0.0,1.2603495,0.0,1.0,25.0,3
10,11,4,0,24.999989,45.9974,0.8136378,0.0,0.0,0.5534288,0.0,1.0,25.0,3
10,12,4,0,25.0,45.9847,0.51432174,0.0,0.0,0.5046521,0.0,0.0,25.0,3
10,13,4,0,25.0,45.980865,0.51676774,0.0,0.0,0.36693877,0.0,0.0,25.0,3
10,14,4,0,25.0,46.00863,0.51676774,0.0,0.0,0.29164764,0.0,0.0,25.0,3
10,15,4,0,23.224312,51.979763,0.82043755,5.770189,4.1641374,0.0,0.0,1.0,23.11111,3
10,16,4,0,22.804447,53.275997,0.84845775,0.0,1.0060447,0.0,0.0,1.0,22.777779,3
10,17,4,0,22.777994,53.27006,0.88745576,0.0,0.49088228,0.0,0.0,1.0,22.777779,3
10,18,4,0,22.77778,53.308334,0.5541091,0.0,0.21346886,0.0,0.0,0.0,22.777779,3
10,19,4,0,24.980562,46.660812,0.55655515,0.0,0.0,0.8701306,0.0,0.0,25.0,3
10,20,4,0,24.778385,47.191013,0.5241058,0.0,0.0,0.36907515,0.0,0.0,24.777779,3
10,21,4,0,22.83001,53.152195,0.52288276,2.1735353,1.6280258,0.0,0.0,1.0,22.777779,3
10,22,4,0,22.780218,53.368748,0.5216598,0.0,0.75629604,0.0,0.0,1.0,22.777779,3
10,23,4,0,22.777872,53.487938,0.51921374,0.0,0.6093949,0.0,0.0,1.0,22.777779,3
10,24,4,0,22.77778,53.57642,0.5155448,0.0,0.49475354,0.0,0.0,1.0,22.777779,3
10,1,5,0,22.777779,53.693516,0.51432174,0.0,0.38007948,0.0,0.0,1.0,22.777779,3
10,2,5,0,22.777779,53.829124,0.5130987,0.0,0.26463166,0.0,0.0,1.0,22.777779,3
10,3,5,0,22.777779,53.952362,0.51187575,0.0,0.22996585,0.0,0.0,1.0,22.777779,3
10,4,5,0,22.777779,54.06829,0.5106527,0.0,0.19453019,0.0,0.0,1.0,22.777779,3
10,5,5,0,22.777779,54.168125,0.50942975,0.0,0.18627846,0.0,0.0,1.0,22.777779,3
10,6,5,0,22.777779,54.21545,0.50942975,0.0,0.18847738,0.0,0.0,1.0,22.777779,3
10,7,5,0,22.777779,54.236008,0.7046249,0.0,0.28512007,0.0,0.0,1.0,22.777779,3
10,8,5,0,24.154343,49.90315,0.51432174,0.0,0.0,0.6405151,0.0,0.0,24.166666,3
10,9,5,0,24.986162,47.492786,0.5155448,0.0,0.0,1.162648,0.0,0.0,25.0,3
10,10,5,0,24.999928,47.482574,0.5155448,0.0,0.0,0.6667318,0.0,0.0,25.0,3
10,11,5,0,25.0,47.59823,0.51432174,2.1853914,0.0,0.1354153,0.0,0.0,25.0,3
10,12,5,0,25.0,47.756107,0.51432174,0.0,0.0,0.23227878,0.0,0.0,25.0,3
10,13,5,0,25.0,47.8371,0.51676774,0.0,0.0,0.15239865,0.0,0.0,25.0,3
10,14,5,0,25.0,47.874462,0.51676774,0.0,0.0,0.023894198,0.0,0.0,25.0,3
10,15,5,0,23.101135,53.697002,0.51676774,0.0,1.2253743,0.0,0.0,0.0,23.055555,3
10,16,5,0,22.801872,54.71163,0.5155448,0.0,0.77412343,0.0,0.0,0.0,22.777779,3
10,17,5,0,22.77846,54.957005,0.51921374,0.0,0.49407813,0.0,0.0,0.0,22.777779,3
10,18,5,0,22.77779,55.126526,1.0002459,0.0,0.61854523,0.0,0.0,1.0,22.777779,3
10,19,5,0,22.777779,55.095757,1.0607727,0.0,0.8808205,0.0,0.0,1.0,22.777779,3
10,20,5,0,22.829908,55.386555,1.0522037,3.5090442,2.8813074,0.0,0.0,1.0,22.833334,3
10,21,5,0,24.980022,48.686863,0.52288276,0.0,0.0,0.7766796,0.0,1.0,25.0,3
10,22,5,0,24.337091,50.67001,0.5216598,0.0,0.20021495,0.0,0.0,1.0,24.333334,3
10,23,5,0,22.820723,55.51721,0.51921374,0.0,1.1662443,0.0,0.0,1.0,22.777779,3
10,24,5,0,22.778984,55.738316,0.5155448,0.5463363,0.80454534,0.0,0.0,1.0,22.777779,3
10,1,6,0,22.77782,55.789295,0.51432174,0.0,0.56507844,0.0,0.0,1.0,22.777779,3
10,2,6,0,22.777779,55.898495,0.5130987,0.0,0.4164475,0.0,0.0,1.0,22.777779,3
10,3,6,0,22.777779,55.97868,0.51187575,0.0,0.3483417,0.0,0.0,1.0,22.777779,3
10,4,6,0,22.777779,56.098755,0.5106527,0.0,0.30613613,0.0,0.0,1.0,22.777779,3
10,5,6,0,22.777779,56.198696,0.50942975,0.0,0.28908545,0.0,0.0,1.0,22.777779,3
10,6,6,0,22.777779,56.268227,0.50942975,0.0,0.27530316,0.0,0.0,1.0,22.777779,3
10,7,6,0,22.777779,56.35335,0.51187575,0.0,0.27210137,0.0,0.0,1.0,22.777779,3
10,8,6,0,22.777779,56.35608,0.51432174,0.0,0.33548206,0.0,0.0,1.0,22.777779,3
10,9,6,0,22.777779,56.377346,0.5155448,0.0,0.40369594,0.0,0.0,1.0,22.777779,3
10,10,6,0,22.777779,56.66397,0.81909907,2.678313,2.0685751,0.0,0.0,1.0,22.777779,3
10,11,6,0,22.777779,56.665455,0.8136378,0.0,0.5890652,0.0,0.0,1.0,22.777779,3
10,12,6,0,22.777779,56.697453,0.8215697,0.0,0.5947538,0.0,0.0,1.0,22.777779,3
10,13,6,0,22.777779,56.71637,0.8329143,0.0,0.65937835,0.0,0.0,1.0,22.777779,3
10,14,6,0,22.777779,57.212505,1.8684177,3.989299,2.712148,0.0,0.0,1.0,22.777779,3
10,15,6,0,22.777779,57.492435,0.82043755,0.0,0.73424107,0.0,0.0,1.0,22.777779,3
10,16,6,0,22.777779,57.59129,0.84845775,1.6479391,0.90972644,0.0,0.0,1.0,22.777779,3
10,17,6,0,22.777779,57.577168,0.51921374,0.0,0.4360207,0.0,0.0,0.0,22.777779,3
10,18,6,0,22.777779,57.506847,0.5541091,0.0,0.38696003,0.0,0.0,0.0,22.777779,3
10,19,6,0,22.777779,57.44452,0.55655515,0.0,0.5610609,0.0,0.0,0.0,22.777779,3
10,20,6,0,22.777779,57.363476,0.5241058,0.0,0.59451455,0.0,0.0,0.0,22.777779,3
10,21,6,0,22.777779,57.32161,0.52288276,0.0,0.5892462,0.0,0.0,0.0,22.777779,3
10,22,6,0,22.777779,57.290154,1.0490259,0.0,0.82233065,0.0,0.0,1.0,22.777779,3
10,23,6,0,22.777779,57.19867,0.51921374,0.0,0.593343,0.0,0.0,1.0,22.777779,3
10,24,6,0,22.777779,57.09906,0.5155448,0.0,0.51290673,0.0,0.0,1.0,22.777779,3
10,1,7,0,22.777779,57.020412,0.51432174,0.0,0.38230115,0.0,0.0,1.0,22.777779,3
10,2,7,0,22.777779,56.899452,0.5130987,0.0,0.3165268,0.0,0.0,1.0,22.777779,3
10,3,7,0,22.777779,56.80386,0.51187575,0.0,0.23533468,0.0,0.0,1.0,22.777779,3
10,4,7,0,22.777779,56.70152,0.5106527,0.0,0.18930452,0.0,0.0,1.0,22.777779,3
10,5,7,0,22.777779,56.57792,0.50942975,0.0,0.15726832,0.0,0.0,1.0,22.777779,3
10,6,7,0,22.777779,56.41944,0.5723945,0.0,0.17166209,0.0,0.0,1.0,22.777779,3
10,7,7,0,22.777779,56.19429,0.51187575,0.0,0.10139821,0.0,0.0,0.0,22.777779,3
10,8,7,0,22.777779,56.11391,0.51432174,0.0,0.32647213,0.0,0.0,0.0,22.777779,3
10,9,7,0,22.777779,56.00385,0.5155448,0.0,0.4494004,0.0,0.0,0.0,22.777779,3
10,10,7,0,22.777779,55.939434,0.5155448,1.6568297,0.9616008,0.0,0.0,0.0,22.777779,3
10,11,7,0,22.777779,55.810844,0.51432174,0.0,0.9226921,0.0,0.0,0.0,22.777779,3
10,12,7,0,22.777779,55.946697,1.8567894,0.0,1.3548431,0.0,0.0,1.0,22.777779,3
10,13,7,0,24.052553,51.796364,0.8329143,0.0,0.5647169,0.0,0.0,1.0,24.055555,3
10,14,7,0,24.055542,51.74121,0.51676774,0.0,0.6657371,0.0,0.0,0.0,24.055555,3
10,15,7,0,23.841114,52.34249,0.51676774,0.0,1.1623062,0.0,0.0,0.0,23.833334,3
10,16,7,0,22.82388,55.47545,0.5155448,0.0,2.0114598,0.0,0.0,0.0,22.777779,3
10,17,7,0,22.778086,55.131603,0.51921374,0.0,1.4823738,0.0,0.0,0.0,22.777779,3
10,18,7,0,22.777779,54.658688,0.5541091,1.104557,1.2350724,0.0,0.0,0.0,22.777779,3
10,19,7,0,22.777779,54.52076,0.55655515,0.0,1.0964165,0.0,0.0,0.0,22.777779,3
10,20,7,0,22.777779,54.386284,0.5241058,0.0,1.0292237,0.0,0.0,0.0,22.777779,3
10,21,7,0,22.777779,55.191814,4.4049563,0.0,1.7426538,0.0,0.0,0.0,22.777779,3
10,22,7,0,22.777779,55.094093,1.0490259,0.0,1.1702207,0.0,0.0,1.0,22.777779,3
10,23,7,0,22.777779,55.021183,0.51921374,0.0,0.83928424,0.0,0.0,1.0,22.777779,3
10,24,7,0,22.777779,54.988895,0.5155448,0.0,0.7205004,0.0,0.0,1.0,22.777779,3
10,1,1,0,22.777779,54.95295,0.51432174,0.0,0.5960181,0.0,0.0,1.0,22.777779,3
10,2,1,0,22.777779,54.885723,0.5130987,0.0,0.47050592,0.0,0.0,1.0,22.777779,3
10,3,1,0,22.777779,54.667355,0.51187575,0.0,0.1479599,0.0,0.0,1.0,22.777779,3
10,4,1,0,22.777779,54.309868,0.5106527,0.0,0.07824451,0.0,0.0,1.0,22.777779,3
10,5,1,0,22.777779,54.07651,0.50942975,0.0,0.34791777,0.0,0.0,1.0,22.777779,3
10,6,1,0,22.777779,53.762775,0.50942975,0.0,0.039687153,0.0,0.0,1.0,22.777779,3
10,7,1,0,22.777779,53.3701,0.51187575,0.0,0.055684,0.0,0.0,1.0,22.777779,3
10,8,1,0,23.769718,50.114967,0.51432174,0.0,0.0,0.4676263,0.0,1.0,23.777779,3
10,9,1,0,24.983135,46.184875,0.5155448,0.0,0.0,1.298574,0.0,1.0,25.0,3
10,10,1,0,24.9999,45.91366,0.5155448,0.0,0.0,1.0720057,0.0,1.0,25.0,3
10,11,1,0,25.0,45.60614,0.8136378,0.0,0.0,0.39208314,0.0,1.0,25.0,3
10,12,1,0,25.0,45.31399,0.8215697,0.0,0.0,0.05552764,0.0,1.0,25.0,3
10,13,1,0,25.0,45.018513,0.51676774,0.0,0.0,0.17429855,0.0,0.0,25.0,3
10,14,1,0,25.0,44.740997,0.51676774,0.0,0.0,0.12951006,0.0,0.0,25.0,3
10,15,1,0,25.0,44.616405,0.51676774,1.6657877,0.034288455,0.0,0.0,0.0,25.0,3
10,16,1,0,23.905876,47.326897,0.5155448,0.55524987,0.48399818,0.0,0.0,0.0,23.88889,3
10,17,1,0,22.790094,50.456993,0.51921374,0.0,0.99179304,0.0,0.0,0.0,22.777779,3
10,18,1,0,23.885517,47.066097,0.5541091,0.0,0.0,0.23803113,0.0,0.0,23.88889,3
10,19,1,0,22.791292,50.304333,0.55655515,0.0,1.0143118,0.0,0.0,0.0,22.777779,3
10,20,1,0,22.777927,50.332832,0.5241058,0.0,1.0002722,0.0,0.0,0.0,22.777779,3
10,21,1,0,22.77778,50.332302,0.52288276,0.0,0.8340756,0.0,0.0,0.0,22.777779,3
10,22,1,0,23.878298,48.049126,4.9311,0.0,1.0655966,0.0,0.0,1.0,23.88889,3
10,23,1,0,23.387003,50.317074,4.7331095,0.0,1.5153412,0.0,0.0,1.0,23.333334,3
10,24,1,0,23.335228,51.510727,0.6669931,0.0,0.7043216,0.0,0.0,1.0,23.333334,3
10,1,2,0,23.333347,52.079678,0.51432174,0.0,0.4685531,0.0,0.0,1.0,23.333334,3
10,2,2,0,22.802702,53.617832,0.5130987,0.0,0.6501531,0.0,0.0,1.0,22.777779,3
10,3,2,0,23.33316,51.969147,0.51187575,0.0,0.13240452,0.0,0.0,1.0,23.333334,3
10,4,2,0,23.333332,52.042645,0.5106527,0.0,0.2464234,0.0,0.0,1.0,23.333334,3
10,5,2,0,23.333334,52.019672,0.50942975,0.0,0.121589094,0.0,0.0,1.0,23.333334,3
10,6,2,0,23.333334,52.000893,0.50942975,0.0,0.1556014,0.0,0.0,1.0,23.333334,3
10,7,2,0,23.333334,51.991173,0.51187575,0.0,0.1714054,0.0,0.0,1.0,23.333334,3
10,8,2,0,22.818998,53.616817,1.9066315,0.0,1.0322392,0.0,0.0,1.0,22.777779,3
10,9,2,0,22.77933,54.045723,10.336252,3.3054495,1.2005965,0.0,0.0,1.0,22.777779,3
10,10,2,0,23.333252,52.34494,3.9895127,1.8843732,0.6078733,0.0,0.0,1.0,23.333334,3
10,11,2,0,23.333334,52.291534,0.51432174,0.0,0.5065619,0.0,0.0,0.0,23.333334,3
10,12,2,0,22.78184,54.032608,0.51432174,1.6746831,1.068192,0.0,0.0,0.0,22.777779,3
10,13,2,0,22.777803,54.011158,0.51676774,0.0,0.9281767,0.0,0.0,0.0,22.777779,3
10,14,2,0,22.777779,54.04406,0.51676774,1.1164769,1.1795853,0.0,0.0,0.0,22.777779,3
10,15,2,0,22.777779,53.970684,0.51676774,0.0,1.0456285,0.0,0.0,0.0,22.777779,3
10,16,2,0,22.777779,53.913105,0.5155448,0.0,0.9488894,0.0,0.0,0.0,22.777779,3
10,17,2,0,22.887365,54.065212,4.4012876,0.0,1.4326911,0.0,0.0,0.0,22.88889,3
10,18,2,0,22.999706,53.42705,1.0002459,0.0,0.7842728,0.0,0.0,1.0,23.0,3
10,19,2,0,23.110794,53.00026,0.55655515,0.0,0.69300973,0.0,0.0,0.0,23.11111,3
10,20,2,0,23.220556,52.892216,0.5241058,2.2911174,1.9115669,0.0,0.0,0.0,23.222221,3
10,21,2,0,23.387936,52.29703,0.52288276,0.0,0.5130345,0.0,0.0,0.0,23.38889,3
10,22,2,0,23.498747,51.98245,0.5216598,0.55821097,0.5868112,0.0,0.0,1.0,23.5,3
10,23,2,0,23.586489,52.448406,0.85103554,5.844669,3.8873918,0.0,0.0,1.0,23.61111,3
10,24,2,0,23.719427,52.7127,0.5155448,0.0,0.35562834,0.0,0.0,1.0,23.722221,3
10,1,3,0,23.832018,52.406284,0.51432174,0.0,0.19980606,0.0,0.0,1.0,23.833334,3
10,2,3,0,23.942593,51.978024,0.5130987,0.0,0.09246996,0.0,0.0,1.0,23.944445,3
10,3,3,0,24.054956,51.554592,0.51187575,0.0,0.03487419,0.0,0.0,1.0,24.055555,3
10,4,3,0,24.166649,51.206722,0.5106527,0.0,0.0,0.0026902847,0.0,1.0,24.166666,3
10,5,3,0,24.27756,50.86448,0.50942975,0.0,0.0,0.03365815,0.0,1.0,24.277779,3
10,6,3,0,24.388424,50.53169,0.50942975,0.0,0.0,0.07300579,0.0,1.0,24.38889,3
10,7,3,0,22.818256,55.477062,0.51187575,0.0,1.0160527,0.0,0.0,1.0,22.777779,3
10,8,3,0,22.777779,55.556107,0.51432174,0.0,0.49013293,0.0,0.0,1.0,22.777779,3
10,9,3,0,22.777779,55.532677,0.5155448,0.0,0.56451243,0.0,0.0,1.0,22.777779,3
10,10,3,0,22.777779,55.51998,0.5155448,0.0,0.49635696,0.0,0.0,1.0,22.777779,3
10,11,3,0,24.980543,48.654545,0.51432174,0.0,0.0,0.93485665,0.0,1.0,25.0,3
10,12,3,0,24.99991,48.6365,0.51432174,0.0,0.0,0.46087846,0.0,1.0,25.0,3
10,13,3,0,25.0,48.69146,0.51676774,0.0,0.0,0.1237453,0.0,1.0,25.0,3
10,14,3,0,25.0,48.7574,0.51676774,0.0,0.015267859,0.0,0.0,1.0,25.0,3
10,15,3,0,24.185925,51.23499,0.51676774,0.0,0.5457628,0.0,0.0,1.0,24.166666,3
10,16,3,0,22.81606,55.597378,0.5155448,0.0,1.0876615,0.0,0.0,0.0,22.777779,3
10,17,3,0,22.77852,55.814354,0.51921374,0.0,0.59010214,0.0,0.0,0.0,22.777779,3
10,18,3,0,22.777784,55.86274,0.5541091,0.0,0.42009944,0.0,0.0,0.0,22.777779,3
10,19,3,0,22.777779,55.777756,0.55655515,0.0,0.60978496,0.0,0.0,0.0,22.777779,3
10,20,3,0,22.777779,55.71907,0.5241058,0.0,0.57512575,0.0,0.0,0.0,22.777779,3
10,21,3,0,22.777779,55.69306,0.52288276,0.0,0.54574203,0.0,0.0,0.0,22.777779,3
10,22,3,0,22.777779,55.680588,0.5216598,0.0,0.542784,0.0,0.0,0.0,22.777779,3
10,23,3,0,22.777779,55.639786,0.51921374,0.0,0.4821177,0.0,0.0,0.0,22.777779,3
10,24,3,0,22.777779,55.688446,0.6669931,0.0,0.5158253,0.0,0.0,1.0,22.777779,3
10,1,4,0,22.777779,55.796837,0.51432174,0.0,0.3712487,0.0,0.0,1.0,22.777779,3
10,2,4,0,22.777779,55.839462,0.5130987,0.0,0.28734216,0.0,0.0,1.0,22.777779,3
10,3,4,0,22.777779,55.900314,0.51187575,0.0,0.24614626,0.0,0.0,1.0,22.777779,3
10,4,4,0,22.777779,55.967686,0.5106527,0.0,0.20943093,0.0,0.0,1.0,22.777779,3
10,5,4,0,22.777779,56.031616,0.50942975,0.0,0.19844258,0.0,0.0,1.0,22.777779,3
10,6,4,0,22.777779,56.096954,0.50942975,0.0,0.185116,0.0,0.0,1.0,22.777779,3
10,7,4,0,22.777779,56.077847,0.51187575,0.0,0.13719422,0.0,0.0,0.0,22.777779,3
10,8,4,0,24.045015,51.911407,0.51432174,0.0,0.0,0.5715492,0.0,0.0,24.055555,3
10,9,4,0,24.987957,49.01817,0.5155448,0.0,0.0,1.2340325,0.0,0.0,25.0,3
10,10,4,0,24.999937,48.921394,0.5155448,0.0,0.0,0.71108425,0.0,0.0,25.0,3
10,11,4,0,25.0,48.913322,0.51432174,0.0,0.0,0.43465468,0.0,0.0,25.0,3
10,12,4,0,25.0,48.8662,0.51432174,0.0,0.0,0.25979894,0.0,0.0,25.0,3
10,13,4,0,25.0,48.86734,0.51676774,0.0,0.0,0.11111241,0.0,0.0,25.0,3
10,14,4,0,25.0,48.907375,0.51676774,0.0,0.048062876,0.0,0.0,0.0,25.0,3
10,15,4,0,25.0,48.924316,0.82043755,0.0,0.3839845,0.0,0.0,1.0,25.0,3
10,16,4,0,24.231855,51.18457,0.84845775,0.0,0.9356172,0.0,0.0,1.0,24.222221,3
10,17,4,0,22.867527,55.771015,4.9941063,6.5271206,2.991737,0.0,0.0,1.0,22.777779,3
10,18,4,0,22.779076,55.804905,2.0954857,4.4480762,1.8062837,0.0,0.0,1.0,22.777779,3
10,19,4,0,24.16311,51.58272,10.067796,1.6925175,0.7507507,0.0,0.0,0.0,24.166666,3
10,20,4,0,24.998531,49.463173,16.376173,0.0,0.6210893,0.0,0.0,0.0,25.0,3
10,21,4,0,24.999996,49.84792,16.37495,0.0,0.6972803,0.0,0.0,0.0,25.0,3
10,22,4,0,24.889175,50.06251,0.5216598,0.5642128,0.21652281,0.0,0.0,0.0,24.88889,3
10,23,4,0,22.83303,56.518826,0.51921374,0.0,1.0149199,0.0,0.0,0.0,22.777779,3
10,24,4,0,22.778172,56.456406,0.5155448,0.0,0.7176822,0.0,0.0,0.0,22.777779,3
10,1,5,0,22.777792,56.65477,0.60059154,2.3895047,1.7981955,0.0,0.0,1.0,22.777779,3
10,2,5,0,22.777779,56.657326,0.5130987,0.0,0.332973,0.0,0.0,1.0,22.777779,3
10,3,5,0,22.777779,56.621624,0.51187575,0.0,0.16864015,0.0,0.0,1.0,22.777779,3
10,4,5,0,22.777779,56.61551,0.5106527,0.0,0.076283276,0.0,0.0,1.0,22.777779,3
10,5,5,0,22.777779,56.571774,0.50942975,0.0,0.03503103,0.0,0.0,1.0,22.777779,3
10,6,5,0,22.777779,56.48919,0.50942975,0.0,0.008738922,0.0,0.0,1.0,22.777779,3
10,7,5,0,22.777779,56.406567,0.51187575,0.0,0.011657623,0.0,0.0,1.0,22.777779,3
10,8,5,0,22.777779,56.422577,0.51432174,0.0,0.26558387,0.0,0.0,1.0,22.777779,3
10,9,5,0,22.777779,56.417572,0.5155448,0.0,0.4361032,0.0,0.0,1.0,22.777779,3
10,10,5,0,22.777779,56.65763,0.5155448,0.0,0.66591316,0.0,0.0,1.0,22.777779,3
10,11,5,0,22.777779,56.63434,0.51432174,0.0,1.0062941,0.0,0.0,1.0,22.777779,3
10,12,5,0,23.16657,55.316822,0.51432174,0.0,0.820313,0.0,0.0,1.0,23.166666,3
10,13,5,0,23.111279,55.503258,0.51676774,0.0,0.9962222,0.0,0.0,1.0,23.11111,3
10,14,5,0,23.111113,55.45031,0.51676774,0.0,1.2317034,0.0,0.0,1.0,23.11111,3
10,15,5,0,23.11111,55.34454,0.51676774,0.0,1.5018761,0.0,0.0,1.0,23.11111,3
10,16,5,0,23.056696,55.415028,0.5155448,0.0,1.5497555,0.0,0.0,0.0,23.055555,3
10,17,5,0,23.055563,55.14068,0.51921374,0.0,1.436996,0.0,0.0,0.0,23.055555,3
10,18,5,0,23.055555,54.86668,0.5541091,0.0,1.1311016,0.0,0.0,0.0,23.055555,3
10,19,5,0,23.055555,54.68471,0.55655515,0.0,0.9034948,0.0,0.0,0.0,23.055555,3
10,20,5,0,23.000145,54.87642,0.5241058,2.2687552,1.2361445,0.0,0.0,0.0,23.0,3
10,21,5,0,23.0,54.810074,0.52288276,0.0,0.96085024,0.0,0.0,0.0,23.0,3
10,22,5,0,23.0,54.75116,0.5216598,0.0,0.8765988,0.0,0.0,0.0,23.0,3
10,23,5,0,23.0,54.665215,0.51921374,0.0,0.70962524,0.0,0.0,0.0,23.0,3
10,24,5,0,22.944805,54.84802,0.6669931,0.0,0.73345864,0.0,0.0,1.0,22.944445,3
10,1,6,0,22.944447,54.8717,0.51432174,0.0,0.5013581,0.0,0.0,1.0,22.944445,3
10,2,6,0,22.944445,54.888283,0.5130987,0.0,0.4216774,0.0,0.0,1.0,22.944445,3
10,3,6,0,22.892284,55.110325,0.51187575,0.0,0.43715268,0.0,0.0,1.0,22.88889,3
10,4,6,0,22.889048,55.160084,0.5106527,0.0,0.32016712,0.0,0.0,1.0,22.88889,3
10,5,6,0,22.888897,55.18529,0.50942975,0.0,0.33472714,0.0,0.0,1.0,22.88889,3
10,6,6,0,22.88889,55.11672,0.50942975,0.0,0.18421729,0.0,0.0,1.0,22.88889,3
10,7,6,0,22.834091,55.325775,0.51187575,0.0,0.3472575,0.0,0.0,1.0,22.833334,3
10,8,6,0,22.833338,55.328217,0.51432174,0.0,0.48475704,0.0,0.0,1.0,22.833334,3
10,9,6,0,22.833334,55.315662,0.5155448,0.0,0.6239216,0.0,0.0,1.0,22.833334,3
10,10,6,0,22.833334,55.32392,0.5155448,0.0,1.0369544,0.0,0.0,1.0,22.833334,3
10,11,6,0,22.777824,55.47442,0.51432174,0.0,1.1834348,0.0,0.0,0.0,22.777779,3
10,12,6,0,22.777779,55.460495,0.51432174,0.0,1.3122406,0.0,0.0,0.0,22.777779,3
10,13,6,0,22.777779,55.405083,0.51676774,0.0,1.4270661,0.0,0.0,0.0,22.777779,3
10,14,6,0,22.777779,55.373077,0.51676774,0.0,1.5995038,0.0,0.0,0.0,22.777779,3
10,15,6,0,22.777779,55.348415,0.51676774,1.1403942,1.9154569,0.0,0.0,0.0,22.777779,3
10,16,6,0,22.777779,55.282993,0.84845775,0.0,2.0561607,0.0,0.0,1.0,22.777779,3
10,17,6,0,22.777779,54.5349,0.51921374,0.0,1.2252908,0.0,0.0,0.0,22.777779,3
10,18,6,0,22.777779,53.99652,0.5541091,0.0,0.8890726,0.0,0.0,0.0,22.777779,3
10,19,6,0,22.777779,54.001583,0.55655515,0.0,1.3306063,0.0,0.0,0.0,22.777779,3
10,20,6,0,22.777779,54.01556,0.5241058,1.1403755,1.3711761,0.0,0.0,0.0,22.777779,3
10,21,6,0,22.777779,54.045895,1.0692536,3.5428152,1.468528,0.0,0.0,1.0,22.777779,3
10,22,6,0,22.777779,54.08788,1.0490259,0.0,1.42026,0.0,0.0,1.0,22.777779,3
10,23,6,0,22.777779,54.13263,0.85103554,0.0,1.2187473,0.0,0.0,1.0,22.777779,3
10,24,6,0,22.777779,54.061573,0.6669931,0.0,0.68611664,0.0,0.0,1.0,22.777779,3
10,1,7,0,22.777779,54.17262,0.60059154,0.0,0.85105044,0.0,0.0,1.0,22.777779,3
10,2,7,0,22.777779,54.315834,0.5130987,0.0,0.6790677,0.0,0.0,1.0,22.777779,3
10,3,7,0,22.777779,54.361137,0.51187575,0.0,0.58700854,0.0,0.0,1.0,22.777779,3
10,4,7,0,22.777779,54.431774,0.5106527,0.57318,0.50347775,0.0,0.0,1.0,22.777779,3
10,5,7,0,22.777779,54.19849,0.50942975,0.5731866,0.017083481,0.0,0.0,1.0,22.777779,3
10,6,7,0,22.777779,54.274754,0.50942975,0.0,0.35142323,0.0,0.0,1.0,22.777779,3
10,7,7,0,22.777779,54.306385,0.51187575,0.0,0.33800182,0.0,0.0,1.0,22.777779,3
10,8,7,0,22.777779,54.244244,0.51432174,0.0,0.31684023,0.0,0.0,1.0,22.777779,3
10,9,7,0,22.777779,54.246464,0.5155448,0.0,0.7209745,0.0,0.0,0.0,22.777779,3
10,10,7,0,22.777779,54.049046,0.5155448,0.0,0.7270366,0.0,0.0,0.0,22.777779,3
10,11,7,0,22.777779,54.103878,0.51432174,0.0,1.2367468,0.0,0.0,0.0,22.777779,3
10,12,7,0,22.777779,54.254215,0.51432174,0.0,1.3755774,0.0,0.0,0.0,22.777779,3
10,13,7,0,22.777779,54.356907,0.51676774,0.0,1.5556288,0.0,0.0,0.0,22.777779,3
10,14,7,0,22.777779,54.384586,0.51676774,0.0,1.6495245,0.0,0.0,0.0,22.777779,3
10,15,7,0,22.777779,54.299793,0.51676774,0.0,1.7006121,0.0,0.0,0.0,22.777779,3
10,16,7,0,22.777779,54.308617,0.5155448,0.0,1.817583,0.0,0.0,0.0,22.777779,3
10,17,7,0,22.777779,54.30893,0.51921374,0.0,1.8378911,0.0,0.0,0.0,22.777779,3
10,18,7,0,22.777779,54.059525,0.5541091,0.0,1.3675956,0.0,0.0,0.0,22.777779,3
10,19,7,0,22.777779,54.0163,0.55655515,0.0,1.3035889,0.0,0.0,0.0,22.777779,3
10,20,7,0,22.777779,54.26929,2.0874233,0.0,1.7540035,0.0,0.0,1.0,22.777779,3
10,21,7,0,22.777779,54.28011,1.0692536,0.0,1.5412529,0.0,0.0,1.0,22.777779,3
10,22,7,0,22.777779,54.326965,1.0490259,0.0,1.438506,0.0,0.0,1.0,22.777779,3
10,23,7,0,22.777779,54.361206,0.85103554,0.0,1.2321583,0.0,0.0,1.0,22.777779,3
10,24,7,0,22.777779,54.40551,0.6669931,0.0,1.0291016,0.0,0.0,1.0,22.777779,3
10,1,1,0,22.777779,54.51241,0.51432174,0.5761494,0.8409211,0.0,0.0,1.0,22.777779,3
10,2,1,0,22.777779,54.254723,0.5130987,0.57616395,0.40805033,0.0,0.0,1.0,22.777779,3
10,3,1,0,22.777779,54.333923,0.51187575,0.0,0.44342685,0.0,0.0,1.0,22.777779,3
10,4,1,0,22.777779,54.539158,0.5106527,0.0,0.48726118,0.0,0.0,1.0,22.777779,3
10,5,1,0,22.777779,54.564377,0.50942975,0.0,0.41616768,0.0,0.0,1.0,22.777779,3
10,6,1,0,22.777779,54.58482,0.5723945,0.0,0.4105269,0.0,0.0,1.0,22.777779,3
10,7,1,0,22.777779,54.88812,0.7046249,2.164672,1.5532415,0.0,0.0,1.0,22.777779,3
10,8,1,0,22.777779,54.944088,0.8113917,0.0,0.6604699,0.0,0.0,1.0,22.777779,3
10,9,1,0,22.777779,54.985584,0.8250122,0.0,0.90424234,0.0,0.0,1.0,22.777779,3
10,10,1,0,22.777779,56.08342,4.701173,1.7269329,3.0430577,0.0,0.0,1.0,22.777779,3
10,11,1,0,22.777779,56.969955,4.6957116,1.7285041,2.4243166,0.0,0.0,1.0,22.777779,3
10,12,1,0,22.777779,57.780228,4.7036433,0.0,2.3790185,0.0,0.0,1.0,22.777779,3
10,13,1,0,22.832933,57.513367,0.8329143,0.0,1.7640411,0.0,0.0,1.0,22.833334,3
10,14,1,0,24.987972,50.617935,0.833198,0.0,0.4294669,0.0,0.0,1.0,25.0,3
10,15,1,0,24.99983,50.582897,0.82043755,0.0,1.000576,0.0,0.0,1.0,25.0,3
10,16,1,0,24.634237,51.639404,0.5155448,0.0,1.209768,0.0,0.0,1.0,24.61111,3
10,17,1,0,22.832542,57.519855,0.88745576,0.0,2.9595742,0.0,0.0,1.0,22.777779,3
10,18,1,0,22.778368,57.67456,1.0002459,1.1523368,2.468674,0.0,0.0,1.0,22.777779,3
10,19,1,0,22.77778,57.472366,0.55655515,1.728486,1.770844,0.0,0.0,0.0,22.777779,3
10,20,1,0,22.777779,57.277317,0.5241058,0.0,1.4446499,0.0,0.0,0.0,22.777779,3
10,21,1,0,22.777779,57.12362,0.52288276,0.0,1.3190571,0.0,0.0,0.0,22.777779,3
10,22,1,0,22.777779,57.007122,0.5216598,0.0,1.2222598,0.0,0.0,0.0,22.777779,3
10,23,1,0,22.777779,56.98032,0.85103554,1.1523337,1.38963,0.0,0.0,1.0,22.777779,3
10,24,1,0,22.777779,56.946705,0.5155448,0.0,1.0323532,0.0,0.0,1.0,22.777779,3
10,1,2,0,22.777779,56.975895,0.51432174,0.0,0.88148654,0.0,0.0,1.0,22.777779,3
10,2,2,0,22.777779,57.03009,0.5130987,0.0,0.735544,0.0,0.0,1.0,22.777779,3
10,3,2,0,22.777779,57.112988,0.51187575,0.0,0.6528126,0.0,0.0,1.0,22.777779,3
10,4,2,0,22.777779,57.162174,0.5106527,0.0,0.5873707,0.0,0.0,1.0,22.777779,3
10,5,2,0,22.777779,57.12334,0.52433926,0.0,0.38114718,0.0,0.0,1.0,22.777779,3
10,6,2,0,22.777779,57.32932,0.5723945,2.471883,1.908305,0.0,0.0,1.0,22.777779,3
10,7,2,0,22.777779,57.52299,0.51187575,0.0,0.52635103,0.0,0.0,0.0,22.777779,3
10,8,2,0,22.777779,57.456318,0.51432174,0.0,0.5915767,0.0,0.0,0.0,22.777779,3
10,9,2,0,22.777779,57.602543,0.5155448,0.0,0.7231158,0.0,0.0,0.0,22.777779,3
10,10,2,0,22.777779,57.53159,0.5155448,0.0,0.7542442,0.0,0.0,0.0,22.777779,3
10,11,2,0,22.777779,57.53318,0.51432174,0.57915914,0.8931673,0.0,0.0,0.0,22.777779,3
10,12,2,0,22.777779,57.573975,0.51432174,0.0,1.0776025,0.0,0.0,0.0,22.777779,3
10,13,2,0,22.777779,57.57199,0.8329143,0.0,1.4173466,0.0,0.0,1.0,22.777779,3
10,14,2,0,22.777779,57.530178,0.51676774,0.0,1.5675212,0.0,0.0,0.0,22.777779,3
10,15,2,0,22.777779,57.6238,0.51676774,0.0,1.8909639,0.0,0.0,0.0,22.777779,3
10,16,2,0,22.777779,57.551346,0.5155448,0.0,1.6307627,0.0,0.0,0.0,22.777779,3
10,17,2,0,22.777779,57.706535,0.88745576,0.0,1.9129319,0.0,0.0,1.0,22.777779,3
10,18,2,0,22.777779,57.96763,1.0002459,0.0,1.8149618,0.0,0.0,1.0,22.777779,3
10,19,2,0,22.777779,57.758408,1.0607727,0.0,1.5942351,0.0,0.0,1.0,22.777779,3
10,20,2,0,22.777779,57.61038,0.5241058,0.0,1.3046657,0.0,0.0,0.0,22.777779,3
10,21,2,0,22.777779,57.45126,0.52288276,0.0,1.013091,0.0,0.0,0.0,22.777779,3
10,22,2,0,22.777779,57.396317,0.5216598,0.0,1.1354358,0.0,0.0,0.0,22.777779,3
10,23,2,0,22.777779,57.383823,0.51921374,0.0,1.0834429,0.0,0.0,1.0,22.777779,3
10,24,2,0,22.777779,57.38364,0.5155448,0.0,0.99578816,0.0,0.0,1.0,22.777779,3
10,1,3,0,22.777779,57.400913,0.51432174,0.0,0.76648617,0.0,0.0,1.0,22.777779,3
10,2,3,0,22.777779,57.57029,0.5130987,0.0,0.7196542,0.0,0.0,1.0,22.777779,3
10,3,3,0,22.777779,57.739647,0.51187575,0.0,0.6777781,0.0,0.0,1.0,22.777779,3
10,4,3,0,22.777779,57.700294,0.5106527,0.0,0.6302577,0.0,0.0,1.0,22.777779,3
10,5,3,0,22.777779,57.71049,0.50942975,0.0,0.6003567,0.0,0.0,1.0,22.777779,3
10,6,3,0,22.777779,57.90089,0.5723945,2.8301,2.1400418,0.0,0.0,1.0,22.777779,3
10,7,3,0,22.777779,57.8839,0.7046249,0.0,0.7016001,0.0,0.0,1.0,22.777779,3
10,8,3,0,22.777779,57.870083,0.8113917,0.0,0.8039781,0.0,0.0,1.0,22.777779,3
10,9,3,0,22.777779,57.932896,0.8250122,0.0,0.85895157,0.0,0.0,1.0,22.777779,3
10,10,3,0,22.777779,58.045994,0.81909907,0.0,0.8834658,0.0,0.0,1.0,22.777779,3
10,11,3,0,22.777779,58.27711,0.8136378,3.6666307,3.0124593,0.0,0.0,1.0,22.777779,3
10,12,3,0,23.276134,57.3307,4.7036433,1.746396,1.8853754,0.0,0.0,1.0,23.277779,3
10,13,3,0,24.993946,52.57271,4.714988,0.0,0.95344543,0.0,0.0,1.0,25.0,3
10,14,3,0,24.999958,52.69572,1.8684177,0.0,0.89985853,0.0,0.0,1.0,25.0,3
10,15,3,0,25.0,52.869812,0.82043755,0.0,0.7827198,0.0,0.0,1.0,25.0,3
10,16,3,0,25.0,52.631023,0.5155448,0.0,0.0,0.4180177,0.0,0.0,25.0,3
10,17,3,0,25.0,52.64285,0.51921374,0.0,0.033796687,0.0,0.0,0.0,25.0,3
10,18,3,0,23.109283,58.921997,0.5541091,0.5821421,1.5499866,0.0,0.0,0.0,23.055555,3
10,19,3,0,22.779716,59.678497,0.55655515,0.0,1.4742525,0.0,0.0,0.0,22.777779,3
10,20,3,0,22.777807,59.47365,0.5241058,0.0,1.1313896,0.0,0.0,0.0,22.777779,3
10,21,3,0,22.777779,59.054703,0.52288276,0.0,0.93576944,0.0,0.0,0.0,22.777779,3
10,22,3,0,23.33326,56.913464,0.5216598,0.0,0.3850852,0.0,0.0,0.0,23.333334,3
10,23,3,0,22.808651,58.416695,0.85103554,7.908819,2.3373775,0.0,0.0,1.0,22.777779,3
10,24,3,0,22.77783,58.340065,0.5155448,0.0,0.81324947,0.0,0.0,1.0,22.777779,3
11,1,4,0,22.77778,58.462414,0.5140065,0.0,0.62897813,0.0,0.0,1.0,22.777779,3
11,2,4,0,22.777779,58.41404,0.51279134,0.0,0.3279498,0.0,0.0,1.0,22.777779,3
11,3,4,0,22.777779,58.454735,0.51157624,0.0,0.47924605,0.0,0.0,1.0,22.777779,3
11,4,4,0,22.777779,58.42543,0.5103611,0.0,0.5253267,0.0,0.0,1.0,22.777779,3
11,5,4,0,22.777779,58.3321,0.509146,0.0,0.12672533,0.0,0.0,1.0,22.777779,3
11,6,4,0,22.777779,58.22822,0.509146,0.0,0.16846363,0.0,0.0,1.0,22.777779,3
11,7,4,0,22.777779,58.117138,0.51157624,0.0,0.13175155,0.0,0.0,1.0,22.777779,3
11,8,4,0,23.934431,54.047047,0.5140065,0.0,0.0,0.4417962,0.0,1.0,23.944445,3
11,9,4,0,24.994925,50.576572,0.8319637,0.0,0.0,0.72595954,0.0,1.0,25.0,3
11,10,4,0,25.0,50.44864,0.5152216,0.0,0.13264765,0.0,0.0,0.0,25.0,3
11,11,4,0,25.0,50.150112,0.5140065,0.0,0.4253683,0.0,0.0,0.0,25.0,3
11,12,4,0,25.0,49.996716,0.5140065,0.0,0.50489587,0.0,0.0,0.0,25.0,3
11,13,4,0,25.0,50.42853,3.6891193,0.0,1.365309,0.0,0.0,1.0,25.0,3
11,14,4,0,25.0,50.439552,0.8424927,2.634646,2.5652864,0.0,0.0,1.0,25.0,3
11,15,4,0,25.0,50.182404,0.5164367,0.0,1.0767561,0.0,0.0,0.0,25.0,3
11,16,4,0,23.185839,55.60233,0.5152216,0.0,2.4629083,0.0,0.0,0.0,23.11111,3
11,17,4,0,22.782114,56.206688,0.51886696,1.1702337,2.062195,0.0,0.0,0.0,22.777779,3
11,18,4,0,22.888588,55.19319,0.5537308,0.5851316,1.237081,0.0,0.0,0.0,22.88889,3
11,19,4,0,24.7152,49.30902,0.55616105,0.0,0.0,0.44023126,0.0,0.0,24.722221,3
11,20,4,0,22.799183,55.067463,0.5237274,0.0,1.4992,0.0,0.0,0.0,22.777779,3
11,21,4,0,22.777924,54.964,0.5225123,0.0,1.1577144,0.0,0.0,0.0,22.777779,3
11,22,4,0,22.777779,54.86333,0.5212972,0.0,0.91360664,0.0,0.0,1.0,22.777779,3
11,23,4,0,22.777779,54.78384,0.51886696,0.0,0.73921984,0.0,0.0,1.0,22.777779,3
11,24,4,0,22.777779,54.734356,0.5152216,0.0,0.6182046,0.0,0.0,1.0,22.777779,3
11,1,5,0,22.777779,54.733448,0.5140065,0.0,0.47394547,0.0,0.0,1.0,22.777779,3
11,2,5,0,22.777779,54.59076,0.51279134,0.0,0.32014707,0.0,0.0,1.0,22.777779,3
11,3,5,0,22.777779,54.40746,0.51157624,0.0,0.22226064,0.0,0.0,1.0,22.777779,3
11,4,5,0,22.777779,54.340336,0.5103611,0.0,0.08783725,0.0,0.0,1.0,22.777779,3
11,5,5,0,22.777779,54.227802,0.509146,0.0,0.0,0.043842725,0.0,1.0,22.777779,3
11,6,5,0,22.777779,54.048836,0.509146,0.0,0.052088488,0.0,0.0,1.0,22.777779,3
11,7,5,0,22.777779,53.969727,0.51157624,0.0,0.03473248,0.0,0.0,1.0,22.777779,3
11,8,5,0,24.205765,49.1578,0.5140065,0.0,0.0,1.1469531,0.0,1.0,24.222221,3
11,9,5,0,24.997389,46.495934,0.5152216,0.0,0.0,1.3470454,0.0,1.0,25.0,3
11,10,5,0,25.0,45.95417,0.5152216,0.0,0.0,0.4586036,0.0,1.0,25.0,3
11,11,5,0,25.0,45.429535,0.5140065,0.0,0.1315506,0.0,0.0,1.0,25.0,3
11,12,5,0,25.0,44.8228,0.5140065,0.0,0.37392032,0.0,0.0,1.0,25.0,3
11,13,5,0,24.889118,44.35776,0.5164367,0.0,0.66929793,0.0,0.0,1.0,24.88889,3
11,14,5,0,22.809711,50.138454,0.5164367,0.0,2.5699005,0.0,0.0,1.0,22.777779,3
11,15,5,0,22.778543,50.249992,0.5164367,0.0,2.4717026,0.0,0.0,1.0,22.777779,3
11,16,5,0,22.77782,50.26949,0.5152216,0.0,2.107368,0.0,0.0,1.0,22.777779,3
11,17,5,0,22.777779,50.488064,0.92334604,3.5741928,3.9661376,0.0,0.0,1.0,22.777779,3
11,18,5,0,22.777779,49.75137,0.5537308,0.0,0.8952824,0.0,0.0,0.0,22.777779,3
11,19,5,0,23.499298,47.4364,0.55616105,0.0,0.59221125,0.0,0.0,0.0,23.5,3
11,20,5,0,24.994665,43.00809,0.5237274,0.0,0.0,0.6847648,0.0,0.0,25.0,3
11,21,5,0,24.999996,42.819912,0.5225123,2.352271,0.0,0.3423729,0.0,0.0,25.0,3
11,22,5,0,23.95336,45.2583,0.5212972,0.0,0.29657897,0.0,0.0,0.0,23.944445,3
11,23,5,0,22.799376,48.214535,0.51886696,0.0,1.0863631,0.0,0.0,0.0,22.777779,3
11,24,5,0,22.777822,47.902622,0.5152216,0.0,0.44146696,0.0,0.0,0.0,22.777779,3
11,1,6,0,22.777779,47.895752,0.5140065,0.0,0.68937147,0.0,0.0,0.0,22.777779,3
11,2,6,0,22.777779,47.84404,0.51279134,0.0,0.37518176,0.0,0.0,0.0,22.777779,3
11,3,6,0,22.777779,47.79368,0.51157624,0.0,0.28091615,0.0,0.0,0.0,22.777779,3
11,4,6,0,22.777779,47.73781,0.5103611,0.0,0.14873576,0.0,0.0,0.0,22.777779,3
11,5,6,0,22.777779,47.709846,0.509146,0.0,0.12772821,0.0,0.0,1.0,22.777779,3
11,6,6,0,22.777779,47.680077,0.509146,0.0,0.16485351,0.0,0.0,1.0,22.777779,3
11,7,6,0,22.777779,47.67017,0.51157624,0.0,0.2233425,0.0,0.0,1.0,22.777779,3
11,8,6,0,22.777779,47.69889,0.5140065,0.0,0.3340819,0.0,0.0,1.0,22.777779,3
11,9,6,0,22.777779,47.75126,0.8319637,0.0,0.6893689,0.0,0.0,1.0,22.777779,3
11,10,6,0,22.777779,48.027214,0.8291344,1.6817871,2.0509803,0.0,0.0,1.0,22.777779,3
11,11,6,0,22.777779,48.11765,0.8235053,0.0,1.3891928,0.0,0.0,1.0,22.777779,3
11,12,6,0,22.777779,48.23596,0.83115196,0.0,1.5147169,0.0,0.0,1.0,22.777779,3
11,13,6,0,22.777779,48.96236,0.8422653,4.759502,4.1237645,0.0,0.0,1.0,22.777779,3
11,14,6,0,22.777779,48.961914,0.5164367,0.0,1.60207,0.0,0.0,0.0,22.777779,3
11,15,6,0,22.777779,48.92367,0.5164367,0.5910821,1.7909486,0.0,0.0,0.0,22.777779,3
11,16,6,0,22.777779,48.922276,0.5152216,0.0,1.6691017,0.0,0.0,0.0,22.777779,3
11,17,6,0,22.777779,49.016605,0.51886696,0.0,1.5323983,0.0,0.0,0.0,22.777779,3
11,18,6,0,22.777779,49.186783,0.5537308,0.0,1.3408593,0.0,0.0,0.0,22.777779,3
11,19,6,0,22.777779,49.22318,1.1659812,0.0,1.5645809,0.0,0.0,1.0,22.777779,3
11,20,6,0,22.777779,49.202084,0.5237274,0.0,1.2608621,0.0,0.0,0.0,22.777779,3
11,21,6,0,23.054369,48.42564,0.5225123,0.0,0.9766072,0.0,0.0,0.0,23.055555,3
11,22,6,0,22.78099,49.25109,0.5212972,0.0,1.1796541,0.0,0.0,0.0,22.777779,3
11,23,6,0,22.777813,49.317154,0.51886696,0.0,1.0172772,0.0,0.0,0.0,22.777779,3
11,24,6,0,22.777779,49.45207,0.5152216,0.0,0.94967544,0.0,0.0,1.0,22.777779,3
11,1,7,0,22.777779,49.66722,0.5140065,0.0,0.80876756,0.0,0.0,1.0,22.777779,3
11,2,7,0,22.777779,49.796173,0.51279134,0.0,0.6282044,0.0,0.0,1.0,22.777779,3
11,3,7,0,22.777779,50.03459,0.51157624,0.0,0.5479092,0.0,0.0,1.0,22.777779,3
11,4,7,0,22.777779,50.255276,0.5103611,0.0,0.4821471,0.0,0.0,1.0,22.777779,3
11,5,7,0,22.777779,50.26634,0.509146,0.0,0.36106604,0.0,0.0,0.0,22.777779,3
11,6,7,0,22.777779,50.263313,0.509146,0.0,0.2923231,0.0,0.0,0.0,22.777779,3
11,7,7,0,22.777779,50.254993,0.51157624,0.0,0.27467984,0.0,0.0,0.0,22.777779,3
11,8,7,0,22.777779,50.284145,0.8151131,0.0,0.5515045,0.0,0.0,1.0,22.777779,3
11,9,7,0,22.777779,50.305832,0.5152216,0.0,0.64131784,0.0,0.0,0.0,22.777779,3
11,10,7,0,22.777779,50.267582,0.5152216,0.0,1.0064894,0.0,0.0,0.0,22.777779,3
11,11,7,0,22.777779,50.276367,0.5140065,0.0,1.1820853,0.0,0.0,0.0,22.777779,3
11,12,7,0,22.777779,50.22245,0.5140065,0.0,1.22813,0.0,0.0,0.0,22.777779,3
11,13,7,0,22.99925,49.542744,0.5164367,0.0,1.0929078,0.0,0.0,0.0,23.0,3
11,14,7,0,24.987604,43.9748,0.5164367,0.0,0.0,0.371413,0.0,0.0,25.0,3
11,15,7,0,24.999949,43.958256,0.5164367,0.0,0.7973064,0.0,0.0,0.0,25.0,3
11,16,7,0,24.311459,45.84119,0.8652163,0.0,1.4540666,0.0,0.0,1.0,24.277779,3
11,17,7,0,22.805058,49.922375,0.51886696,0.0,2.3295014,0.0,0.0,0.0,22.777779,3
11,18,7,0,22.777887,49.74627,0.5537308,0.0,1.5679126,0.0,0.0,0.0,22.777779,3
11,19,7,0,23.942211,46.053936,0.55616105,0.0,0.59643364,0.0,0.0,0.0,23.944445,3
11,20,7,0,23.66783,46.796936,0.5237274,1.7820867,0.9756438,0.0,0.0,0.0,23.666666,3
11,21,7,0,22.786324,49.27223,0.5225123,0.0,1.4234983,0.0,0.0,0.0,22.777779,3
11,22,7,0,22.777878,49.29116,0.98080355,0.0,1.4390694,0.0,0.0,1.0,22.777779,3
11,23,7,0,22.777779,49.2836,0.8716347,0.0,1.168704,0.0,0.0,1.0,22.777779,3
11,24,7,0,22.777779,49.28661,0.5152216,0.0,0.84388137,0.0,0.0,1.0,22.777779,3
11,1,1,0,22.777779,49.289993,0.5140065,0.0,0.66105163,0.0,0.0,1.0,22.777779,3
11,2,1,0,22.777779,49.299767,0.51279134,0.0,0.5068884,0.0,0.0,1.0,22.777779,3
11,3,1,0,22.777779,49.327217,0.51157624,0.0,0.477075,0.0,0.0,1.0,22.777779,3
11,4,1,0,22.777779,49.385197,0.5103611,0.0,0.44225574,0.0,0.0,1.0,22.777779,3
11,5,1,0,22.777779,49.472477,0.509146,0.0,0.41791093,0.0,0.0,1.0,22.777779,3
11,6,1,0,22.777779,49.502476,0.509146,0.0,0.4354359,0.0,0.0,1.0,22.777779,3
11,7,1,0,22.777779,49.61968,0.51157624,0.0,0.43866286,0.0,0.0,1.0,22.777779,3
11,8,1,0,22.777779,49.668625,0.5140065,0.0,0.51706374,0.0,0.0,1.0,22.777779,3
11,9,1,0,22.777779,49.74736,0.8319637,0.0,0.7327064,0.0,0.0,1.0,22.777779,3
11,10,1,0,24.943192,44.489803,0.8291344,6.090224,2.8009052,0.0,0.0,1.0,24.944445,3
11,11,1,0,24.447603,46.17639,0.8235053,1.8388139,1.5364165,0.0,0.0,1.0,24.444445,3
11,12,1,0,22.795143,51.121735,0.83115196,0.0,1.636295,0.0,0.0,1.0,22.777779,3
11,13,1,0,22.77784,51.275658,0.5164367,0.0,1.5220754,0.0,0.0,0.0,22.777779,3
11,14,1,0,22.777779,51.3977,0.5164367,0.0,1.5420827,0.0,0.0,0.0,22.777779,3
11,15,1,0,22.777779,51.562965,0.5164367,1.7909751,1.7249027,0.0,0.0,0.0,22.777779,3
11,16,1,0,22.777779,51.758286,0.5152216,0.0,1.5734197,0.0,0.0,0.0,22.777779,3
11,17,1,0,22.777779,52.21712,0.51886696,0.0,1.5799677,0.0,0.0,0.0,22.777779,3
11,18,1,0,22.777779,52.623306,0.5537308,0.0,1.3304183,0.0,0.0,0.0,22.777779,3
11,19,1,0,22.777779,52.54379,0.55616105,0.0,1.2158767,0.0,0.0,0.0,22.777779,3
11,20,1,0,22.777779,52.52325,0.5237274,0.0,1.17955,0.0,0.0,0.0,22.777779,3
11,21,1,0,22.777779,52.599155,0.5225123,0.0,1.1299634,0.0,0.0,0.0,22.777779,3
11,22,1,0,22.777779,52.676826,0.5212972,0.0,1.0782826,0.0,0.0,0.0,22.777779,3
11,23,1,0,22.777779,52.734406,0.51886696,0.0,0.96569854,0.0,0.0,0.0,22.777779,3
11,24,1,0,22.777779,52.90384,0.5152216,0.0,0.8786837,0.0,0.0,1.0,22.777779,3
11,1,2,0,22.777779,53.04308,0.5140065,0.0,0.7535473,0.0,0.0,1.0,22.777779,3
11,2,2,0,22.777779,53.15951,0.51279134,0.0,0.6118221,0.0,0.0,1.0,22.777779,3
11,3,2,0,22.777779,53.35894,0.51157624,0.0,0.5375209,0.0,0.0,1.0,22.777779,3
11,4,2,0,22.777779,53.457603,0.5103611,0.0,0.49986178,0.0,0.0,1.0,22.777779,3
11,5,2,0,22.777779,53.66496,0.509146,0.0,0.4519329,0.0,0.0,1.0,22.777779,3
11,6,2,0,22.777779,53.852337,0.509146,0.0,0.42132914,0.0,0.0,1.0,22.777779,3
11,7,2,0,22.777779,54.051514,0.51157624,0.0,0.44592145,0.0,0.0,1.0,22.777779,3
11,8,2,0,23.936728,50.446827,0.5140065,0.0,0.0,0.23912083,0.0,0.0,23.944445,3
11,9,2,0,24.994162,47.417114,0.5152216,0.0,0.0,0.68714046,0.0,0.0,25.0,3
11,10,2,0,24.999996,47.481777,0.5152216,0.0,0.0,0.19500165,0.0,0.0,25.0,3
11,11,2,0,25.0,47.605835,0.5140065,0.0,0.14558019,0.0,0.0,1.0,25.0,3
11,12,2,0,25.0,47.75925,0.5140065,0.0,0.28369907,0.0,0.0,1.0,25.0,3
11,13,2,0,25.0,47.86162,0.5164367,0.0,0.36779988,0.0,0.0,1.0,25.0,3
11,14,2,0,25.0,48.217007,0.5164367,0.0,0.4473104,0.0,0.0,1.0,25.0,3
11,15,2,0,25.0,48.31134,0.5164367,0.0,0.54732335,0.0,0.0,1.0,25.0,3
11,16,2,0,22.997768,54.632107,0.5152216,0.0,1.8723215,0.0,0.0,1.0,22.944445,3
11,17,2,0,22.789848,55.85597,0.51886696,0.0,2.0178907,0.0,0.0,1.0,22.777779,3
11,18,2,0,22.777973,56.37499,0.5537308,1.7998205,1.6344324,0.0,0.0,1.0,22.777779,3
11,19,2,0,22.777779,56.2592,0.55616105,0.0,1.2016096,0.0,0.0,1.0,22.777779,3
11,20,2,0,22.777779,56.201992,0.5237274,0.0,1.1234303,0.0,0.0,1.0,22.777779,3
11,21,2,0,22.777779,56.181736,0.5225123,0.0,1.0721924,0.0,0.0,1.0,22.777779,3
11,22,2,0,22.777779,56.185432,0.5212972,0.0,1.0392832,0.0,0.0,1.0,22.777779,3
11,23,2,0,22.777779,56.20081,0.51886696,0.0,0.9491827,0.0,0.0,1.0,22.777779,3
11,24,2,0,22.777779,56.230686,0.5152216,0.0,0.86866283,0.0,0.0,1.0,22.777779,3
11,1,3,0,22.777779,56.295795,0.5140065,0.0,0.77060825,0.0,0.0,1.0,22.777779,3
11,2,3,0,22.777779,56.367,0.51279134,0.0,0.66987485,0.0,0.0,1.0,22.777779,3
11,3,3,0,22.777779,56.45622,0.51157624,0.0,0.63671964,0.0,0.0,1.0,22.777779,3
11,4,3,0,22.777779,56.51784,0.5103611,0.0,0.5923406,0.0,0.0,1.0,22.777779,3
11,5,3,0,22.777779,56.51312,0.509146,0.0,0.5702384,0.0,0.0,1.0,22.777779,3
11,6,3,0,22.777779,56.53148,0.509146,0.0,0.5518519,0.0,0.0,1.0,22.777779,3
11,7,3,0,22.777779,56.532425,0.7073467,0.0,0.6525004,0.0,0.0,1.0,22.777779,3
11,8,3,0,24.102789,52.21564,0.5140065,0.0,0.0,0.25401235,0.0,0.0,24.11111,3
11,9,3,0,24.996916,49.51109,0.5152216,0.0,0.0,0.43898642,0.0,0.0,25.0,3
11,10,3,0,24.999998,49.51226,0.5152216,0.0,0.4749044,0.0,0.0,0.0,25.0,3
11,11,3,0,25.0,49.60549,0.5140065,1.8086829,0.8941544,0.0,0.0,0.0,25.0,3
11,12,3,0,25.0,49.654793,0.5140065,0.6028994,0.7289415,0.0,0.0,0.0,25.0,3
11,13,3,0,25.0,49.729572,0.5164367,0.0,0.9300235,0.0,0.0,0.0,25.0,3
11,14,3,0,25.0,49.75126,0.5164367,0.0,1.1060778,0.0,0.0,0.0,25.0,3
11,15,3,0,25.0,49.75686,0.5164367,0.0,1.3623248,0.0,0.0,0.0,25.0,3
11,16,3,0,24.47004,51.294174,0.5152216,0.0,1.7436786,0.0,0.0,0.0,24.444445,3
11,17,3,0,22.839458,56.864044,0.51886696,0.0,3.2490692,0.0,0.0,0.0,22.777779,3
11,18,3,0,22.778069,57.404903,0.5537308,0.0,2.3517008,0.0,0.0,0.0,22.777779,3
11,19,3,0,22.777779,57.513313,0.55616105,0.0,1.7979397,0.0,0.0,0.0,22.777779,3
11,20,3,0,22.777779,57.32145,0.5237274,0.0,1.6167029,0.0,0.0,0.0,22.777779,3
11,21,3,0,22.777779,57.194687,1.078755,0.0,1.7475625,0.0,0.0,1.0,22.777779,3
11,22,3,0,22.777779,57.105286,0.98080355,0.0,1.6095017,0.0,0.0,1.0,22.777779,3
11,23,3,0,22.777779,57.0475,0.8716347,0.0,1.4029108,0.0,0.0,1.0,22.777779,3
11,24,3,0,22.777779,57.01396,0.66508406,0.0,1.1903073,0.0,0.0,1.0,22.777779,3
11,1,4,0,22.777779,56.96656,0.5140065,0.0,0.92733324,0.0,0.0,1.0,22.777779,3
11,2,4,0,22.777779,56.948288,0.51279134,0.0,0.7262029,0.0,0.0,1.0,22.777779,3
11,3,4,0,22.777779,57.003983,0.51157624,0.0,0.5959424,0.0,0.0,1.0,22.777779,3
11,4,4,0,22.777779,57.010834,0.5103611,0.0,0.58016324,0.0,0.0,1.0,22.777779,3
11,5,4,0,22.777779,56.97844,0.509146,0.0,0.4981465,0.0,0.0,1.0,22.777779,3
11,6,4,0,22.777779,57.207966,1.8031706,0.0,0.7147772,0.0,0.0,1.0,22.777779,3
11,7,4,0,22.777779,57.406124,0.7073467,0.0,0.53893226,0.0,0.0,1.0,22.777779,3
11,8,4,0,22.777779,57.432674,0.8151131,0.0,0.6577906,0.0,0.0,1.0,22.777779,3
11,9,4,0,22.777779,57.3424,0.5152216,0.0,0.53241724,0.0,0.0,0.0,22.777779,3
11,10,4,0,22.777779,57.183125,0.5152216,0.0,0.4889967,0.0,0.0,0.0,22.777779,3
11,11,4,0,22.777779,57.106728,0.5140065,1.8174613,0.67192197,0.0,0.0,0.0,22.777779,3
11,12,4,0,22.777779,57.075565,0.5140065,1.817441,0.67500633,0.0,0.0,0.0,22.777779,3
11,13,4,0,22.777779,57.067253,0.5164367,0.0,0.5077252,0.0,0.0,0.0,22.777779,3
11,14,4,0,22.777779,56.97477,0.5164367,0.0,0.5262995,0.0,0.0,0.0,22.777779,3
11,15,4,0,22.777779,56.919373,0.5164367,0.0,0.5150816,0.0,0.0,0.0,22.777779,3
11,16,4,0,22.777779,56.799408,0.5152216,0.0,0.5205063,0.0,0.0,0.0,22.777779,3
11,17,4,0,22.777779,56.808556,0.51886696,0.0,0.32546943,0.0,0.0,0.0,22.777779,3
11,18,4,0,22.777779,56.721207,0.5537308,0.0,0.23899943,0.0,0.0,0.0,22.777779,3
11,19,4,0,22.777779,56.630386,0.55616105,0.0,0.5133939,0.0,0.0,0.0,22.777779,3
11,20,4,0,22.777779,56.49016,0.5237274,0.0,0.50634384,0.0,0.0,0.0,22.777779,3
11,21,4,0,22.777779,56.452866,0.5225123,0.0,0.46172228,0.0,0.0,0.0,22.777779,3
11,22,4,0,22.777779,56.423927,0.5212972,0.0,0.3845303,0.0,0.0,0.0,22.777779,3
11,23,4,0,22.777779,56.42354,0.51886696,0.0,0.41024843,0.0,0.0,0.0,22.777779,3
11,24,4,0,22.777779,56.313545,0.5152216,0.0,0.2761381,0.0,0.0,0.0,22.777779,3
11,1,5,0,22.777779,56.20667,0.5140065,0.0,0.1171442,0.0,0.0,0.0,22.777779,3
11,2,5,0,22.777779,56.15921,0.51279134,0.0,0.06778795,0.0,0.0,1.0,22.777779,3
11,3,5,0,22.777779,56.11736,0.51157624,0.0,0.08826064,0.0,0.0,1.0,22.777779,3
11,4,5,0,22.777779,56.0932,0.5103611,0.0,0.011584538,0.0,0.0,1.0,22.777779,3
11,5,5,0,22.777779,55.97579,0.509146,0.0,0.0,0.047593184,0.0,1.0,22.777779,3
11,6,5,0,22.777779,55.96919,0.572646,0.0,0.0,0.049235012,0.0,1.0,22.777779,3
11,7,5,0,22.777779,55.763874,0.7073467,0.0,0.0,0.2357218,0.0,1.0,22.777779,3
11,8,5,0,22.777779,55.415215,0.8151131,0.0,0.0,0.13594636,0.0,1.0,22.777779,3
11,9,5,0,22.777779,55.076687,0.5152216,0.0,0.0,0.061987534,0.0,0.0,22.777779,3
11,10,5,0,22.777779,54.93752,0.5152216,0.0,0.0,0.12876512,0.0,0.0,22.777779,3
11,11,5,0,22.777779,54.87089,0.5140065,2.4350135,0.1651944,0.0,0.0,0.0,22.777779,3
11,12,5,0,22.777779,54.31508,0.5140065,2.4349914,0.0,0.36857888,0.0,0.0,22.777779,3
11,13,5,0,24.767572,47.69472,0.5164367,0.0,0.0,1.53359,0.0,0.0,24.777779,3
11,14,5,0,24.999489,46.16297,0.5164367,0.0,0.0,1.6138012,0.0,0.0,25.0,3
11,15,5,0,24.999998,45.29034,0.5164367,0.0,0.0,1.1493955,0.0,0.0,25.0,3
11,16,5,0,23.407993,48.74664,0.5152216,0.0,0.26679412,0.0,0.0,0.0,23.38889,3
11,17,5,0,22.785849,49.84406,0.51886696,0.0,0.36390805,0.0,0.0,0.0,22.777779,3
11,18,5,0,22.777782,48.84683,0.5537308,0.0,0.0,0.6005025,0.0,0.0,22.777779,3
11,19,5,0,22.777779,48.436348,0.55616105,0.0,0.1110255,0.0,0.0,0.0,22.777779,3
11,20,5,0,22.777779,47.474434,0.5237274,0.0,0.0,0.09543738,0.0,0.0,22.777779,3
11,21,5,0,22.777779,47.21168,1.078755,0.0,0.26168045,0.0,0.0,1.0,22.777779,3
11,22,5,0,22.777779,47.84256,4.8628774,0.0,0.96727777,0.0,0.0,1.0,22.777779,3
11,23,5,0,22.777779,48.075844,0.8716347,0.0,0.13416049,0.0,0.0,1.0,22.777779,3
11,24,5,0,19.005583,60.20019,0.5152216,0.0,2.5774257,0.0,0.0,1.0,18.88889,3
11,1,6,0,18.412323,62.42205,0.5140065,0.0,2.7543488,0.0,0.0,1.0,18.333334,3
11,2,6,0,18.3443,62.648296,0.51279134,0.0,1.7973406,0.0,0.0,1.0,18.333334,3
11,3,6,0,18.334078,62.504402,0.51157624,0.0,1.2403904,0.0,0.0,1.0,18.333334,3
11,4,6,0,18.333462,62.18649,0.5103611,0.0,1.0064383,0.0,0.0,1.0,18.333334,3
11,5,6,0,18.333344,62.155376,0.509146,0.0,0.9250798,0.0,0.0,1.0,18.333334,3
11,6,6,0,18.333334,61.887344,0.509146,0.0,0.82647717,0.0,0.0,1.0,18.333334,3
11,7,6,0,18.333334,62.73829,4.39365,0.0,1.5990981,0.0,0.0,1.0,18.333334,3
11,8,6,0,18.333334,64.08151,3.6619673,0.0,1.6801307,0.0,0.0,1.0,18.333334,3
11,9,6,0,18.333334,63.75258,1.2700596,4.4708896,1.3101892,0.0,0.0,1.0,18.333334,3
11,10,6,0,18.333334,63.779404,16.681202,3.5433593,1.878452,0.0,0.0,1.0,18.333334,3
11,11,6,0,18.333334,63.632404,0.5140065,0.0,1.1447909,0.0,0.0,0.0,18.333334,3
11,12,6,0,18.333334,63.4933,0.5140065,0.61166084,1.1617745,0.0,0.0,0.0,18.333334,3
11,13,6,0,18.333334,63.215454,0.5164367,0.0,1.1083186,0.0,0.0,0.0,18.333334,3
11,14,6,0,18.661304,61.811565,0.5164367,0.0,0.8766716,0.0,0.0,0.0,18.666666,3
11,15,6,0,19.993896,56.579544,0.5164367,0.0,0.0,0.21459432,0.0,0.0,20.0,3
11,16,6,0,20.0,56.171474,0.5152216,0.0,0.5734572,0.0,0.0,0.0,20.0,3
11,17,6,0,20.0,55.485825,0.51886696,0.0,0.04979467,0.0,0.0,0.0,20.0,3
11,18,6,0,20.0,54.773018,0.5537308,0.0,0.010213445,0.0,0.0,0.0,20.0,3
11,19,6,0,20.0,54.55099,0.55616105,0.0,0.44031256,0.0,0.0,0.0,20.0,3
11,20,6,0,20.0,54.30759,0.5237274,0.0,0.4334441,0.0,0.0,0.0,20.0,3
11,21,6,0,20.0,53.900654,1.078755,0.0,0.6557864,0.0,0.0,1.0,20.0,3
11,22,6,0,20.0,53.78768,0.5212972,0.0,0.49045113,0.0,0.0,1.0,20.0,3
11,23,6,0,20.0,53.5019,0.51886696,0.0,0.38200048,0.0,0.0,1.0,20.0,3
11,24,6,0,20.0,53.41411,0.5152216,0.0,0.312323,0.0,0.0,1.0,20.0,3
11,1,7,0,20.0,53.278492,0.5140065,0.0,0.23920934,0.0,0.0,1.0,20.0,3
11,2,7,0,20.0,53.209126,0.51279134,0.0,0.16968937,0.0,0.0,1.0,20.0,3
11,3,7,0,20.0,53.109695,0.51157624,0.0,0.05800809,0.0,0.0,1.0,20.0,3
11,4,7,0,20.0,53.024525,0.5103611,0.0,0.053381607,0.0,0.0,1.0,20.0,3
11,5,7,0,20.0,52.812756,0.509146,0.0,0.03150305,0.0,0.0,1.0,20.0,3
11,6,7,0,20.0,52.73822,0.509146,0.0,0.011548213,0.0,0.0,1.0,20.0,3
11,7,7,0,20.0,52.639397,0.51157624,0.0,0.0016584804,0.0,0.0,1.0,20.0,3
11,8,7,0,20.0,52.926807,0.8151131,2.3927045,1.4643174,0.0,0.0,1.0,20.0,3
11,9,7,0,20.0,53.296494,0.5152216,3.2764754,1.9763538,0.0,0.0,0.0,20.0,3
11,10,7,0,20.0,53.17722,0.5152216,0.0,0.3791515,0.0,0.0,0.0,20.0,3
11,11,7,0,21.546543,48.276306,0.5140065,0.0,0.0,0.73408806,0.0,0.0,21.555555,3
11,12,7,0,19.936756,53.27692,0.5140065,0.6145566,1.1312447,0.0,0.0,0.0,19.88889,3
11,13,7,0,18.418377,58.578808,0.5164367,1.8436875,1.7962738,0.0,0.0,0.0,18.333334,3
11,14,7,0,18.337265,58.869465,0.5164367,0.0,1.3100171,0.0,0.0,0.0,18.333334,3
11,15,7,0,18.333553,58.86397,0.5164367,0.0,1.0659287,0.0,0.0,0.0,18.333334,3
11,16,7,0,18.333336,58.80476,0.5152216,0.0,0.9275465,0.0,0.0,0.0,18.333334,3
11,17,7,0,19.438139,54.74348,0.51886696,0.0,0.0,0.37975812,0.0,0.0,19.444445,3
11,18,7,0,19.998064,52.768314,0.5537308,0.0,0.0,0.4350146,0.0,0.0,20.0,3
11,19,7,0,19.564812,54.90981,3.4030151,0.0,1.1106611,0.0,0.0,0.0,19.555555,3
11,20,7,0,19.445986,55.216305,1.1397693,0.0,0.84823495,0.0,0.0,1.0,19.444445,3
11,21,7,0,19.444473,55.243454,1.078755,0.0,0.8035785,0.0,0.0,1.0,19.444445,3
11,22,7,0,19.444447,55.252632,0.98080355,0.0,0.77008146,0.0,0.0,1.0,19.444445,3
11,23,7,0,20.878464,50.545418,0.51886696,0.0,0.0,0.4892592,0.0,0.0,20.88889,3
11,24,7,0,22.209364,46.5926,0.5152216,1.2290888,0.0,1.2852727,0.0,0.0,22.222221,3
11,1,1,0,22.22201,46.539944,0.5140065,0.6174474,0.0,0.9393414,0.0,0.0,22.222221,3
11,2,1,0,22.22222,46.474964,0.51279134,0.0,0.0,0.8515721,0.0,0.0,22.222221,3
11,3,1,0,22.222221,46.4315,0.5254545,0.0,0.0,0.70325905,0.0,1.0,22.222221,3
11,4,1,0,22.222221,46.405563,0.5103611,0.0,0.0,0.6233933,0.0,1.0,22.222221,3
11,5,1,0,22.222221,46.365685,0.509146,0.0,0.0,0.63269204,0.0,1.0,22.222221,3
11,6,1,0,22.222221,46.32435,0.509146,0.0,0.0,0.66618234,0.0,0.0,22.222221,3
11,7,1,0,22.222221,46.21535,0.51157624,0.0,0.0,0.6225656,0.0,0.0,22.222221,3
11,8,1,0,22.222221,46.14431,0.5140065,0.0,0.0,0.5866297,0.0,0.0,22.222221,3
11,9,1,0,22.222221,46.118126,0.5152216,0.0,0.0,0.6252991,0.0,0.0,22.222221,3
11,10,1,0,22.222221,46.0763,0.5152216,0.0,0.0,0.5526864,0.0,0.0,22.222221,3
11,11,1,0,22.000435,46.68541,0.5140065,0.0,0.0,0.41139448,0.0,0.0,22.0,3
11,12,1,0,20.05235,52.55993,0.5140065,0.0,0.93857056,0.0,0.0,0.0,20.0,3
11,13,1,0,20.000902,52.693287,0.5164367,0.0,0.48927596,0.0,0.0,0.0,20.0,3
11,14,1,0,19.946358,52.81245,0.5164367,0.0,0.36419335,0.0,0.0,0.0,19.944445,3
11,15,1,0,18.775219,56.794754,0.5164367,0.0,0.95692086,0.0,0.0,0.0,18.722221,3
11,16,1,0,19.991411,52.379192,0.5152216,0.0,0.0,0.5185501,0.0,0.0,20.0,3
11,17,1,0,19.999937,51.944157,0.51886696,0.0,0.0,0.6552083,0.0,0.0,20.0,3
11,18,1,0,20.0,50.90042,0.5537308,0.0,0.0,0.6616314,0.0,0.0,20.0,3
11,19,1,0,20.0,50.18824,0.55616105,0.0,0.0,0.093935974,0.0,0.0,20.0,3
11,20,1,0,20.0,49.97005,0.5237274,0.0,0.0,0.44133097,0.0,0.0,20.0,3
11,21,1,0,20.0,49.19774,0.5225123,0.0,0.0,0.33099154,0.0,0.0,20.0,3
11,22,1,0,20.0,48.631874,0.5212972,0.0,0.0,0.40097213,0.0,0.0,20.0,3
11,23,1,0,20.0,48.589897,0.51886696,0.0,0.0,0.22050434,0.0,1.0,20.0,3
11,24,1,0,20.0,48.386204,0.5152216,0.0,0.0,0.42362085,0.0,1.0,20.0,3
11,1,2,0,20.0,48.263584,0.5140065,0.0,0.0,0.4658246,0.0,1.0,20.0,3
11,2,2,0,20.0,47.888653,0.51279134,0.0,0.0,0.56596166,0.0,1.0,20.0,3
11,3,2,0,20.0,47.750706,0.51157624,0.0,0.0,0.71661764,0.0,1.0,20.0,3
11,4,2,0,20.0,47.391888,0.5103611,0.0,0.0,0.8783232,0.0,1.0,20.0,3
11,5,2,0,20.0,47.23028,0.509146,0.0,0.0,0.72519076,0.0,1.0,20.0,3
11,6,2,0,20.109594,46.416946,0.509146,0.0,0.0,0.7795746,0.0,1.0,20.11111,3
11,7,2,0,20.54589,44.75362,0.51157624,0.0,0.0,1.2125552,0.0,1.0,20.555555,3
11,8,2,0,20.555407,44.220623,0.8151131,0.0,0.0,0.9900687,0.0,1.0,20.555555,3
11,9,2,0,20.555555,44.28767,0.8319637,3.3072658,0.89873046,0.0,0.0,1.0,20.555555,3
11,10,2,0,20.555555,44.022575,0.8291344,0.0,0.0,0.46749702,0.0,1.0,20.555555,3
11,11,2,0,20.555555,43.83836,0.8235053,0.0,0.0,0.40161705,0.0,1.0,20.555555,3
11,12,2,0,20.555555,44.632767,0.83115196,7.6266894,3.1352315,0.0,0.0,1.0,20.555555,3
11,13,2,0,20.555555,44.465656,0.8422653,1.2406284,0.30907,0.0,0.0,1.0,20.555555,3
11,14,2,0,20.555555,44.096283,0.5164367,0.0,0.29676557,0.0,0.0,0.0,20.555555,3
11,15,2,0,20.336119,44.357582,0.5164367,0.0,0.37240782,0.0,0.0,0.0,20.333334,3
11,16,2,0,20.014278,44.967827,0.5152216,0.0,0.51343906,0.0,0.0,0.0,20.0,3
11,17,2,0,20.000006,44.315876,0.51886696,0.0,0.0,0.16298153,0.0,0.0,20.0,3
11,18,2,0,20.0,43.67155,0.5537308,0.0,0.0,0.3655913,0.0,0.0,20.0,3
11,19,2,0,20.0,43.448505,0.55616105,0.0,0.12997785,0.0,0.0,0.0,20.0,3
11,20,2,0,20.0,42.955326,0.5237274,0.0,0.05715626,0.0,0.0,0.0,20.0,3
11,21,2,0,20.0,42.72074,0.5225123,0.0,0.0,0.035897516,0.0,0.0,20.0,3
11,22,2,0,20.0,42.490837,0.5212972,0.0,0.0,0.07691873,0.0,0.0,20.0,3
11,23,2,0,21.539978,38.489975,0.8716347,0.0,0.0,0.9149606,0.0,1.0,21.555555,3
11,24,2,0,20.24221,41.283516,0.5152216,0.0,0.24757232,0.0,0.0,1.0,20.222221,3
11,1,3,0,20.000217,41.795128,0.5140065,0.0,0.0,0.18780932,0.0,1.0,20.0,3
11,2,3,0,20.000002,41.397156,0.51279134,0.0,0.0,0.41843337,0.0,1.0,20.0,3
11,3,3,0,20.0,40.939392,0.51157624,0.0,0.0,0.517048,0.0,1.0,20.0,3
11,4,3,0,20.0,40.75282,0.5103611,0.0,0.0,0.7742864,0.0,1.0,20.0,3
11,5,3,0,20.0,40.589806,0.509146,0.0,0.0,0.98292875,0.0,1.0,20.0,3
11,6,3,0,20.0,40.332764,0.509146,0.0,0.0,1.14554,0.0,1.0,20.0,3
11,7,3,0,20.159098,39.54255,0.51157624,0.0,0.0,1.1674554,0.0,1.0,20.166666,3
11,8,3,0,19.558458,40.91523,0.5140065,0.0,0.0,0.24114802,0.0,1.0,19.555555,3
11,9,3,0,18.348381,43.93534,0.5152216,0.0,0.8739828,0.0,0.0,1.0,18.333334,3
11,10,3,0,18.333384,43.834263,0.8291344,0.0,1.1983858,0.0,0.0,1.0,18.333334,3
11,11,3,0,18.333334,43.627213,0.5140065,0.0,1.1133894,0.0,0.0,0.0,18.333334,3
11,12,3,0,18.333334,43.48121,0.5140065,0.0,1.1095302,0.0,0.0,0.0,18.333334,3
11,13,3,0,18.333334,43.332607,0.5164367,0.0,1.1951852,0.0,0.0,0.0,18.333334,3
11,14,3,0,18.333334,43.305214,0.5164367,1.2463299,1.5180898,0.0,0.0,0.0,18.333334,3
11,15,3,0,18.333334,43.310966,0.5164367,2.4927008,1.8199375,0.0,0.0,0.0,18.333334,3
11,16,3,0,19.2558,40.7933,0.5152216,0.0,0.81559324,0.0,0.0,0.0,19.277779,3
11,17,3,0,19.998474,38.45207,0.51886696,0.0,0.18607557,0.0,0.0,0.0,20.0,3
11,18,3,0,20.0,38.103912,1.0728483,0.0,0.19465727,0.0,0.0,1.0,20.0,3
11,19,3,0,18.849577,40.746525,0.55616105,0.0,1.3063308,0.0,0.0,0.0,18.833334,3
11,20,3,0,19.997541,37.7717,0.5237274,0.0,0.29663908,0.0,0.0,0.0,20.0,3
11,21,3,0,21.988955,33.27158,0.5225123,0.0,0.0,1.0506611,0.0,0.0,22.0,3
11,22,3,0,22.220224,32.598686,0.5212972,0.0,0.0,1.0721284,0.0,0.0,22.222221,3
11,23,3,0,21.176924,34.67384,0.8716347,0.0,0.31283793,0.0,0.0,1.0,21.166666,3
11,24,3,0,20.036562,37.11333,0.66508406,0.0,0.5878581,0.0,0.0,1.0,20.0,3
11,1,4,0,20.000935,37.13299,0.5140065,0.0,0.26379,0.0,0.0,1.0,20.0,3
11,2,4,0,20.0,37.045124,0.51279134,0.0,0.0,0.100397825,0.0,1.0,20.0,3
11,3,4,0,20.0,36.9637,0.51157624,1.2520239,0.0,0.050515916,0.0,1.0,20.0,3
11,4,4,0,20.0,36.893616,0.5103611,0.0,0.0,0.2681322,0.0,1.0,20.0,3
11,5,4,0,20.0,36.744656,0.509146,0.0,0.0,0.30670983,0.0,1.0,20.0,3
11,6,4,0,20.0,36.564075,0.572646,0.0,0.0,0.31370088,0.0,1.0,20.0,3
11,7,4,0,20.90935,35.026756,0.7073467,3.7439983,1.1047534,0.0,0.0,1.0,20.944445,3
11,8,4,0,21.660864,33.301357,0.5140065,0.0,0.0,1.1408103,0.0,0.0,21.666666,3
11,9,4,0,20.838064,34.929676,0.5152216,0.0,0.30584848,0.0,0.0,0.0,20.833334,3
11,10,4,0,18.37724,40.60399,0.5152216,0.6260151,2.2258005,0.0,0.0,0.0,18.333334,3
11,11,4,0,18.333542,40.644993,0.5140065,0.0,2.0438268,0.0,0.0,0.0,18.333334,3
11,12,4,0,18.333334,40.626812,0.5140065,0.0,1.7882028,0.0,0.0,0.0,18.333334,3
11,13,4,0,18.333334,40.619095,0.5164367,0.0,1.7615509,0.0,0.0,0.0,18.333334,3
11,14,4,0,18.333334,40.61769,0.5164367,0.0,1.8660829,0.0,0.0,0.0,18.333334,3
11,15,4,0,18.333334,40.579983,0.5164367,0.0,1.8266646,0.0,0.0,0.0,18.333334,3
11,16,4,0,18.991465,38.916306,0.5152216,0.0,1.2831548,0.0,0.0,0.0,19.0,3
11,17,4,0,19.99801,36.352562,0.51886696,0.0,0.49931464,0.0,0.0,0.0,20.0,3
11,18,4,0,19.999998,36.102196,0.5537308,0.0,0.39341104,0.0,0.0,0.0,20.0,3
11,19,4,0,18.576262,39.143787,0.55616105,0.0,1.7456678,0.0,0.0,0.0,18.555555,3
11,20,4,0,18.334862,39.66111,0.5237274,0.0,1.4999064,0.0,0.0,0.0,18.333334,3
11,21,4,0,18.333384,39.629307,0.5225123,0.0,1.3801256,0.0,0.0,0.0,18.333334,3
11,22,4,0,18.888582,38.276497,0.5212972,0.0,0.5814699,0.0,0.0,1.0,18.88889,3
11,23,4,0,19.994947,35.737526,0.51886696,0.0,0.18448259,0.0,0.0,1.0,20.0,3
11,24,4,0,19.999998,35.723534,0.5152216,0.0,0.02637239,0.0,0.0,1.0,20.0,3
11,1,5,0,20.0,35.73096,0.5140065,0.0,0.0,0.052842494,0.0,1.0,20.0,3
11,2,5,0,20.0,35.732693,0.51279134,0.0,0.030783752,0.0,0.0,1.0,20.0,3
11,3,5,0,20.0,35.73181,0.51157624,0.0,0.0,0.0050178845,0.0,1.0,20.0,3
11,4,5,0,20.0,35.66611,0.5103611,0.0,0.0,0.2801488,0.0,1.0,20.0,3
11,5,5,0,20.0,35.615265,0.509146,0.0,0.0,0.34723583,0.0,1.0,20.0,3
11,6,5,0,20.0,35.60205,0.509146,0.0,0.0,0.17221911,0.0,1.0,20.0,3
11,7,5,0,20.495775,34.490414,0.51157624,0.0,0.0,0.5456128,0.0,1.0,20.5,3
11,8,5,0,21.100641,33.21652,0.5140065,0.0,0.0,0.8260495,0.0,1.0,21.11111,3
11,9,5,0,21.111092,34.288734,4.3972955,0.0,0.7185667,0.0,0.0,1.0,21.11111,3
11,10,5,0,21.11111,34.26386,0.8291344,0.0,0.68354934,0.0,0.0,1.0,21.11111,3
11,11,5,0,21.11111,34.280582,0.8235053,0.0,0.9142209,0.0,0.0,1.0,21.11111,3
11,12,5,0,21.11111,34.124184,0.5140065,0.0,0.84071743,0.0,0.0,1.0,21.11111,3
11,13,5,0,21.11111,34.022972,0.5164367,0.0,0.9192055,0.0,0.0,0.0,21.11111,3
11,14,5,0,21.11111,33.680004,0.5164367,1.2576164,1.2153548,0.0,0.0,0.0,21.11111,3
11,15,5,0,20.594185,34.60247,0.5164367,1.8865155,1.9666414,0.0,0.0,0.0,20.555555,3
11,16,5,0,20.033264,35.811207,0.5152216,0.0,2.1399348,0.0,0.0,0.0,20.0,3
11,17,5,0,20.000326,35.74499,0.51886696,0.0,1.6409049,0.0,0.0,0.0,20.0,3
11,18,5,0,20.000002,35.56377,0.5537308,0.0,1.1955584,0.0,0.0,0.0,20.0,3
11,19,5,0,20.0,35.51015,0.55616105,0.0,1.1813112,0.0,0.0,0.0,20.0,3
11,20,5,0,20.0,35.469734,0.5237274,0.0,1.0595092,0.0,0.0,0.0,20.0,3
11,21,5,0,20.0,35.451828,0.5225123,0.0,0.9522487,0.0,0.0,0.0,20.0,3
11,22,5,0,20.0,35.48635,0.98080355,0.0,1.075048,0.0,0.0,1.0,20.0,3
11,23,5,0,20.0,35.52969,0.8716347,0.0,0.9371464,0.0,0.0,1.0,20.0,3
11,24,5,0,20.0,35.580338,0.66508406,0.0,0.74568844,0.0,0.0,1.0,20.0,3
11,1,6,0,20.0,35.699574,0.5140065,0.0,0.47625083,0.0,0.0,1.0,20.0,3
11,2,6,0,20.0,35.75488,0.51279134,0.0,0.30112877,0.0,0.0,1.0,20.0,3
11,3,6,0,20.0,35.798683,0.51157624,0.0,0.23293792,0.0,0.0,1.0,20.0,3
11,4,6,0,20.0,35.863144,0.5103611,0.0,0.14234377,0.0,0.0,1.0,20.0,3
11,5,6,0,20.0,35.923115,0.509146,0.0,0.10593203,0.0,0.0,1.0,20.0,3
11,6,6,0,20.0,35.972263,0.509146,0.0,0.040374737,0.0,0.0,1.0,20.0,3
11,7,6,0,20.0,36.086327,0.51157624,0.0,0.055123493,0.0,0.0,1.0,20.0,3
11,8,6,0,20.0,36.14784,0.5140065,0.0,0.1700146,0.0,0.0,1.0,20.0,3
11,9,6,0,20.0,36.239395,0.5152216,0.0,0.47072434,0.0,0.0,1.0,20.0,3
11,10,6,0,20.0,36.36467,0.8291344,0.0,0.9575023,0.0,0.0,1.0,20.0,3
11,11,6,0,20.0,36.47652,0.8235053,0.0,1.2541833,0.0,0.0,1.0,20.0,3
11,12,6,0,20.0,36.694042,0.5140065,0.0,1.2192345,0.0,0.0,0.0,20.0,3
11,13,6,0,20.0,36.81639,0.5164367,0.0,1.3322095,0.0,0.0,0.0,20.0,3
11,14,6,0,20.0,36.92434,0.5164367,0.0,1.4588832,0.0,0.0,0.0,20.0,3
11,15,6,0,20.0,37.114265,1.9260387,0.907269,1.9952775,0.0,0.0,1.0,20.0,3
11,16,6,0,20.0,38.33131,16.717283,0.0,3.0193675,0.0,0.0,1.0,20.0,3
11,17,6,0,20.0,40.035023,0.92334604,0.0,1.8613019,0.0,0.0,1.0,20.0,3
11,18,6,0,20.0,40.323967,0.5537308,0.0,1.3276616,0.0,0.0,0.0,20.0,3
11,19,6,0,20.0,41.47885,5.0480547,0.6316446,2.4035459,0.0,0.0,1.0,20.0,3
11,20,6,0,20.0,42.613907,5.021843,0.0,2.4545863,0.0,0.0,1.0,20.0,3
11,21,6,0,20.0,42.590084,0.5225123,0.6316401,1.3766286,0.0,0.0,0.0,20.0,3
11,22,6,0,20.0,42.681534,0.5212972,0.0,1.1320328,0.0,0.0,0.0,20.0,3
11,23,6,0,20.0,42.73097,0.51886696,0.0,1.0024331,0.0,0.0,0.0,20.0,3
11,24,6,0,20.0,42.86358,0.5152216,0.0,0.92228204,0.0,0.0,1.0,20.0,3
11,1,7,0,20.0,42.976936,0.5140065,0.0,0.7794682,0.0,0.0,1.0,20.0,3
11,2,7,0,20.0,43.09847,0.51279134,0.0,0.6802604,0.0,0.0,1.0,20.0,3
11,3,7,0,20.0,43.206543,0.51157624,0.0,0.6348739,0.0,0.0,1.0,20.0,3
11,4,7,0,20.0,43.46505,0.5103611,0.0,0.56259656,0.0,0.0,1.0,20.0,3
11,5,7,0,20.0,43.728683,0.509146,0.0,0.51741785,0.0,0.0,1.0,20.0,3
11,6,7,0,20.0,43.73819,0.509146,0.0,0.2959776,0.0,0.0,1.0,20.0,3
11,7,7,0,20.0,43.75431,0.7073467,0.0,0.29642695,0.0,0.0,1.0,20.0,3
11,8,7,0,20.0,44.362465,4.9217634,3.1661339,1.6151769,0.0,0.0,1.0,20.0,3
11,9,7,0,20.0,44.234646,0.5152216,0.0,0.4684092,0.0,0.0,0.0,20.0,3
11,10,7,0,20.0,44.133507,0.5152216,0.0,0.2187217,0.0,0.0,0.0,20.0,3
11,11,7,0,20.0,43.975655,0.5140065,0.0,0.23907946,0.0,0.0,0.0,20.0,3
11,12,7,0,20.0,44.0137,0.5140065,0.0,0.3126378,0.0,0.0,0.0,20.0,3
11,13,7,0,20.0,43.96042,0.5164367,0.0,0.34510672,0.0,0.0,0.0,20.0,3
11,14,7,0,20.0,43.980408,0.5164367,0.0,0.32066038,0.0,0.0,0.0,20.0,3
11,15,7,0,20.0,43.955494,0.5164367,0.0,0.3180143,0.0,0.0,0.0,20.0,3
11,16,7,0,20.0,43.846012,0.5152216,0.0,0.36389476,0.0,0.0,0.0,20.0,3
11,17,7,0,20.0,43.536053,0.51886696,0.0,0.0,0.058326572,0.0,0.0,20.0,3
11,18,7,0,20.0,43.302967,0.5537308,0.0,0.0,0.06244903,0.0,0.0,20.0,3
11,19,7,0,20.0,42.96041,0.55616105,0.0,0.37181062,0.0,0.0,0.0,20.0,3
11,20,7,0,20.0,42.952904,1.1397693,0.0,0.6307282,0.0,0.0,1.0,20.0,3
11,21,7,0,20.0,42.869556,0.5225123,0.0,0.34591085,0.0,0.0,0.0,20.0,3
11,22,7,0,20.0,42.828396,0.5212972,0.0,0.33725077,0.0,0.0,0.0,20.0,3
11,23,7,0,20.0,42.83239,0.51886696,0.0,0.24394707,0.0,0.0,1.0,20.0,3
11,24,7,0,20.0,42.836617,0.5152216,0.0,0.13705567,0.0,0.0,1.0,20.0,3
11,1,1,0,20.0,42.853092,0.5140065,0.0,0.02892767,0.0,0.0,1.0,20.0,3
11,2,1,0,20.0,42.821487,0.51279134,0.0,0.0,0.09284098,0.0,1.0,20.0,3
11,3,1,0,20.0,42.77221,0.51157624,0.0,0.0,0.13941209,0.0,1.0,20.0,3
11,4,1,0,20.0,42.7664,0.5103611,0.0,0.0,0.15077186,0.0,1.0,20.0,3
11,5,1,0,20.0,42.72995,0.509146,0.0,0.0,0.16637385,0.0,1.0,20.0,3
11,6,1,0,20.0,42.634613,0.509146,0.0,0.0,0.1887297,0.0,1.0,20.0,3
11,7,1,0,20.0,42.504616,0.51157624,0.0,0.0,0.13753317,0.0,1.0,20.0,3
11,8,1,0,20.0,42.40594,0.5140065,0.0,0.0,0.11088528,0.0,1.0,20.0,3
11,9,1,0,20.0,42.360332,0.8319637,0.0,0.0,0.0044121807,0.0,1.0,20.0,3
11,10,1,0,20.0,42.34096,0.8291344,0.0,0.1766768,0.0,0.0,1.0,20.0,3
11,11,1,0,20.0,42.248013,0.5140065,0.0,0.08950116,0.0,0.0,0.0,20.0,3
11,12,1,0,20.0,42.193466,0.5140065,0.0,0.21326648,0.0,0.0,0.0,20.0,3
11,13,1,0,20.0,42.177177,0.5164367,0.6371921,0.20602413,0.0,0.0,0.0,20.0,3
11,14,1,0,20.0,42.144836,0.5164367,0.0,0.19833843,0.0,0.0,0.0,20.0,3
11,15,1,0,20.0,42.051956,0.5164367,0.0,0.1619767,0.0,0.0,0.0,20.0,3
11,16,1,0,20.0,41.962986,0.5152216,0.0,0.18084346,0.0,0.0,0.0,20.0,3
11,17,1,0,20.0,41.726494,0.51886696,0.0,0.0,0.15728687,0.0,0.0,20.0,3
11,18,1,0,20.0,41.58145,0.5537308,0.0,0.0,0.1893811,0.0,0.0,20.0,3
11,19,1,0,20.49892,40.243473,0.55616105,0.0,0.0,0.093825065,0.0,0.0,20.5,3
11,20,1,0,23.3051,33.85694,0.5237274,0.0,0.0,2.068904,0.0,0.0,23.333334,3
11,21,1,0,23.332783,33.668167,0.5225123,0.0,0.0,2.0115998,0.0,0.0,23.333334,3
11,22,1,0,22.068472,36.287254,0.98080355,0.0,0.0,0.22860233,0.0,1.0,22.055555,3
11,23,1,0,20.063272,40.974804,0.8716347,0.0,0.9759105,0.0,0.0,1.0,20.0,3
11,24,1,0,20.00221,41.157017,0.66508406,0.0,0.7203884,0.0,0.0,1.0,20.0,3
11,1,2,0,20.00001,41.188915,0.5140065,0.0,0.2474647,0.0,0.0,1.0,20.0,3
11,2,2,0,20.0,41.214344,0.51279134,0.0,0.037324578,0.0,0.0,1.0,20.0,3
11,3,2,0,20.0,41.215878,0.51157624,0.0,0.0,0.10620194,0.0,1.0,20.0,3
11,4,2,0,20.0,41.206463,0.5103611,0.0,0.0,0.20980658,0.0,1.0,20.0,3
11,5,2,0,20.0,41.177834,0.509146,0.0,0.0,0.25563264,0.0,1.0,20.0,3
11,6,2,0,20.0,41.110912,0.509146,0.0,0.0,0.31502783,0.0,1.0,20.0,3
11,7,2,0,20.0,41.04049,0.51157624,0.0,0.0,0.34746608,0.0,1.0,20.0,3
11,8,2,0,20.0,40.98379,0.5140065,0.0,0.0,0.24574244,0.0,0.0,20.0,3
11,9,2,0,20.0,40.933647,0.5152216,0.0,0.18357761,0.0,0.0,0.0,20.0,3
11,10,2,0,20.0,40.874184,0.5152216,0.0,0.5689707,0.0,0.0,0.0,20.0,3
11,11,2,0,20.0,40.83504,0.5140065,0.0,0.797795,0.0,0.0,0.0,20.0,3
11,12,2,0,20.0,40.765823,0.5140065,0.0,0.81302106,0.0,0.0,0.0,20.0,3
11,13,2,0,20.0,40.661713,0.5164367,0.0,0.9926712,0.0,0.0,0.0,20.0,3
11,14,2,0,20.0,40.66583,0.5164367,0.0,1.1829635,0.0,0.0,0.0,20.0,3
11,15,2,0,20.0,40.65687,0.5164367,0.0,1.3543638,0.0,0.0,0.0,20.0,3
11,16,2,0,20.0,40.61658,0.5152216,0.0,1.2954828,0.0,0.0,0.0,20.0,3
11,17,2,0,20.0,40.467552,0.51886696,0.0,0.9577578,0.0,0.0,0.0,20.0,3
11,18,2,0,20.0,40.222935,0.5537308,0.0,0.21716884,0.0,0.0,0.0,20.0,3
11,19,2,0,20.0,40.11495,0.55616105,0.0,0.5300772,0.0,0.0,0.0,20.0,3
11,20,2,0,20.0,40.028957,0.5237274,0.0,0.42560676,0.0,0.0,0.0,20.0,3
11,21,2,0,20.0,39.966255,0.5225123,0.0,0.3867761,0.0,0.0,0.0,20.0,3
11,22,2,0,20.0,39.955463,0.5212972,0.0,0.4593882,0.0,0.0,1.0,20.0,3
11,23,2,0,20.0,39.950504,0.51886696,0.0,0.3104247,0.0,0.0,1.0,20.0,3
11,24,2,0,20.0,39.954926,0.5152216,0.0,0.15214805,0.0,0.0,1.0,20.0,3
11,1,3,0,20.0,39.955837,0.5140065,0.0,0.1172849,0.0,0.0,1.0,20.0,3
11,2,3,0,20.0,39.960377,0.51279134,0.0,0.0,0.08638564,0.0,1.0,20.0,3
11,3,3,0,20.0,39.946903,0.51157624,0.0,0.0,0.12525904,0.0,1.0,20.0,3
11,4,3,0,20.0,39.885162,0.5103611,0.0,0.0,0.13180692,0.0,1.0,20.0,3
11,5,3,0,20.0,39.805214,0.509146,0.0,0.0,0.2776978,0.0,0.0,20.0,3
11,6,3,0,20.0,39.61259,0.509146,0.0,0.0,0.3413481,0.0,0.0,20.0,3
11,7,3,0,20.0,39.42431,0.51157624,0.0,0.0,0.28342766,0.0,0.0,20.0,3
11,8,3,0,20.0,39.29124,0.5140065,0.0,0.0,0.20049663,0.0,0.0,20.0,3
11,9,3,0,20.0,39.25887,0.5152216,0.0,0.18934241,0.0,0.0,0.0,20.0,3
11,10,3,0,20.0,39.224915,0.5152216,0.0,0.5954823,0.0,0.0,0.0,20.0,3
11,11,3,0,20.0,39.210022,0.5140065,0.0,0.61420405,0.0,0.0,0.0,20.0,3
11,12,3,0,20.0,39.193142,0.5140065,0.0,0.42152146,0.0,0.0,0.0,20.0,3
11,13,3,0,20.0,39.164616,0.5164367,0.0,0.49453783,0.0,0.0,0.0,20.0,3
11,14,3,0,20.0,39.16127,0.5164367,0.0,0.4840029,0.0,0.0,0.0,20.0,3
11,15,3,0,22.039139,34.603714,0.830799,0.0,0.0,0.7545549,0.0,1.0,22.055555,3
11,16,3,0,23.318579,32.082287,0.8652163,0.0,0.0,1.4827067,0.0,1.0,23.333334,3
11,17,3,0,22.778694,33.1951,0.51886696,0.0,0.0,0.86834085,0.0,0.0,22.777779,3
11,18,3,0,22.777779,33.30422,1.0728483,0.0,0.0,0.55055565,0.0,1.0,22.777779,3
11,19,3,0,22.777779,33.770832,1.1659812,3.3554864,1.760687,0.0,0.0,1.0,22.777779,3
11,20,3,0,22.777779,33.73557,0.5237274,0.64266247,0.0,0.069087274,0.0,0.0,22.777779,3
11,21,3,0,22.777779,33.80423,0.5225123,0.0,0.0,0.1530835,0.0,0.0,22.777779,3
11,22,3,0,22.501125,34.398525,0.5212972,0.0,0.04467528,0.0,0.0,0.0,22.5,3
11,23,3,0,20.075176,39.960987,0.51886696,0.0,1.4215698,0.0,0.0,0.0,20.0,3
11,24,3,0,20.005478,40.23707,0.66508406,0.0,0.9492615,0.0,0.0,1.0,20.0,3
11,1,4,0,20.000254,40.43813,0.5140065,0.0,0.5771943,0.0,0.0,1.0,20.0,3
11,2,4,0,20.000008,40.620773,0.51279134,0.0,0.34485364,0.0,0.0,1.0,20.0,3
11,3,4,0,20.0,40.76174,0.51157624,0.0,0.2678397,0.0,0.0,1.0,20.0,3
11,4,4,0,20.0,40.93193,0.5103611,0.0,0.20695615,0.0,0.0,1.0,20.0,3
11,5,4,0,20.0,41.022278,0.509146,0.0,0.11884352,0.0,0.0,0.0,20.0,3
11,6,4,0,20.0,41.07614,0.509146,0.0,0.11783792,0.0,0.0,0.0,20.0,3
11,7,4,0,20.0,41.06258,0.51157624,0.0,0.104944676,0.0,0.0,0.0,20.0,3
11,8,4,0,20.0,41.135418,0.8151131,0.0,0.38594416,0.0,0.0,1.0,20.0,3
11,9,4,0,20.0,41.176537,0.8319637,0.0,0.5246738,0.0,0.0,1.0,20.0,3
11,10,4,0,20.0,41.19904,0.5152216,0.0,0.48093903,0.0,0.0,0.0,20.0,3
11,11,4,0,20.0,41.212585,0.5140065,0.0,0.59485424,0.0,0.0,0.0,20.0,3
11,12,4,0,19.668743,42.08311,0.5140065,0.0,0.91637224,0.0,0.0,0.0,19.666666,3
11,13,4,0,18.357697,45.697426,0.5164367,0.0,1.9618821,0.0,0.0,0.0,18.333334,3
11,14,4,0,18.33384,45.793224,0.5164367,0.0,1.7994337,0.0,0.0,0.0,18.333334,3
11,15,4,0,18.333355,45.81046,0.5164367,0.0,1.8095671,0.0,0.0,0.0,18.333334,3
11,16,4,0,18.333334,45.847973,0.5152216,0.0,1.5520108,0.0,0.0,0.0,18.333334,3
11,17,4,0,18.333334,45.93108,0.51886696,0.0,1.2506895,0.0,0.0,0.0,18.333334,3
11,18,4,0,18.443556,45.672794,0.5537308,0.0,1.0081085,0.0,0.0,0.0,18.444445,3
11,19,4,0,19.993656,41.43698,0.55616105,0.0,0.28520638,0.0,0.0,0.0,20.0,3
11,20,4,0,19.999968,41.394135,0.5237274,0.0,0.56095207,0.0,0.0,0.0,20.0,3
11,21,4,0,20.0,41.386967,0.5225123,0.0,0.60636973,0.0,0.0,0.0,20.0,3
11,22,4,0,20.0,41.916874,0.98080355,3.1645432,2.4414039,0.0,0.0,1.0,20.0,3
11,23,4,0,20.0,41.888824,0.51886696,0.0,0.67239076,0.0,0.0,0.0,20.0,3
11,24,4,0,20.0,41.955814,0.5152216,0.0,0.55934477,0.0,0.0,0.0,20.0,3
11,1,5,0,20.0,42.06703,0.5987453,0.0,0.55637836,0.0,0.0,1.0,20.0,3
11,2,5,0,20.0,42.259884,0.51279134,1.2961495,0.55087113,0.0,0.0,1.0,20.0,3
11,3,5,0,20.0,42.494556,0.51157624,0.0,0.41945577,0.0,0.0,1.0,20.0,3
11,4,5,0,20.0,42.67653,0.5103611,0.0,0.3982873,0.0,0.0,1.0,20.0,3
11,5,5,0,20.0,42.88467,0.509146,0.0,0.37802154,0.0,0.0,1.0,20.0,3
11,6,5,0,20.0,43.05331,0.509146,0.0,0.37055513,0.0,0.0,1.0,20.0,3
11,7,5,0,20.0,43.23284,0.51157624,0.0,0.38845417,0.0,0.0,1.0,20.0,3
11,8,5,0,20.0,43.399406,0.5140065,0.0,0.37014976,0.0,0.0,0.0,20.0,3
11,9,5,0,20.0,43.38505,0.5152216,0.0,0.4243568,0.0,0.0,0.0,20.0,3
11,10,5,0,20.0,43.490246,0.8291344,0.0,0.69923556,0.0,0.0,1.0,20.0,3
11,11,5,0,20.0,44.404564,0.8235053,5.34167,3.4875002,0.0,0.0,1.0,20.0,3
11,12,5,0,20.0,44.44205,0.5140065,0.0,1.068962,0.0,0.0,0.0,20.0,3
11,13,5,0,20.0,44.504272,0.5164367,0.0,1.2438403,0.0,0.0,0.0,20.0,3
11,14,5,0,20.0,44.65432,0.5164367,1.2961326,1.7002767,0.0,0.0,0.0,20.0,3
11,15,5,0,20.0,44.587204,0.5164367,0.0,1.818258,0.0,0.0,0.0,20.0,3
11,16,5,0,20.0,44.604374,0.5152216,0.0,1.8488555,0.0,0.0,0.0,20.0,3
11,17,5,0,20.0,44.513287,0.51886696,0.0,1.7678125,0.0,0.0,0.0,20.0,3
11,18,5,0,20.0,44.340134,0.5537308,0.0,1.2935826,0.0,0.0,0.0,20.0,3
11,19,5,0,20.0,44.25432,0.55616105,0.0,1.221559,0.0,0.0,0.0,20.0,3
11,20,5,0,20.0,44.19842,0.5237274,0.0,1.1693766,0.0,0.0,0.0,20.0,3
11,21,5,0,20.0,44.17173,0.5225123,0.0,1.1457571,0.0,0.0,0.0,20.0,3
11,22,5,0,20.0,44.168343,0.5212972,0.0,1.0715975,0.0,0.0,0.0,20.0,3
11,23,5,0,20.0,44.160713,0.51886696,0.0,0.84039915,0.0,0.0,0.0,20.0,3
11,24,5,0,20.0,44.176468,0.5152216,0.0,0.71459365,0.0,0.0,0.0,20.0,3
11,1,6,0,20.0,44.175083,0.5140065,0.0,0.6285675,0.0,0.0,0.0,20.0,3
11,2,6,0,20.0,44.183514,0.51279134,0.0,0.592221,0.0,0.0,0.0,20.0,3
11,3,6,0,20.0,44.171783,0.51157624,0.0,0.5184247,0.0,0.0,0.0,20.0,3
11,4,6,0,20.0,44.17486,0.5103611,0.0,0.4874364,0.0,0.0,1.0,20.0,3
11,5,6,0,20.0,44.198513,0.509146,0.0,0.4404329,0.0,0.0,1.0,20.0,3
11,6,6,0,20.0,44.17674,0.509146,0.0,0.4224122,0.0,0.0,1.0,20.0,3
11,7,6,0,20.0,44.134876,0.51157624,0.0,0.3622891,0.0,0.0,1.0,20.0,3
11,8,6,0,20.0,44.06407,0.5140065,0.0,0.35414812,0.0,0.0,0.0,20.0,3
11,9,6,0,20.0,44.067772,0.5152216,0.0,0.66660184,0.0,0.0,0.0,20.0,3
11,10,6,0,20.0,44.03121,0.5152216,0.0,0.9083833,0.0,0.0,0.0,20.0,3
11,11,6,0,18.78845,47.48935,0.5140065,0.0,2.1627228,0.0,0.0,0.0,18.777779,3
11,12,6,0,19.998625,44.094593,0.83115196,0.0,1.3160806,0.0,0.0,1.0,20.0,3
11,13,6,0,19.99999,44.084763,0.5164367,0.0,1.2015398,0.0,0.0,0.0,20.0,3
11,14,6,0,20.0,44.115944,0.5164367,0.0,1.1729621,0.0,0.0,0.0,20.0,3
11,15,6,0,20.0,44.104168,0.5164367,0.0,1.2836407,0.0,0.0,0.0,20.0,3
11,16,6,0,20.0,44.118195,0.5152216,0.650739,1.6631986,0.0,0.0,0.0,20.0,3
11,17,6,0,20.0,44.058605,0.51886696,0.0,1.6052043,0.0,0.0,0.0,20.0,3
11,18,6,0,20.0,44.030216,0.5537308,0.0,1.232702,0.0,0.0,0.0,20.0,3
11,19,6,0,20.0,44.035286,0.55616105,0.0,1.2240486,0.0,0.0,0.0,20.0,3
11,20,6,0,20.0,44.0528,1.1397693,0.0,1.5130926,0.0,0.0,1.0,20.0,3
11,21,6,0,20.0,44.102528,1.078755,0.0,1.4770458,0.0,0.0,1.0,20.0,3
11,22,6,0,20.0,44.156334,0.98080355,0.0,1.4222715,0.0,0.0,1.0,20.0,3
11,23,6,0,22.7548,37.39121,0.51886696,0.0,0.0,1.0648035,0.0,1.0,22.777779,3
11,24,6,0,23.325066,36.239574,0.5152216,0.0,0.0,0.48405865,0.0,1.0,23.333334,3
11,1,7,0,23.880537,35.31332,0.5140065,0.0,0.0,0.5883473,0.0,1.0,23.88889,3
11,2,7,0,23.888832,35.60043,0.51279134,0.0,0.0,0.3413711,0.0,1.0,23.88889,3
11,3,7,0,23.88889,35.9254,0.51157624,0.0,0.0,0.17858675,0.0,1.0,23.88889,3
11,4,7,0,23.88889,35.985706,0.5103611,0.0,0.0,0.12753813,0.0,1.0,23.88889,3
11,5,7,0,23.88889,36.113888,0.509146,0.0,0.0,0.12081725,0.0,1.0,23.88889,3
11,6,7,0,23.88889,36.383766,0.509146,0.0,0.0,0.11989307,0.0,1.0,23.88889,3
11,7,7,0,23.88889,36.480083,0.51157624,0.0,0.0,0.121831,0.0,1.0,23.88889,3
11,8,7,0,23.88889,36.599335,0.5140065,0.0,0.0,0.0697842,0.0,1.0,23.88889,3
11,9,7,0,23.88889,36.67153,0.5152216,0.0,0.1280528,0.0,0.0,1.0,23.88889,3
11,10,7,0,23.88889,36.61933,0.5152216,0.0,0.37672868,0.0,0.0,0.0,23.88889,3
11,11,7,0,23.88889,36.562332,0.8235053,0.0,0.5091907,0.0,0.0,1.0,23.88889,3
11,12,7,0,23.88889,36.52156,0.83115196,0.0,0.46125737,0.0,0.0,1.0,23.88889,3
11,13,7,0,24.82876,34.44459,0.8422653,0.0,0.1506326,0.0,0.0,1.0,24.833334,3
11,14,7,0,24.999746,34.08787,0.8424927,0.0,0.18950556,0.0,0.0,1.0,25.0,3
11,15,7,0,25.0,33.958847,0.5164367,0.0,0.004712888,0.0,0.0,0.0,25.0,3
11,16,7,0,23.641352,36.799633,0.5152216,0.65336347,0.78434724,0.0,0.0,0.0,23.61111,3
11,17,7,0,22.7871,38.37679,0.51886696,1.3067492,0.74439496,0.0,0.0,0.0,22.777779,3
11,18,7,0,22.777796,37.62524,0.5537308,0.65337104,0.2955977,0.0,0.0,0.0,22.777779,3
11,19,7,0,22.888689,36.92414,0.55616105,0.0,0.39214256,0.0,0.0,1.0,22.88889,3
11,20,7,0,23.884598,34.743706,0.5237274,0.0,0.0,0.30275723,0.0,1.0,23.88889,3
11,21,7,0,23.888885,34.576477,0.5225123,0.0,0.0,0.22162282,0.0,1.0,23.88889,3
11,22,7,0,23.88889,34.51297,0.5212972,0.0,0.0,0.21177952,0.0,1.0,23.88889,3
11,23,7,0,23.88889,34.46706,0.51886696,0.0,0.0,0.31688723,0.0,1.0,23.88889,3
11,24,7,0,23.88889,34.290764,0.5152216,0.0,0.0,0.36173454,0.0,1.0,23.88889,3
11,1,1,0,23.88889,33.893673,0.5140065,0.0,0.0,1.4032663,0.0,1.0,23.88889,3
11,2,1,0,23.88889,33.080414,0.51279134,0.0,0.0,1.382998,0.0,1.0,23.88889,3
11,3,1,0,23.88889,32.382347,0.51157624,0.0,0.0,1.4248495,0.0,1.0,23.88889,3
11,4,1,0,23.88889,31.697384,0.5103611,0.0,0.0,1.5774112,0.0,1.0,23.88889,3
11,5,1,0,23.88889,31.552002,0.509146,0.0,0.0,1.6565646,0.0,1.0,23.88889,3
11,6,1,0,23.88889,30.916096,0.509146,0.0,0.0,1.7832272,0.0,1.0,23.88889,3
11,7,1,0,23.88889,30.26234,0.51157624,0.0,0.0,1.7228445,0.0,1.0,23.88889,3
11,8,1,0,20.348307,37.245243,0.5140065,0.0,1.233533,0.0,0.0,1.0,20.277779,3
11,9,1,0,18.437735,41.895462,0.5152216,0.0,2.733994,0.0,0.0,1.0,18.333334,3
11,10,1,0,24.940083,28.120682,0.5152216,0.0,0.0,4.939194,0.0,1.0,25.0,3
11,11,1,0,24.999895,27.628986,0.8235053,0.0,0.0,2.517309,0.0,1.0,25.0,3
11,12,1,0,25.0,26.788204,0.5140065,0.0,0.0,1.7607669,0.0,0.0,25.0,3
11,13,1,0,25.0,26.357738,0.5164367,0.0,0.0,1.3203161,0.0,0.0,25.0,3
11,14,1,0,25.0,25.64764,0.5164367,0.0,0.0,1.332263,0.0,0.0,25.0,3
11,15,1,0,25.0,25.158875,0.5164367,0.0,0.0,0.6624217,0.0,0.0,25.0,3
11,16,1,0,24.61283,25.549738,0.5152216,1.9679362,0.0,0.0572903,0.0,0.0,24.61111,3
11,17,1,0,23.891172,26.17024,0.51886696,0.0,0.0,0.38825595,0.0,0.0,23.88889,3
11,18,1,0,22.78597,28.220974,3.400585,0.0,0.63953155,0.0,0.0,0.0,22.777779,3
11,19,1,0,22.777815,29.230152,5.0480547,0.0,1.4707566,0.0,0.0,1.0,22.777779,3
11,20,1,0,22.777779,28.99545,1.1397693,0.0,0.47099715,0.0,0.0,1.0,22.777779,3
11,21,1,0,22.777779,28.809937,0.5225123,0.0,0.0,0.09861926,0.0,0.0,22.777779,3
11,22,1,0,22.777779,28.641945,0.5212972,0.0,0.0,0.34872153,0.0,0.0,22.777779,3
11,23,1,0,22.777779,28.553207,0.51886696,0.655983,0.0,0.46059293,0.0,1.0,22.777779,3
11,24,1,0,22.777779,28.437164,0.5152216,0.0,0.0,0.6673343,0.0,1.0,22.777779,3
11,1,2,0,22.777779,28.431898,0.5140065,0.0,0.0,0.3432733,0.0,1.0,22.777779,3
11,2,2,0,20.071104,33.53069,0.51279134,0.0,1.1624894,0.0,0.0,1.0,20.0,3
11,3,2,0,20.003683,33.647804,0.51157624,0.0,0.66598016,0.0,0.0,1.0,20.0,3
11,4,2,0,20.000095,33.574715,0.5103611,0.0,0.33246884,0.0,0.0,1.0,20.0,3
11,5,2,0,20.0,33.548706,0.509146,0.0,0.04993963,0.0,0.0,1.0,20.0,3
11,6,2,0,20.0,33.50405,0.572646,13.364153,2.2153397,0.0,0.0,1.0,20.0,3
11,7,2,0,20.11082,33.255272,0.7073467,0.0,0.0,0.10264538,0.0,1.0,20.11111,3
11,8,2,0,20.524858,32.724323,0.8151131,2.4833357,0.93386483,0.0,0.0,1.0,20.555555,3
11,9,2,0,20.555555,32.596546,0.5152216,0.0,0.07334066,0.0,0.0,0.0,20.555555,3
11,10,2,0,20.555555,32.534584,0.95331746,0.0,0.70119995,0.0,0.0,0.0,20.555555,3
11,11,2,0,20.555555,32.84248,9.277942,1.853441,1.4230583,0.0,0.0,1.0,20.555555,3
11,12,2,0,19.72971,35.16522,16.68322,6.5660324,2.9506905,0.0,0.0,1.0,19.722221,3
11,13,2,0,24.951813,25.58597,0.8422653,10.055854,0.0,3.1800091,0.0,1.0,25.0,3
11,14,2,0,24.999891,25.510147,0.8424927,2.2373226,0.0,0.7489134,0.0,1.0,25.0,3
11,15,2,0,25.0,25.766533,0.830799,2.7926295,1.1260169,0.0,0.0,1.0,25.0,3
11,16,2,0,25.0,25.734758,0.8652163,1.9756991,0.2912323,0.0,0.0,1.0,25.0,3
11,17,2,0,23.195177,28.46636,0.92334604,0.0,0.8107733,0.0,0.0,1.0,23.166666,3
11,18,2,0,22.779116,29.001486,1.0728483,0.0,0.48642677,0.0,0.0,1.0,22.777779,3
11,19,2,0,22.77778,28.944105,0.55616105,1.3171405,0.50001186,0.0,0.0,0.0,22.777779,3
11,20,2,0,22.777779,28.843903,0.5237274,0.0,0.291413,0.0,0.0,0.0,22.777779,3
11,21,2,0,22.777779,28.75768,0.5225123,0.0,0.078867584,0.0,0.0,0.0,22.777779,3
11,22,2,0,22.777779,28.730097,0.5212972,0.0,0.0,0.08187927,0.0,1.0,22.777779,3
11,23,2,0,22.777779,28.721357,0.51886696,0.0,0.0,0.14794509,0.0,1.0,22.777779,3
11,24,2,0,22.777779,28.703564,0.5152216,0.0,0.0,0.1628983,0.0,1.0,22.777779,3
11,1,3,0,22.777779,28.63763,0.5140065,0.0,0.0,0.8395773,0.0,1.0,22.777779,3
11,2,3,0,20.068098,33.81978,0.51279134,0.0,1.1548707,0.0,0.0,1.0,20.0,3
11,3,3,0,20.001627,33.97144,0.51157624,0.0,0.759362,0.0,0.0,1.0,20.0,3
11,4,3,0,20.000057,34.0097,0.5103611,0.0,0.4352731,0.0,0.0,1.0,20.0,3
11,5,3,0,20.0,34.061512,0.509146,0.0,0.1936627,0.0,0.0,1.0,20.0,3
11,6,3,0,20.0,34.106655,0.509146,0.0,0.19336557,0.0,0.0,1.0,20.0,3
11,7,3,0,20.0,34.237007,0.7073467,0.0,0.263202,0.0,0.0,1.0,20.0,3
11,8,3,0,18.727953,37.065388,0.5140065,0.0,0.96086633,0.0,0.0,0.0,18.666666,3
11,9,3,0,18.340286,37.99924,0.5152216,0.0,1.1523368,0.0,0.0,0.0,18.333334,3
11,10,3,0,18.33337,38.058052,0.5152216,0.0,1.3179446,0.0,0.0,0.0,18.333334,3
11,11,3,0,18.333334,38.21204,0.5140065,2.6445065,1.622762,0.0,0.0,0.0,18.333334,3
11,12,3,0,18.333334,38.31079,0.5140065,0.0,1.5201429,0.0,0.0,0.0,18.333334,3
11,13,3,0,18.333334,38.401585,0.5164367,0.0,1.6263778,0.0,0.0,0.0,18.333334,3
11,14,3,0,18.333334,38.67305,0.5164367,0.0,1.8200456,0.0,0.0,0.0,18.333334,3
11,15,3,0,18.544188,38.233887,0.5164367,0.0,1.6508284,0.0,0.0,0.0,18.555555,3
11,16,3,0,22.742903,29.570105,0.5152216,0.0,0.0,2.0353684,0.0,0.0,22.777779,3
11,17,3,0,22.777668,30.367947,0.51886696,0.0,0.0,0.89460915,0.0,0.0,22.777779,3
11,18,3,0,22.777779,31.048532,0.5537308,0.0,0.0,0.48406518,0.0,0.0,22.777779,3
11,19,3,0,22.777779,31.301216,0.55616105,0.0,0.0,0.07960548,0.0,0.0,22.777779,3
11,20,3,0,22.777779,31.647793,0.5237274,0.0,0.0,0.067874275,0.0,0.0,22.777779,3
11,21,3,0,22.777779,31.71102,0.5225123,0.0,0.2835617,0.0,0.0,0.0,22.777779,3
11,22,3,0,22.777779,31.806204,0.5212972,0.0,0.2675282,0.0,0.0,0.0,22.777779,3
11,23,3,0,22.777779,31.936922,0.51886696,0.0,0.24674197,0.0,0.0,1.0,22.777779,3
11,24,3,0,22.777779,32.075336,0.5152216,0.0,0.15379046,0.0,0.0,1.0,22.777779,3
11,1,4,0,22.777779,32.377136,0.5140065,0.0,0.041676782,0.0,0.0,1.0,22.777779,3
11,2,4,0,22.777779,32.478214,0.51279134,0.0,0.0,0.07030111,0.0,1.0,22.777779,3
11,3,4,0,22.777779,32.564247,0.51157624,0.0,0.0,0.117813885,0.0,1.0,22.777779,3
11,4,4,0,22.777779,32.839966,0.5103611,0.0,0.0,0.1552993,0.0,1.0,22.777779,3
11,5,4,0,22.777779,33.142307,0.509146,0.0,0.0,0.17912814,0.0,1.0,22.777779,3
11,6,4,0,22.777779,33.47276,0.509146,0.0,0.0,0.17339283,0.0,1.0,22.777779,3
11,7,4,0,22.777779,33.77194,0.51157624,0.0,0.0,0.13178925,0.0,1.0,22.777779,3
11,8,4,0,22.777779,33.815506,0.5140065,0.0,0.0,0.08299004,0.0,1.0,22.777779,3
11,9,4,0,22.777779,33.97284,0.8319637,0.0,0.27282962,0.0,0.0,1.0,22.777779,3
11,10,4,0,22.777779,34.55403,0.8291344,3.3733008,2.3076348,0.0,0.0,1.0,22.777779,3
11,11,4,0,22.777779,34.63765,0.5140065,0.0,0.7475512,0.0,0.0,0.0,22.777779,3
11,12,4,0,24.936317,30.557295,0.5140065,0.0,0.0,0.689482,0.0,0.0,24.944445,3
11,13,4,0,24.999998,30.592373,0.5164367,2.654638,0.29972103,0.0,0.0,0.0,25.0,3
11,14,4,0,25.0,30.763592,0.5164367,1.9909499,0.6398166,0.0,0.0,0.0,25.0,3
11,15,4,0,24.568737,31.89506,0.5164367,0.0,0.8546963,0.0,0.0,0.0,24.555555,3
11,16,4,0,24.55557,32.190746,0.5152216,0.0,0.8836585,0.0,0.0,0.0,24.555555,3
11,17,4,0,22.829283,36.295017,0.51886696,0.0,1.984436,0.0,0.0,0.0,22.777779,3
11,18,4,0,22.778183,37.052753,1.0728483,0.0,1.6747746,0.0,0.0,1.0,22.777779,3
11,19,4,0,24.54774,33.31166,0.55616105,0.0,0.0,0.32867005,0.0,0.0,24.555555,3
11,20,4,0,24.999348,32.519634,0.5237274,0.0,0.15111902,0.0,0.0,0.0,25.0,3
11,21,4,0,24.999998,32.681175,1.078755,0.0,0.5043815,0.0,0.0,1.0,25.0,3
11,22,4,0,24.073257,34.76072,0.98080355,1.9909968,1.2090737,0.0,0.0,1.0,24.055555,3
11,23,4,0,22.830145,37.62952,0.51886696,0.0,1.4508255,0.0,0.0,1.0,22.777779,3
11,24,4,0,22.780884,37.855785,0.5152216,0.0,1.0626252,0.0,0.0,1.0,22.777779,3
11,1,5,0,22.777851,38.030857,0.5140065,0.0,0.72770464,0.0,0.0,1.0,22.777779,3
11,2,5,0,22.777779,38.39444,0.51279134,0.0,0.51668376,0.0,0.0,1.0,22.777779,3
11,3,5,0,22.777779,38.758373,0.51157624,0.0,0.4249887,0.0,0.0,1.0,22.777779,3
11,4,5,0,22.777779,39.11149,0.5103611,0.0,0.34773904,0.0,0.0,1.0,22.777779,3
11,5,5,0,22.777779,39.44982,0.509146,0.0,0.3481327,0.0,0.0,1.0,22.777779,3
11,6,5,0,22.777779,39.754635,0.509146,0.0,0.33858907,0.0,0.0,1.0,22.777779,3
11,7,5,0,22.777779,40.56409,0.7073467,4.149903,2.349034,0.0,0.0,1.0,22.777779,3
11,8,5,0,23.989697,37.725407,0.5140065,0.0,0.0,0.3441318,0.0,0.0,24.0,3
11,9,5,0,24.989462,35.785507,0.5152216,0.0,0.0,0.8652614,0.0,0.0,25.0,3
11,10,5,0,24.99993,35.854595,0.5152216,0.0,0.0,0.5371108,0.0,0.0,25.0,3
11,11,5,0,25.0,36.199596,0.5140065,3.3309252,0.0,0.01515776,0.0,0.0,25.0,3
11,12,5,0,25.0,36.28798,0.5140065,0.0,0.0,0.08937998,0.0,0.0,25.0,3
11,13,5,0,25.0,36.415375,0.5164367,0.0,0.057413243,0.0,0.0,0.0,25.0,3
11,14,5,0,25.0,36.495247,0.5164367,0.0,0.19757436,0.0,0.0,0.0,25.0,3
11,15,5,0,25.0,36.577847,0.5164367,0.0,0.45339286,0.0,0.0,0.0,25.0,3
11,16,5,0,22.993942,41.429916,0.5152216,0.0,1.4847231,0.0,0.0,0.0,22.944445,3
11,17,5,0,22.798834,42.612347,0.51886696,0.0,1.3561277,0.0,0.0,0.0,22.777779,3
11,18,5,0,22.94356,42.68618,0.5537308,0.0,0.88615745,0.0,0.0,0.0,22.944445,3
11,19,5,0,24.217068,39.528053,0.55616105,0.0,0.0,0.21828118,0.0,0.0,24.222221,3
11,20,5,0,24.166794,39.714413,0.5237274,0.0,0.3727189,0.0,0.0,0.0,24.166666,3
11,21,5,0,23.344221,41.90583,0.5225123,0.0,0.80270433,0.0,0.0,0.0,23.333334,3
11,22,5,0,23.333456,41.98718,0.5212972,0.0,0.6887947,0.0,0.0,0.0,23.333334,3
11,23,5,0,23.333336,42.083504,0.51886696,0.0,0.5667615,0.0,0.0,0.0,23.333334,3
11,24,5,0,23.333334,42.287205,0.5152216,0.0,0.48692703,0.0,0.0,0.0,23.333334,3
12,1,6,0,23.333334,42.360176,0.5093824,0.0,0.2853179,0.0,0.0,0.0,23.333334,3
12,2,6,0,23.333334,42.471806,0.6708784,0.0,0.24087085,0.0,0.0,1.0,23.333334,3
12,3,6,0,23.333334,42.51263,0.5071834,0.0,0.15411732,0.0,0.0,1.0,23.333334,3
12,4,6,0,23.333334,42.561398,0.50608385,0.0,0.011732797,0.0,0.0,1.0,23.333334,3
12,5,6,0,23.333334,42.60201,0.5049844,0.0,0.047388747,0.0,0.0,1.0,23.333334,3
12,6,6,0,23.333334,42.594242,0.5049844,0.0,0.02884696,0.0,0.0,1.0,23.333334,3
12,7,6,0,23.333334,42.55279,0.5071834,0.0,0.03839818,0.0,0.0,1.0,23.333334,3
12,8,6,0,23.333334,42.51564,0.5093824,0.0,0.121610485,0.0,0.0,1.0,23.333334,3
12,9,6,0,23.333334,42.446068,0.51048195,0.0,0.3889777,0.0,0.0,1.0,23.333334,3
12,10,6,0,23.333334,42.44882,0.51048195,0.0,0.796983,0.0,0.0,1.0,23.333334,3
12,11,6,0,23.333334,42.422176,0.98888046,0.0,1.1343696,0.0,0.0,1.0,23.333334,3
12,12,6,0,23.333334,42.337585,0.5093824,0.0,0.96448594,0.0,0.0,0.0,23.333334,3
12,13,6,0,22.780834,43.669807,0.5115815,0.0,1.4559801,0.0,0.0,0.0,22.777779,3
12,14,6,0,22.77781,43.61172,0.5115815,0.0,1.5509831,0.0,0.0,0.0,22.777779,3
12,15,6,0,22.777779,43.59384,0.5115815,1.3373281,1.7581503,0.0,0.0,0.0,22.777779,3
12,16,6,0,22.777779,43.534576,0.51048195,0.0,1.6415074,0.0,0.0,0.0,22.777779,3
12,17,6,0,22.777779,43.14111,0.51378053,0.0,1.435254,0.0,0.0,0.0,22.777779,3
12,18,6,0,22.777779,43.103878,0.54818195,2.7152498,2.2432828,0.0,0.0,0.0,22.777779,3
12,19,6,0,22.777779,42.976177,0.550381,0.0,0.9932156,0.0,0.0,0.0,22.777779,3
12,20,6,0,22.777779,42.91217,1.343435,0.0,1.3378129,0.0,0.0,1.0,22.777779,3
12,21,6,0,22.777779,43.6984,1.2639898,6.9426117,4.586314,0.0,0.0,1.0,22.777779,3
12,22,6,0,22.234522,46.25157,1.1505989,2.6783204,2.8004794,0.0,0.0,1.0,22.222221,3
12,23,6,0,22.765724,44.56154,1.017496,0.0,0.8720169,0.0,0.0,1.0,22.777779,3
12,24,6,0,22.777699,44.503067,0.7983128,0.0,0.6310068,0.0,0.0,1.0,22.777779,3
12,1,7,0,22.777777,44.50166,0.72731924,0.67111254,0.4831817,0.0,0.0,1.0,22.777779,3
12,2,7,0,22.246655,45.948296,0.5082829,0.0,0.5923773,0.0,0.0,1.0,22.222221,3
12,3,7,0,22.77685,44.41628,0.5071834,0.0,0.092786275,0.0,0.0,1.0,22.777779,3
12,4,7,0,22.777777,44.27987,0.50608385,0.0,0.15107377,0.0,0.0,1.0,22.777779,3
12,5,7,0,22.239014,45.728874,0.5049844,0.0,0.31000185,0.0,0.0,1.0,22.222221,3
12,6,7,0,22.222485,45.628315,0.5049844,0.0,0.23140137,0.0,0.0,1.0,22.222221,3
12,7,7,0,22.222225,45.50539,0.5071834,0.0,0.16938697,0.0,0.0,1.0,22.222221,3
12,8,7,0,22.683764,44.754353,0.97451687,5.413478,2.6667123,0.0,0.0,1.0,22.777779,3
12,9,7,0,22.777544,44.434387,0.9960497,0.0,0.5979969,0.0,0.0,1.0,22.777779,3
12,10,7,0,22.777777,44.353333,0.9944127,0.0,0.9788036,0.0,0.0,1.0,22.777779,3
12,11,7,0,22.777779,44.28702,0.5093824,0.0,0.9336069,0.0,0.0,0.0,22.777779,3
12,12,7,0,22.777779,44.171043,0.5093824,0.671114,1.0546963,0.0,0.0,0.0,22.777779,3
12,13,7,0,22.777779,44.18029,0.5115815,0.0,1.1054816,0.0,0.0,0.0,22.777779,3
12,14,7,0,22.777779,44.23051,0.5115815,1.342209,1.3986564,0.0,0.0,0.0,22.777779,3
12,15,7,0,22.777779,44.22391,0.5115815,0.0,1.4669688,0.0,0.0,0.0,22.777779,3
12,16,7,0,22.777779,44.211864,0.51048195,0.0,1.4890699,0.0,0.0,0.0,22.777779,3
12,17,7,0,22.777779,43.83898,0.51378053,0.0,1.1229273,0.0,0.0,0.0,22.777779,3
12,18,7,0,22.777779,43.476852,0.54818195,0.0,0.7215428,0.0,0.0,0.0,22.777779,3
12,19,7,0,22.777779,43.36475,0.550381,0.0,0.92723006,0.0,0.0,0.0,22.777779,3
12,20,7,0,22.777779,43.259235,0.5181786,0.0,0.8459113,0.0,0.0,0.0,22.777779,3
12,21,7,0,22.777779,43.19829,1.2639898,0.0,1.143725,0.0,0.0,1.0,22.777779,3
12,22,7,0,22.777779,43.136845,1.1505989,0.0,1.0666187,0.0,0.0,1.0,22.777779,3
12,23,7,0,22.247356,44.916245,1.017496,3.2907255,2.8138568,0.0,0.0,1.0,22.222221,3
12,24,7,0,22.222725,44.908314,0.7983128,0.0,0.9234325,0.0,0.0,1.0,22.222221,3
12,1,1,0,22.222229,44.81744,0.72731924,0.0,0.62414885,0.0,0.0,1.0,22.222221,3
12,2,1,0,22.222221,44.71212,0.5082829,0.0,0.30490378,0.0,0.0,1.0,22.222221,3
12,3,1,0,22.222221,44.57484,0.5071834,0.0,0.16082078,0.0,0.0,1.0,22.222221,3
12,4,1,0,22.222221,44.391254,0.50608385,0.0,0.032717712,0.0,0.0,1.0,22.222221,3
12,5,1,0,22.222221,44.215805,0.5049844,0.0,0.0,0.012980181,0.0,1.0,22.222221,3
12,6,1,0,21.674925,45.554817,0.5049844,0.67353153,0.31611618,0.0,0.0,1.0,21.666666,3
12,7,1,0,20.060894,50.252697,0.5071834,0.0,1.2053925,0.0,0.0,1.0,20.0,3
12,8,1,0,21.657358,45.50461,0.5093824,0.0,0.0,0.58115566,0.0,1.0,21.666666,3
12,9,1,0,22.217972,43.911972,0.51048195,0.0,0.0,0.39116263,0.0,1.0,22.222221,3
12,10,1,0,22.7767,42.349483,0.51048195,0.0,0.0,0.36469442,0.0,0.0,22.777779,3
12,11,1,0,23.332302,40.87893,0.5093824,0.0,0.0,0.41826603,0.0,0.0,23.333334,3
12,12,1,0,23.888111,39.452274,0.5093824,0.0,0.0,0.34222448,0.0,0.0,23.88889,3
12,13,1,0,23.88889,39.39808,0.5115815,0.0,0.18146592,0.0,0.0,0.0,23.88889,3
12,14,1,0,23.88889,39.26049,0.5115815,0.0,0.30125022,0.0,0.0,0.0,23.88889,3
12,15,1,0,23.88889,39.21858,0.5115815,0.0,0.53397745,0.0,0.0,0.0,23.88889,3
12,16,1,0,23.88889,39.159657,0.51048195,0.0,0.44616464,0.0,0.0,0.0,23.88889,3
12,17,1,0,23.336985,40.11425,0.51378053,0.0,0.30916998,0.0,0.0,0.0,23.333334,3
12,18,1,0,22.78337,41.55618,1.2759206,3.3768783,2.2967815,0.0,0.0,1.0,22.777779,3
12,19,1,0,22.77779,41.418407,0.550381,0.0,0.56563056,0.0,0.0,0.0,22.777779,3
12,20,1,0,22.777779,41.300728,0.5181786,0.0,0.4612539,0.0,0.0,0.0,22.777779,3
12,21,1,0,22.777779,41.073757,0.5170791,0.0,0.33308268,0.0,0.0,0.0,22.777779,3
12,22,1,0,22.226868,42.3966,0.5159796,0.6735313,0.56361586,0.0,0.0,0.0,22.222221,3
12,23,1,0,22.22225,42.346035,0.51378053,0.0,0.34579346,0.0,0.0,1.0,22.222221,3
12,24,1,0,22.222223,42.281776,0.51048195,0.0,0.17338581,0.0,0.0,1.0,22.222221,3
12,1,2,0,21.67417,43.54927,0.5093824,0.0,0.2648713,0.0,0.0,1.0,21.666666,3
12,2,2,0,21.666681,43.520615,0.5082829,0.0,0.022399697,0.0,0.0,1.0,21.666666,3
12,3,2,0,20.051516,47.9777,0.5071834,0.0,0.83453137,0.0,0.0,1.0,20.0,3
12,4,2,0,20.00185,48.051136,0.50608385,0.0,0.42612246,0.0,0.0,1.0,20.0,3
12,5,2,0,20.000021,47.950764,0.64057726,0.0,0.26577833,0.0,0.0,1.0,20.0,3
12,6,2,0,20.000004,48.648403,0.69533145,7.110804,3.4535267,0.0,0.0,1.0,20.0,3
12,7,2,0,20.0,49.297005,0.8472382,0.0,0.122417554,0.0,0.0,1.0,20.0,3
12,8,2,0,21.102585,45.82974,0.97451687,0.0,0.0,0.50641733,0.0,1.0,21.11111,3
12,9,2,0,21.110973,46.228024,0.9960497,5.5848103,1.8349073,0.0,0.0,1.0,21.11111,3
12,10,2,0,21.666193,44.613068,0.9944127,1.3518316,0.35316122,0.0,0.0,1.0,21.666666,3
12,11,2,0,22.221771,43.049297,0.5093824,1.3518426,0.16590288,0.0,0.0,1.0,22.222221,3
12,12,2,0,22.777342,41.50163,1.0001403,0.0,0.18284036,0.0,0.0,1.0,22.777779,3
12,13,2,0,22.777777,41.809483,1.014467,2.9873898,1.8847767,0.0,0.0,1.0,22.777779,3
12,14,2,0,22.228315,43.084923,0.5115815,0.0,0.726468,0.0,0.0,0.0,22.222221,3
12,15,2,0,22.22252,42.988205,0.5115815,0.0,0.85397303,0.0,0.0,0.0,22.222221,3
12,16,2,0,22.222227,42.87709,0.51048195,0.0,0.81650865,0.0,0.0,0.0,22.222221,3
12,17,2,0,22.222221,42.51982,1.1073377,4.7759175,0.5711272,0.0,0.0,1.0,22.222221,3
12,18,2,0,21.66891,43.540863,0.54818195,0.0,0.2984993,0.0,0.0,0.0,21.666666,3
12,19,2,0,21.666672,43.36448,0.550381,0.0,0.5119965,0.0,0.0,0.0,21.666666,3
12,20,2,0,21.666666,43.188454,0.5181786,0.0,0.37642714,0.0,0.0,0.0,21.666666,3
12,21,2,0,21.666666,43.041862,0.5170791,0.0,0.29709682,0.0,0.0,0.0,21.666666,3
12,22,2,0,19.907269,47.82648,0.5159796,0.0,1.3810669,0.0,0.0,0.0,19.833334,3
12,23,2,0,19.998917,47.271263,0.51378053,0.0,0.7586831,0.0,0.0,0.0,20.0,3
12,24,2,0,19.999994,47.18052,0.7983128,0.0,0.5649493,0.0,0.0,1.0,20.0,3
12,1,3,0,20.0,47.096813,0.5093824,0.0,0.33055466,0.0,0.0,1.0,20.0,3
12,2,3,0,20.0,47.00159,0.5082829,0.0,0.10942543,0.0,0.0,1.0,20.0,3
12,3,3,0,20.0,46.92204,0.5071834,0.0,0.016108241,0.0,0.0,1.0,20.0,3
12,4,3,0,20.0,46.842747,0.50608385,0.0,0.0,0.0646507,0.0,1.0,20.0,3
12,5,3,0,20.0,46.763466,0.5049844,0.0,0.0,0.12963787,0.0,1.0,20.0,3
12,6,3,0,20.0,46.675922,0.5049844,0.0,0.0,0.14273807,0.0,1.0,20.0,3
12,7,3,0,20.937181,43.960987,0.8472382,0.0,0.0,0.5958675,0.0,1.0,20.944445,3
12,8,3,0,21.657974,41.972828,0.97451687,0.0,0.0,0.947892,0.0,1.0,21.666666,3
12,9,3,0,21.666649,42.0851,0.51048195,2.1598651,0.3086263,0.0,0.0,0.0,21.666666,3
12,10,3,0,22.220766,40.539177,0.51048195,0.0,0.0,0.9327131,0.0,0.0,22.222221,3
12,11,3,0,22.222221,40.462406,0.5093824,2.7130473,0.0,0.27714577,0.0,0.0,22.222221,3
12,12,3,0,22.222221,40.343452,0.5093824,0.0,0.0,0.20900993,0.0,0.0,22.222221,3
12,13,3,0,22.222221,40.107018,0.5115815,0.0,0.0,0.029479763,0.0,0.0,22.222221,3
12,14,3,0,22.222221,40.025482,0.5115815,0.0,0.092446834,0.0,0.0,0.0,22.222221,3
12,15,3,0,22.222221,39.956516,0.5115815,0.0,0.1185569,0.0,0.0,0.0,22.222221,3
12,16,3,0,22.222221,39.860874,0.51048195,0.0,0.09479353,0.0,0.0,0.0,22.222221,3
12,17,3,0,22.222221,39.452976,0.51378053,0.0,0.0,0.33924454,0.0,0.0,22.222221,3
12,18,3,0,22.776085,37.786682,0.54818195,0.0,0.0,0.73563176,0.0,0.0,22.777779,3
12,19,3,0,22.777777,37.635082,0.550381,0.0,0.0,0.21147211,0.0,0.0,22.777779,3
12,20,3,0,22.777779,37.381466,0.5181786,0.0,0.0,0.18126161,0.0,0.0,22.777779,3
12,21,3,0,22.777779,37.273148,0.5170791,0.0,0.0,0.11685972,0.0,0.0,22.777779,3
12,22,3,0,22.229445,38.496006,1.1505989,0.0,0.5306,0.0,0.0,1.0,22.222221,3
12,23,3,0,20.07795,43.870617,0.51378053,0.0,1.3040586,0.0,0.0,1.0,20.0,3
12,24,3,0,20.0,44.000122,0.51048195,0.0,0.70480597,0.0,0.0,1.0,20.0,3
12,1,4,0,21.654587,39.732605,0.5093824,0.0,0.0,0.70287675,0.0,1.0,21.666666,3
12,2,4,0,20.045465,43.836964,0.5082829,0.0,0.9717127,0.0,0.0,1.0,20.0,3
12,3,4,0,20.0,43.965195,0.5071834,0.0,0.17296167,0.0,0.0,1.0,20.0,3
12,4,4,0,20.0,43.959534,0.50608385,0.0,0.34367883,0.0,0.0,1.0,20.0,3
12,5,4,0,20.0,43.990913,0.5049844,0.0,0.21868226,0.0,0.0,1.0,20.0,3
12,6,4,0,20.0,44.416798,1.799009,0.0,0.4367986,0.0,0.0,1.0,20.0,3
12,7,4,0,20.0,44.70714,0.8472382,0.0,0.35223138,0.0,0.0,1.0,20.0,3
12,8,4,0,20.0,44.789448,0.5093824,0.0,0.19862911,0.0,0.0,0.0,20.0,3
12,9,4,0,20.0,44.723015,0.51048195,0.0,0.18187314,0.0,0.0,0.0,20.0,3
12,10,4,0,20.0,44.702087,0.51048195,0.0,0.19789195,0.0,0.0,0.0,20.0,3
12,11,4,0,21.652765,40.394535,0.5093824,0.0,0.0,0.86180466,0.0,0.0,21.666666,3
12,12,4,0,21.666601,40.40421,0.5093824,0.0,0.0,0.64292157,0.0,0.0,21.666666,3
12,13,4,0,21.666666,40.488476,0.5115815,0.0,0.0,0.30791035,0.0,0.0,21.666666,3
12,14,4,0,21.666666,40.63836,0.5115815,0.0,0.0,0.17575619,0.0,0.0,21.666666,3
12,15,4,0,21.666666,40.70678,0.5115815,0.0,0.0,0.119822904,0.0,0.0,21.666666,3
12,16,4,0,22.218157,39.55187,0.51048195,0.0,0.0,0.4620496,0.0,0.0,22.222221,3
12,17,4,0,22.222221,40.00593,0.51378053,0.0,0.0,0.62440085,0.0,0.0,22.222221,3
12,18,4,0,23.32143,37.637783,0.54818195,0.0,0.0,1.4861358,0.0,0.0,23.333334,3
12,19,4,0,22.23531,40.48213,0.550381,0.0,0.28514326,0.0,0.0,0.0,22.222221,3
12,20,4,0,22.22229,40.546284,0.5181786,0.0,0.11686006,0.0,0.0,0.0,22.222221,3
12,21,4,0,22.222223,40.703876,0.5170791,0.0,0.080692135,0.0,0.0,1.0,22.222221,3
12,22,4,0,22.222221,40.7942,0.5159796,0.0,0.063872084,0.0,0.0,1.0,22.222221,3
12,23,4,0,22.222221,40.952423,0.51378053,0.0,0.0,0.021252213,0.0,1.0,22.222221,3
12,24,4,0,22.222221,41.16716,0.51048195,0.0,0.0,0.08133426,0.0,1.0,22.222221,3
12,1,5,0,22.222221,41.404392,0.5093824,0.0,0.0,0.20022532,0.0,1.0,22.222221,3
12,2,5,0,22.222221,41.620728,0.5082829,0.0,0.0,0.30257064,0.0,1.0,22.222221,3
12,3,5,0,22.222221,41.829926,0.5071834,0.0,0.0,0.34234786,0.0,1.0,22.222221,3
12,4,5,0,22.768105,40.525074,0.50608385,0.0,0.0,0.76738656,0.0,1.0,22.777779,3
12,5,5,0,22.77765,40.690956,0.5049844,0.0,0.0,0.70483756,0.0,1.0,22.777779,3
12,6,5,0,22.777777,40.718052,0.5049844,0.0,0.0,0.62462586,0.0,1.0,22.777779,3
12,7,5,0,22.777779,40.7113,0.5071834,0.0,0.0,0.6431101,0.0,0.0,22.777779,3
12,8,5,0,22.777779,40.701447,0.5093824,0.0,0.0,0.6360032,0.0,0.0,22.777779,3
12,9,5,0,22.777779,40.711784,0.51048195,0.0,0.0,0.64159334,0.0,0.0,22.777779,3
12,10,5,0,23.321095,39.4189,0.51048195,0.0,0.0,1.0188398,0.0,0.0,23.333334,3
12,11,5,0,23.333132,39.399742,0.5093824,0.0,0.0,0.8852314,0.0,0.0,23.333334,3
12,12,5,0,23.881895,38.178097,1.0001403,0.0,0.0,0.9485838,0.0,1.0,23.88889,3
12,13,5,0,23.888742,38.510242,1.014467,2.7071204,0.5116587,0.0,0.0,1.0,23.88889,3
12,14,5,0,23.88889,38.730675,0.9496774,0.0,0.0,0.7186521,0.0,0.0,23.88889,3
12,15,5,0,23.88889,38.8352,1.5839727,0.0,0.0,0.31787547,0.0,1.0,23.88889,3
12,16,5,0,24.438051,38.149822,16.362549,0.0,0.0,0.4573971,0.0,1.0,24.444445,3
12,17,5,0,24.444328,39.18887,16.365849,0.6829033,0.0,0.9757725,0.0,1.0,24.444445,3
12,18,5,0,24.444443,38.941208,0.54818195,0.0,0.0,1.3150291,0.0,1.0,24.444445,3
12,19,5,0,24.444445,38.755714,0.550381,0.0,0.0,0.86855555,0.0,0.0,24.444445,3
12,20,5,0,24.991692,37.497135,0.5181786,2.048701,0.0,1.1314633,0.0,0.0,25.0,3
12,21,5,0,25.540403,36.264137,1.2639898,0.0,0.0,1.2926893,0.0,1.0,25.555555,3
12,22,5,0,25.555157,36.193993,0.5159796,0.0,0.0,1.4067502,0.0,0.0,25.555555,3
12,23,5,0,23.364136,41.21093,0.51378053,0.0,0.63190985,0.0,0.0,0.0,23.333334,3
12,24,5,0,22.793865,42.716534,0.7983128,0.0,0.23693004,0.0,0.0,1.0,22.777779,3
12,1,6,0,22.777788,42.701794,0.72731924,0.0,0.0,0.07129176,0.0,1.0,22.777779,3
12,2,6,0,22.777779,42.655075,0.6708784,0.0,0.0,0.41792548,0.0,1.0,22.777779,3
12,3,6,0,22.777779,42.625553,0.5071834,0.0,0.0,0.6469793,0.0,1.0,22.777779,3
12,4,6,0,22.777779,42.543972,0.50608385,0.0,0.0,0.80631936,0.0,1.0,22.777779,3
12,5,6,0,22.777779,42.566624,0.5049844,0.0,0.0,0.85169333,0.0,1.0,22.777779,3
12,6,6,0,22.777779,42.46559,0.5049844,2.0554748,0.0,0.8084907,0.0,1.0,22.777779,3
12,7,6,0,22.225805,43.833946,0.5071834,0.0,0.0,0.48910254,0.0,1.0,22.222221,3
12,8,6,0,22.765854,42.279823,0.5093824,0.0,0.0,0.9276192,0.0,1.0,22.777779,3
12,9,6,0,22.22294,43.56751,0.9960497,0.0,0.0,0.2131216,0.0,1.0,22.222221,3
12,10,6,0,22.222227,43.447456,0.9944127,0.0,0.0,0.32809913,0.0,1.0,22.222221,3
12,11,6,0,21.66785,44.81968,0.5093824,0.0,0.0,0.24484144,0.0,0.0,21.666666,3
12,12,6,0,20.048344,49.4409,0.5093824,0.0,0.74854344,0.0,0.0,0.0,20.0,3
12,13,6,0,20.000414,49.52164,0.5115815,0.0,0.43582532,0.0,0.0,0.0,20.0,3
12,14,6,0,20.000002,49.439323,0.5115815,0.0,0.22866435,0.0,0.0,0.0,20.0,3
12,15,6,0,21.652475,44.55325,0.5115815,0.0,0.0,0.9977775,0.0,0.0,21.666666,3
12,16,6,0,20.037704,49.08739,0.51048195,0.0,0.6996047,0.0,0.0,0.0,20.0,3
12,17,6,0,20.000078,48.908836,0.51378053,0.0,0.0,0.33897126,0.0,0.0,20.0,3
12,18,6,0,22.197536,42.41156,0.54818195,0.0,0.0,1.9606297,0.0,0.0,22.222221,3
12,19,6,0,19.835852,48.463577,0.550381,0.0,1.128252,0.0,0.0,0.0,19.777779,3
12,20,6,0,20.552885,46.282967,0.5181786,0.0,0.0,0.26011872,0.0,0.0,20.555555,3
12,21,6,0,18.94506,50.969673,0.5170791,0.0,0.9513619,0.0,0.0,0.0,18.88889,3
12,22,6,0,21.534544,43.32955,0.5159796,0.0,0.0,1.5574682,0.0,0.0,21.555555,3
12,23,6,0,21.664194,42.957024,0.51378053,0.0,0.0,1.0566434,0.0,1.0,21.666666,3
12,24,6,0,21.666626,42.768715,0.51048195,0.0,0.0,0.9466545,0.0,1.0,21.666666,3
12,1,7,0,21.169891,43.90166,0.5093824,0.0,0.0,0.511027,0.0,1.0,21.166666,3
12,2,7,0,20.556076,45.517265,0.5082829,0.0,0.0,0.27516702,0.0,1.0,20.555555,3
12,3,7,0,20.55556,45.26292,0.5071834,0.0,0.0,0.49325407,0.0,1.0,20.555555,3
12,4,7,0,20.555555,44.99075,0.50608385,0.0,0.0,0.6784277,0.0,1.0,20.555555,3
12,5,7,0,20.555555,44.925774,0.5049844,0.0,0.0,0.7472114,0.0,1.0,20.555555,3
12,6,7,0,20.555555,44.806393,0.5049844,0.0,0.0,0.6924714,0.0,1.0,20.555555,3
12,7,7,0,20.555555,44.710194,0.5071834,0.0,0.0,0.74866205,0.0,1.0,20.555555,3
12,8,7,0,20.555555,44.471012,0.5093824,0.0,0.0,0.70414484,0.0,1.0,20.555555,3
12,9,7,0,21.605373,41.623363,1.6057217,0.0,0.0,0.73850673,0.0,1.0,21.61111,3
12,10,7,0,22.221144,40.226795,8.392044,3.3807456,0.0,0.3442738,0.0,1.0,22.222221,3
12,11,7,0,22.222221,40.55677,15.784143,0.6447893,0.7222207,0.0,0.0,1.0,22.222221,3
12,12,7,0,22.222221,40.51591,1.0001403,10.899753,0.43230903,0.0,0.0,1.0,22.222221,3
12,13,7,0,22.222221,40.493736,1.014467,0.0,0.52216375,0.0,0.0,1.0,22.222221,3
12,14,7,0,21.6734,41.89058,1.0150925,1.3747773,1.0821667,0.0,0.0,1.0,21.666666,3
12,15,7,0,21.666666,41.85449,0.5115815,0.0,0.57365495,0.0,0.0,0.0,21.666666,3
12,16,7,0,22.772627,39.067688,0.51048195,0.0,0.0,0.46451026,0.0,0.0,22.777779,3
12,17,7,0,23.331223,37.53031,0.51378053,0.68738437,0.0,1.0957125,0.0,0.0,23.333334,3
12,18,7,0,22.778553,38.5808,0.54818195,2.0621626,0.0,0.5565605,0.0,0.0,22.777779,3
12,19,7,0,22.777779,38.45643,0.550381,0.0,0.0,0.17338386,0.0,0.0,22.777779,3
12,20,7,0,20.073872,45.248302,0.5181786,0.0,1.4719826,0.0,0.0,0.0,20.0,3
12,21,7,0,20.00053,45.22363,0.5170791,0.0,0.8485557,0.0,0.0,0.0,20.0,3
12,22,7,0,22.764109,38.722157,1.1505989,5.6966715,1.6468108,0.0,0.0,1.0,22.777779,3
12,23,7,0,22.223845,39.863377,0.51378053,0.0,0.0,0.5516355,0.0,1.0,22.222221,3
12,24,7,0,20.055452,45.461277,0.51048195,0.0,1.0592762,0.0,0.0,1.0,20.0,3
12,1,1,0,20.001009,45.54396,0.5093824,0.0,0.28292722,0.0,0.0,1.0,20.0,3
12,2,1,0,20.0,45.333523,0.5082829,0.0,0.0,0.067465425,0.0,1.0,20.0,3
12,3,1,0,20.0,45.252304,0.5071834,0.0,0.0,0.25708008,0.0,1.0,20.0,3
12,4,1,0,20.0,44.980312,0.50608385,0.0,0.0,0.33657494,0.0,1.0,20.0,3
12,5,1,0,20.0,44.93976,0.5049844,0.0,0.0,0.42850378,0.0,1.0,20.0,3
12,6,1,0,20.0,44.834225,0.69533145,0.0,0.0,0.4183825,0.0,1.0,20.0,3
12,7,1,0,20.0,44.678204,0.5071834,0.0,0.0,0.5993527,0.0,0.0,20.0,3
12,8,1,0,20.988638,41.89528,0.5093824,0.0,0.0,1.2104336,0.0,0.0,21.0,3
12,9,1,0,21.663742,40.07619,0.51048195,0.0,0.0,1.2845348,0.0,0.0,21.666666,3
12,10,1,0,21.666666,40.036953,0.51048195,2.0687025,0.0,0.1879938,0.0,0.0,21.666666,3
12,11,1,0,21.666666,39.910824,0.5093824,0.0,0.103784114,0.0,0.0,0.0,21.666666,3
12,12,1,0,21.666666,39.832615,0.5093824,0.0,0.33725095,0.0,0.0,0.0,21.666666,3
12,13,1,0,21.666666,39.774136,0.5115815,0.0,0.4906741,0.0,0.0,0.0,21.666666,3
12,14,1,0,21.666666,39.695713,0.5115815,0.0,0.6456226,0.0,0.0,0.0,21.666666,3
12,15,1,0,21.666666,39.62025,0.5115815,0.0,0.8758424,0.0,0.0,0.0,21.666666,3
12,16,1,0,21.666666,39.48796,0.51048195,0.0,0.9860683,0.0,0.0,0.0,21.666666,3
12,17,1,0,21.666666,39.020866,0.51378053,0.0,0.40863875,0.0,0.0,0.0,21.666666,3
12,18,1,0,21.666666,38.625664,0.54818195,0.0,0.0,0.09113311,0.0,0.0,21.666666,3
12,19,1,0,21.666666,38.486977,0.550381,0.0,0.32632977,0.0,0.0,0.0,21.666666,3
12,20,1,0,21.666666,38.349716,0.5181786,0.0,0.26534882,0.0,0.0,0.0,21.666666,3
12,21,1,0,21.666666,38.227318,0.5170791,0.0,0.17020808,0.0,0.0,0.0,21.666666,3
12,22,1,0,21.061249,39.610176,1.1505989,0.0,0.67030895,0.0,0.0,1.0,21.055555,3
12,23,1,0,20.72564,40.36466,1.017496,0.0,0.6284525,0.0,0.0,1.0,20.722221,3
12,24,1,0,22.208733,36.8022,0.51048195,0.0,0.0,0.8760651,0.0,1.0,22.222221,3
12,1,2,0,22.77169,35.502472,0.5093824,0.0,0.0,1.1503309,0.0,1.0,22.777779,3
12,2,2,0,20.600512,40.44458,0.5082829,0.0,0.7221953,0.0,0.0,1.0,20.555555,3
12,3,2,0,20.555805,40.471783,0.5071834,0.0,0.0,0.08973718,0.0,1.0,20.555555,3
12,4,2,0,20.555555,40.45414,0.50608385,2.075174,0.0,0.09656086,0.0,1.0,20.555555,3
12,5,2,0,20.555555,40.302876,0.5049844,0.0,0.0,0.42828435,0.0,1.0,20.555555,3
12,6,2,0,21.267582,38.47566,0.5049844,0.0,0.0,0.9344804,0.0,1.0,21.277779,3
12,7,2,0,21.657246,37.47895,0.5071834,0.0,0.0,1.2432257,0.0,1.0,21.666666,3
12,8,2,0,21.66664,37.285877,0.5093824,0.0,0.0,1.0665818,0.0,1.0,21.666666,3
12,9,2,0,21.666666,37.186916,0.51048195,0.0,0.0,0.6558165,0.0,0.0,21.666666,3
12,10,2,0,22.221663,35.914474,0.51048195,0.0,0.0,0.3352284,0.0,0.0,22.222221,3
12,11,2,0,22.777302,34.692505,0.5093824,0.0,0.0,0.29871488,0.0,0.0,22.777779,3
12,12,2,0,22.777779,34.57953,0.5093824,0.0,0.0,0.012766547,0.0,0.0,22.777779,3
12,13,2,0,22.777779,34.59222,0.5115815,2.075164,0.2631499,0.0,0.0,0.0,22.777779,3
12,14,2,0,23.33223,33.41761,0.5115815,0.0,0.0,0.09776714,0.0,0.0,23.333334,3
12,15,2,0,22.789892,34.506542,0.5115815,0.0,0.5567506,0.0,0.0,0.0,22.777779,3
12,16,2,0,22.264124,35.651817,1.0412455,0.0,1.1462301,0.0,0.0,1.0,22.222221,3
12,17,2,0,22.223259,36.180832,1.1073377,3.5447214,2.214994,0.0,0.0,1.0,22.222221,3
12,18,2,0,21.669067,37.38168,0.54818195,0.0,0.26247355,0.0,0.0,0.0,21.666666,3
12,19,2,0,22.221651,36.111084,0.550381,0.0,0.2648726,0.0,0.0,0.0,22.222221,3
12,20,2,0,22.776886,34.94123,0.5181786,2.0751815,0.2571907,0.0,0.0,0.0,22.777779,3
12,21,2,0,22.777777,34.901543,0.5170791,0.0,0.0,0.09418318,0.0,0.0,22.777779,3
12,22,2,0,22.777779,34.91184,0.5159796,0.0,0.04460857,0.0,0.0,0.0,22.777779,3
12,23,2,0,23.331171,33.820534,1.017496,0.0,0.0,0.13156524,0.0,1.0,23.333334,3
12,24,2,0,22.782896,35.098595,0.51048195,0.0,0.13564701,0.0,0.0,1.0,22.777779,3
12,1,3,0,22.777786,35.22661,0.5093824,0.0,0.0,0.12793396,0.0,1.0,22.777779,3
12,2,3,0,22.231216,36.447285,0.5082829,0.0,0.13389629,0.0,0.0,1.0,22.222221,3
12,3,3,0,22.222233,36.60078,0.5071834,0.0,0.007729735,0.0,0.0,1.0,22.222221,3
12,4,3,0,22.222221,36.74186,0.50608385,0.0,0.0,0.11738577,0.0,1.0,22.222221,3
12,5,3,0,22.222221,36.87285,0.5049844,0.0,0.0,0.120969996,0.0,1.0,22.222221,3
12,6,3,0,22.222221,37.01996,0.5049844,0.0,0.0,0.16461866,0.0,1.0,22.222221,3
12,7,3,0,22.222221,37.07187,0.5071834,0.0,0.0,0.14530054,0.0,1.0,22.222221,3
12,8,3,0,22.222221,37.103764,0.5093824,0.0,0.0,0.14576104,0.0,1.0,22.222221,3
12,9,3,0,21.672283,38.4552,0.51048195,0.0,0.42716143,0.0,0.0,1.0,21.666666,3
12,10,3,0,22.221088,37.40027,0.51048195,0.0,0.095132574,0.0,0.0,1.0,22.222221,3
12,11,3,0,22.222221,37.48956,0.5093824,0.0,0.23188743,0.0,0.0,1.0,22.222221,3
12,12,3,0,22.222221,37.641666,1.0001403,0.0,0.47300977,0.0,0.0,1.0,22.222221,3
12,13,3,0,22.767797,37.184433,1.014467,4.2839556,2.2752204,0.0,0.0,1.0,22.777779,3
12,14,3,0,22.777708,37.218693,1.0150925,0.0,0.49389312,0.0,0.0,1.0,22.777779,3
12,15,3,0,23.332273,36.073463,0.5115815,0.0,0.16494271,0.0,0.0,0.0,23.333334,3
12,16,3,0,23.333323,36.161587,0.51048195,1.3877165,0.3681709,0.0,0.0,0.0,23.333334,3
12,17,3,0,23.333334,36.50586,0.51378053,0.6938559,0.047030326,0.0,0.0,0.0,23.333334,3
12,18,3,0,23.333334,36.83976,0.54818195,0.69385546,0.0,0.029309347,0.0,0.0,23.333334,3
12,19,3,0,23.888432,36.076744,1.3793172,0.0,0.39225346,0.0,0.0,1.0,23.88889,3
12,20,3,0,23.88889,36.22978,0.5181786,0.0,0.07231563,0.0,0.0,0.0,23.88889,3
12,21,3,0,23.338121,37.49564,0.5170791,0.0,0.40206128,0.0,0.0,0.0,23.333334,3
12,22,3,0,24.437061,35.15879,0.5159796,0.0,0.0,0.18669331,0.0,0.0,24.444445,3
12,23,3,0,23.9018,36.447887,1.017496,0.69385684,0.47051534,0.0,0.0,1.0,23.88889,3
12,24,3,0,23.88891,36.7161,0.7983128,0.0,0.16517556,0.0,0.0,1.0,23.88889,3
12,1,4,0,23.88889,37.01446,0.5093824,0.0,0.03495206,0.0,0.0,1.0,23.88889,3
12,2,4,0,23.88889,37.353283,0.5082829,0.0,0.0,0.09417496,0.0,1.0,23.88889,3
12,3,4,0,23.88889,37.659367,0.5071834,0.0,0.0,0.15487619,0.0,1.0,23.88889,3
12,4,4,0,23.88889,37.955173,0.50608385,0.0,0.0,0.18096676,0.0,1.0,23.88889,3
12,5,4,0,23.88889,37.990616,0.5049844,0.0,0.0,0.22758242,0.0,1.0,23.88889,3
12,6,4,0,23.88889,38.213924,0.5049844,0.0,0.0,0.30793715,0.0,0.0,23.88889,3
12,7,4,0,23.88889,38.251335,0.5071834,0.0,0.0,0.34749255,0.0,0.0,23.88889,3
12,8,4,0,23.88889,38.274197,0.5093824,0.0,0.0,0.32048872,0.0,0.0,23.88889,3
12,9,4,0,23.88889,38.301937,0.51048195,0.0,0.0,0.054856915,0.0,0.0,23.88889,3
12,10,4,0,23.88889,38.326046,0.51048195,0.0,0.4168392,0.0,0.0,0.0,23.88889,3
12,11,4,0,22.784672,40.981358,0.5093824,0.0,1.2377936,0.0,0.0,0.0,22.777779,3
12,12,4,0,22.777798,40.967365,0.5093824,0.0,1.0927827,0.0,0.0,0.0,22.777779,3
12,13,4,0,22.777779,40.921436,0.5115815,0.0,1.0443783,0.0,0.0,0.0,22.777779,3
12,14,4,0,22.777779,40.770943,0.5115815,0.0,1.1197604,0.0,0.0,0.0,22.777779,3
12,15,4,0,22.777779,40.680042,0.5115815,0.0,1.2544371,0.0,0.0,0.0,22.777779,3
12,16,4,0,22.777779,40.426517,0.51048195,0.0,1.2545303,0.0,0.0,0.0,22.777779,3
12,17,4,0,22.777779,39.877155,0.51378053,0.0,0.25343436,0.0,0.0,0.0,22.777779,3
12,18,4,0,22.777779,39.521816,0.54818195,0.0,0.0,0.089587964,0.0,0.0,22.777779,3
12,19,4,0,22.777779,38.98479,0.550381,0.0,0.14208713,0.0,0.0,0.0,22.777779,3
12,20,4,0,22.777779,38.79815,0.5181786,0.0,0.0,0.04503627,0.0,0.0,22.777779,3
12,21,4,0,22.777779,38.665215,0.5170791,0.0,0.0,0.07163672,0.0,0.0,22.777779,3
12,22,4,0,22.777779,38.563694,0.5159796,0.0,0.0,0.032172695,0.0,0.0,22.777779,3
12,23,4,0,22.228199,39.848335,0.51378053,0.0,0.15710028,0.0,0.0,0.0,22.222221,3
12,24,4,0,22.773794,38.4843,0.7983128,0.0,0.0,0.21745096,0.0,1.0,22.777779,3
12,1,5,0,22.222782,39.63513,0.5093824,0.69798833,0.0,0.186598,0.0,1.0,22.222221,3
12,2,5,0,21.666943,40.867996,0.5082829,0.0,0.0,0.18686055,0.0,1.0,21.666666,3
12,3,5,0,21.666668,40.532566,0.5071834,0.0,0.0,0.24573956,0.0,1.0,21.666666,3
12,4,5,0,21.666666,40.231426,0.50608385,0.0,0.0,0.4890244,0.0,1.0,21.666666,3
12,5,5,0,20.05094,44.89274,2.4522116,0.0,0.8637709,0.0,0.0,1.0,20.0,3
12,6,5,0,20.001293,44.859436,0.5049844,0.0,0.25513393,0.0,0.0,0.0,20.0,3
12,7,5,0,20.000008,44.559242,0.5071834,0.0,0.046807095,0.0,0.0,0.0,20.0,3
12,8,5,0,20.0,44.201458,0.5093824,0.0,0.0,0.07677506,0.0,0.0,20.0,3
12,9,5,0,20.0,44.187767,0.51048195,0.0,0.019570453,0.0,0.0,0.0,20.0,3
12,10,5,0,20.0,44.021088,0.51048195,0.0,0.10858975,0.0,0.0,0.0,20.0,3
12,11,5,0,21.376753,40.206684,0.5093824,0.0,0.0,0.8346876,0.0,0.0,21.38889,3
12,12,5,0,22.208508,38.21919,0.5093824,0.0,0.0,1.317515,0.0,0.0,22.222221,3
12,13,5,0,21.669807,39.470474,0.5115815,0.0,0.0,0.41447923,0.0,0.0,21.666666,3
12,14,5,0,21.66667,39.427605,0.5115815,0.0,0.0,0.20917961,0.0,0.0,21.666666,3
12,15,5,0,21.666666,39.365494,0.5115815,0.0,0.0,0.033075944,0.0,0.0,21.666666,3
12,16,5,0,21.666666,39.31295,0.51048195,0.0,0.050251614,0.0,0.0,0.0,21.666666,3
12,17,5,0,22.21249,37.86244,0.51378053,0.0,0.0,0.67631775,0.0,0.0,22.222221,3
12,18,5,0,22.49681,37.018707,0.54818195,0.0,0.0,0.9069156,0.0,0.0,22.5,3
12,19,5,0,21.704208,39.528027,4.4324546,0.0,1.2056494,0.0,0.0,0.0,21.666666,3
12,20,5,0,21.667624,39.44427,0.5181786,0.0,0.29131776,0.0,0.0,0.0,21.666666,3
12,21,5,0,21.666674,39.37121,0.5170791,0.0,0.17358704,0.0,0.0,0.0,21.666666,3
12,22,5,0,22.384981,37.527718,0.5159796,0.0,0.0,0.18004102,0.0,1.0,22.38889,3
12,23,5,0,22.773193,36.619293,0.51378053,0.0,0.0,0.4711822,0.0,1.0,22.777779,3
12,24,5,0,20.60908,41.727314,0.51048195,0.0,1.2491194,0.0,0.0,1.0,20.555555,3
12,1,6,0,20.045511,43.142345,0.5093824,0.0,0.88909143,0.0,0.0,1.0,20.0,3
12,2,6,0,20.001661,43.00949,0.5082829,0.0,0.45953625,0.0,0.0,1.0,20.0,3
12,3,6,0,20.000036,42.70576,0.5071834,0.0,0.2618023,0.0,0.0,1.0,20.0,3
12,4,6,0,20.0,42.390774,0.50608385,0.0,0.14594266,0.0,0.0,1.0,20.0,3
12,5,6,0,20.0,42.293987,0.5049844,0.0,0.04157265,0.0,0.0,1.0,20.0,3
12,6,6,0,20.0,41.954815,0.5049844,0.0,0.036144655,0.0,0.0,1.0,20.0,3
12,7,6,0,20.0,41.66313,0.5071834,0.0,0.0,0.020258484,0.0,1.0,20.0,3
12,8,6,0,20.441381,40.28098,0.5093824,0.0,0.0,0.22570986,0.0,1.0,20.444445,3
12,9,6,0,21.659021,37.31059,0.51048195,0.0,0.0,0.7535508,0.0,1.0,21.666666,3
12,10,6,0,21.666666,37.12131,0.51048195,0.0,0.05557966,0.0,0.0,0.0,21.666666,3
12,11,6,0,21.666666,37.003826,0.5093824,0.0,0.51951736,0.0,0.0,0.0,21.666666,3
12,12,6,0,21.666666,36.90459,0.5093824,0.0,0.69265705,0.0,0.0,0.0,21.666666,3
12,13,6,0,23.328356,33.302906,0.5115815,0.0,0.0,0.34123412,0.0,0.0,23.333334,3
12,14,6,0,22.780657,34.368206,0.5115815,0.0,0.94826055,0.0,0.0,0.0,22.777779,3
12,15,6,0,22.777798,34.352345,0.5115815,0.0,0.96321076,0.0,0.0,0.0,22.777779,3
12,16,6,0,22.777779,34.316032,0.51048195,0.0,1.0919644,0.0,0.0,0.0,22.777779,3
12,17,6,0,22.777779,33.904152,0.51378053,0.0,0.71376383,0.0,0.0,0.0,22.777779,3
12,18,6,0,22.777779,33.503826,0.54818195,0.0,0.2844916,0.0,0.0,0.0,22.777779,3
12,19,6,0,22.777779,32.9949,0.550381,0.0,0.52119756,0.0,0.0,0.0,22.777779,3
12,20,6,0,22.224472,34.00448,0.5181786,0.0,0.6861895,0.0,0.0,0.0,22.222221,3
12,21,6,0,22.222229,33.906574,0.5170791,0.0,0.54839075,0.0,0.0,0.0,22.222221,3
12,22,6,0,21.674839,35.041466,1.1505989,0.0,1.1017629,0.0,0.0,1.0,21.666666,3
12,23,6,0,21.666727,35.03634,0.51378053,0.0,0.5791779,0.0,0.0,1.0,21.666666,3
12,24,6,0,21.666668,35.02104,0.51048195,0.0,0.3948687,0.0,0.0,1.0,21.666666,3
12,1,7,0,21.666666,34.98135,0.5093824,0.0,0.1676109,0.0,0.0,1.0,21.666666,3
12,2,7,0,20.05998,38.670525,0.5082829,2.1059022,1.1098055,0.0,0.0,1.0,20.0,3
12,3,7,0,20.003065,38.775803,0.5071834,0.0,0.6600904,0.0,0.0,1.0,20.0,3
12,4,7,0,20.000101,38.67866,0.50608385,0.0,0.425387,0.0,0.0,1.0,20.0,3
12,5,7,0,20.0,38.550835,0.5049844,0.0,0.2878106,0.0,0.0,1.0,20.0,3
12,6,7,0,20.0,38.437504,0.5049844,0.0,0.041251916,0.0,0.0,1.0,20.0,3
12,7,7,0,20.0,38.33217,0.5071834,0.0,0.09579756,0.0,0.0,1.0,20.0,3
12,8,7,0,20.0,38.210903,0.5093824,0.0,0.03455518,0.0,0.0,1.0,20.0,3
12,9,7,0,20.0,38.18639,0.51048195,0.0,0.29287422,0.0,0.0,1.0,20.0,3
12,10,7,0,21.658352,34.46524,0.51048195,0.0,0.0,0.70958227,0.0,1.0,21.666666,3
12,11,7,0,21.666664,34.44145,0.5093824,0.0,0.0,0.14751142,0.0,1.0,21.666666,3
12,12,7,0,22.22165,33.302376,0.5093824,0.0,0.0,0.15269987,0.0,1.0,22.222221,3
12,13,7,0,22.777113,32.23015,0.5115815,0.0,0.0,0.20973077,0.0,1.0,22.777779,3
12,14,7,0,23.332024,31.200333,0.5115815,0.0,0.0,0.29722944,0.0,1.0,23.333334,3
12,15,7,0,23.333332,31.251183,0.5115815,0.0,0.10094442,0.0,0.0,1.0,23.333334,3
12,16,7,0,23.333334,31.306969,1.0412455,0.0,0.5844247,0.0,0.0,1.0,23.333334,3
12,17,7,0,23.333334,31.567013,1.1073377,2.8117821,1.5528461,0.0,0.0,1.0,23.333334,3
12,18,7,0,23.333334,31.429756,0.54818195,0.0,0.0,0.16995095,0.0,0.0,23.333334,3
12,19,7,0,23.888006,30.343597,0.550381,0.0,0.0,0.10270102,0.0,0.0,23.88889,3
12,20,7,0,23.336546,31.323732,0.5181786,0.0,0.3641335,0.0,0.0,0.0,23.333334,3
12,21,7,0,23.887794,30.297728,0.5170791,0.7019616,0.10976081,0.0,0.0,0.0,23.88889,3
12,22,7,0,23.888887,30.279879,0.5159796,0.0,0.0,0.07280668,0.0,0.0,23.88889,3
12,23,7,0,23.88889,30.2992,0.51378053,0.0,0.0,0.078028165,0.0,1.0,23.88889,3
12,24,7,0,22.801378,32.44359,0.51048195,0.0,0.57261616,0.0,0.0,1.0,22.777779,3
12,1,1,0,22.77815,32.514385,0.5093824,0.0,0.15981583,0.0,0.0,1.0,22.777779,3
12,2,1,0,22.777779,32.56053,0.5082829,0.0,0.012899722,0.0,0.0,1.0,22.777779,3
12,3,1,0,23.325977,31.56045,0.5071834,0.0,0.0,0.32565796,0.0,1.0,23.333334,3
12,4,1,0,22.779768,32.676945,0.50608385,0.0,0.0,0.10284804,0.0,1.0,22.777779,3
12,5,1,0,22.777779,32.748035,0.5049844,0.0,0.0,0.19943939,0.0,1.0,22.777779,3
12,6,1,0,22.777779,32.81121,0.5049844,0.0,0.0,0.12973525,0.0,1.0,22.777779,3
12,7,1,0,22.229708,33.94211,0.5071834,0.0,0.1068499,0.0,0.0,1.0,22.222221,3
12,8,1,0,22.223106,34.39376,0.97451687,3.0417452,1.6529874,0.0,0.0,1.0,22.222221,3
12,9,1,0,22.222235,34.35679,0.9960497,0.0,0.34039202,0.0,0.0,1.0,22.222221,3
12,10,1,0,22.222221,34.374886,0.9944127,0.0,0.55090773,0.0,0.0,1.0,22.222221,3
12,11,1,0,22.222221,34.37561,0.5093824,0.0,0.7488099,0.0,0.0,0.0,22.222221,3
12,12,1,0,22.777466,33.296116,0.5093824,2.8155556,0.7073863,0.0,0.0,0.0,22.777779,3
12,13,1,0,23.332819,32.253967,0.5115815,2.1116343,0.46986875,0.0,0.0,0.0,23.333334,3
12,14,1,0,23.33333,32.215904,0.5115815,0.0,0.4866739,0.0,0.0,0.0,23.333334,3
12,15,1,0,23.333334,32.224255,0.5115815,0.0,0.54554814,0.0,0.0,0.0,23.333334,3
12,16,1,0,23.875977,31.184837,0.51048195,0.0,0.53574586,0.0,0.0,0.0,23.88889,3
12,17,1,0,23.888754,30.920418,0.51378053,0.0,0.37546045,0.0,0.0,0.0,23.88889,3
12,18,1,0,23.88889,30.773502,0.54818195,0.0,0.024807386,0.0,0.0,0.0,23.88889,3
12,19,1,0,23.88889,30.733698,0.550381,0.0,0.376742,0.0,0.0,0.0,23.88889,3
12,20,1,0,24.443613,29.679632,0.5181786,0.0,0.17368263,0.0,0.0,0.0,24.444445,3
12,21,1,0,23.891745,30.65454,0.5170791,0.0,0.3867933,0.0,0.0,0.0,23.88889,3
12,22,1,0,23.888895,30.6385,1.1505989,0.0,0.43532702,0.0,0.0,1.0,23.88889,3
12,23,1,0,23.88889,30.650436,1.017496,0.0,0.2251541,0.0,0.0,1.0,23.88889,3
12,24,1,0,23.338627,31.694202,0.51048195,0.0,0.24651171,0.0,0.0,1.0,23.333334,3
12,1,2,0,23.333334,31.703737,0.5093824,0.0,0.0,0.11306393,0.0,1.0,23.333334,3
12,2,2,0,22.782257,32.81912,0.5082829,2.1173685,0.137939,0.0,0.0,1.0,22.777779,3
12,3,2,0,22.227404,33.929745,0.5071834,0.0,0.12059415,0.0,0.0,1.0,22.222221,3
12,4,2,0,22.222229,33.922928,0.50608385,0.0,0.0,0.15870509,0.0,1.0,22.222221,3
12,5,2,0,22.222221,33.89924,0.5049844,0.0,0.0,0.25803772,0.0,1.0,22.222221,3
12,6,2,0,22.222221,33.897823,0.5049844,0.0,0.0,0.32147947,0.0,1.0,22.222221,3
12,7,2,0,21.674562,35.08935,0.5071834,0.0,0.105953544,0.0,0.0,1.0,21.666666,3
12,8,2,0,21.666668,35.16474,0.5093824,0.0,0.0,0.12173363,0.0,0.0,21.666666,3
12,9,2,0,21.666666,35.16787,0.51048195,0.0,0.0,0.039812945,0.0,0.0,21.666666,3
12,10,2,0,20.047125,38.885345,0.51048195,0.0,1.1223291,0.0,0.0,0.0,20.0,3
12,11,2,0,20.000212,39.04557,0.5093824,0.0,0.97200644,0.0,0.0,0.0,20.0,3
12,12,2,0,22.21492,34.16527,0.5093824,1.4115736,0.0,0.65509117,0.0,0.0,22.222221,3
12,13,2,0,22.777105,33.09361,0.5115815,0.0,0.0,0.21892154,0.0,0.0,22.777779,3
12,14,2,0,22.777777,33.206127,1.0150925,0.0,0.70394826,0.0,0.0,1.0,22.777779,3
12,15,2,0,22.777779,33.306168,0.5115815,0.0,0.68626827,0.0,0.0,0.0,22.777779,3
12,16,2,0,22.777779,33.31963,0.51048195,0.0,0.52997947,0.0,0.0,0.0,22.777779,3
12,17,2,0,23.332075,32.551785,0.51378053,0.0,0.0,0.12137406,0.0,0.0,23.333334,3
12,18,2,0,22.233698,35.05333,0.54818195,0.0,0.48244682,0.0,0.0,0.0,22.222221,3
12,19,2,0,22.7774,33.92048,0.550381,0.0,0.3824119,0.0,0.0,0.0,22.777779,3
12,20,2,0,22.226603,35.13508,0.5181786,0.0,0.61850697,0.0,0.0,0.0,22.222221,3
12,21,2,0,22.222242,35.20023,0.5170791,0.0,0.57488024,0.0,0.0,0.0,22.222221,3
12,22,2,0,22.222221,35.280716,0.5159796,0.0,0.488524,0.0,0.0,0.0,22.222221,3
12,23,2,0,23.32556,33.097363,0.51378053,0.0,0.0,0.29697248,0.0,0.0,23.333334,3
12,24,2,0,22.783997,34.33649,0.51048195,0.0,0.2543116,0.0,0.0,1.0,22.777779,3
12,1,3,0,22.241604,35.63304,0.5093824,0.0,0.3230501,0.0,0.0,1.0,22.222221,3
12,2,3,0,22.2224,35.813606,0.5082829,0.0,0.18884039,0.0,0.0,1.0,22.222221,3
12,3,3,0,22.222223,35.95254,0.5071834,0.0,0.09363376,0.0,0.0,1.0,22.222221,3
12,4,3,0,22.222221,36.15239,0.50608385,0.0,0.021493586,0.0,0.0,1.0,22.222221,3
12,5,3,0,22.222221,36.244053,0.5049844,0.0,0.0,0.015917169,0.0,1.0,22.222221,3
12,6,3,0,22.771366,35.34392,0.5049844,0.0,0.0,0.37982935,0.0,1.0,22.777779,3
12,7,3,0,22.22661,36.832954,0.5071834,0.0,0.07353427,0.0,0.0,1.0,22.222221,3
12,8,3,0,22.77283,35.92307,0.5093824,0.0,0.0,0.25575435,0.0,1.0,22.777779,3
12,9,3,0,22.227104,37.218575,0.51048195,0.0,0.1338829,0.0,0.0,1.0,22.222221,3
12,10,3,0,22.222452,37.998295,0.9944127,5.4442043,2.715154,0.0,0.0,1.0,22.222221,3
12,11,3,0,22.222223,38.95218,0.98888046,0.0,0.28268635,0.0,0.0,1.0,22.222221,3
12,12,3,0,22.222221,39.229637,1.0001403,0.0,0.31724423,0.0,0.0,1.0,22.222221,3
12,13,3,0,22.222221,39.518272,1.014467,0.0,0.35887012,0.0,0.0,1.0,22.222221,3
12,14,3,0,22.222221,39.620384,0.5115815,0.7076347,0.20998256,0.0,0.0,0.0,22.222221,3
12,15,3,0,21.671726,41.068203,0.5115815,0.0,0.5875359,0.0,0.0,0.0,21.666666,3
12,16,3,0,22.221802,39.83751,0.51048195,2.8305607,0.3999433,0.0,0.0,0.0,22.222221,3
12,17,3,0,22.222221,40.344643,0.51378053,0.0,0.0327358,0.0,0.0,0.0,22.222221,3
12,18,3,0,22.222221,40.620514,0.54818195,0.70764,0.0,0.09286243,0.0,0.0,22.222221,3
12,19,3,0,22.222221,40.597267,0.550381,0.0,0.23375301,0.0,0.0,0.0,22.222221,3
12,20,3,0,22.222221,40.615685,0.5181786,0.0,0.26622266,0.0,0.0,0.0,22.222221,3
12,21,3,0,22.222221,40.68442,0.5170791,0.0,0.22427337,0.0,0.0,0.0,22.222221,3
12,22,3,0,22.777384,39.445896,1.1505989,0.0,0.25091508,0.0,0.0,1.0,22.777779,3
12,23,3,0,22.777777,39.54209,0.51378053,0.0,0.0,0.016904606,0.0,1.0,22.777779,3
12,24,3,0,22.231815,41.11787,0.51048195,0.0,0.3157356,0.0,0.0,1.0,22.222221,3
12,1,4,0,20.076887,47.067303,0.5093824,0.0,1.1512387,0.0,0.0,1.0,20.0,3
12,2,4,0,22.206087,41.40681,0.5082829,0.0,0.0,1.0177916,0.0,1.0,22.222221,3
12,3,4,0,22.222221,41.53577,0.5071834,0.0,0.0,0.08456427,0.0,1.0,22.222221,3
12,4,4,0,22.222221,41.59071,0.50608385,0.0,0.0,0.30053523,0.0,1.0,22.222221,3
12,5,4,0,21.67439,43.03548,0.5049844,0.0,0.11765121,0.0,0.0,1.0,21.666666,3
12,6,4,0,22.217936,41.713554,0.69533145,0.0,0.0,0.20584254,0.0,1.0,22.222221,3
12,7,4,0,21.727764,43.408897,0.8472382,3.6256952,1.8770831,0.0,0.0,1.0,21.666666,3
12,8,4,0,21.666702,43.71673,0.5093824,0.0,0.0,0.0328649,0.0,0.0,21.666666,3
12,9,4,0,21.666666,43.656265,0.51048195,0.0,0.25973845,0.0,0.0,0.0,21.666666,3
12,10,4,0,22.221727,42.13753,0.51048195,0.0,0.37810028,0.0,0.0,0.0,22.222221,3
12,11,4,0,22.777397,40.744495,0.5093824,4.256586,0.606819,0.0,0.0,0.0,22.777779,3
12,12,4,0,22.777777,40.558792,0.5093824,0.0,0.44661826,0.0,0.0,0.0,22.777779,3
12,13,4,0,23.33276,38.84717,0.5115815,0.0,0.3356151,0.0,0.0,0.0,23.333334,3
12,14,4,0,22.787231,40.018776,0.5115815,0.0,0.81093615,0.0,0.0,0.0,22.777779,3
12,15,4,0,22.777918,39.705166,0.5115815,0.0,1.0709287,0.0,0.0,0.0,22.777779,3
12,16,4,0,21.740892,42.192356,0.51048195,0.0,1.9675525,0.0,0.0,0.0,21.666666,3
12,17,4,0,21.66774,41.826405,0.51378053,0.0,1.2487046,0.0,0.0,0.0,21.666666,3
12,18,4,0,20.03709,45.69921,0.54818195,0.0,2.0982516,0.0,0.0,0.0,20.0,3
12,19,4,0,22.759502,38.552258,0.550381,0.0,0.0,0.932812,0.0,0.0,22.777779,3
12,20,4,0,22.777775,38.336533,0.5181786,0.0,0.17391746,0.0,0.0,0.0,22.777779,3
12,21,4,0,23.332153,36.93939,0.5170791,0.0,0.09935458,0.0,0.0,0.0,23.333334,3
12,22,4,0,23.333332,36.81002,0.5159796,0.0,0.0769031,0.0,0.0,0.0,23.333334,3
12,23,4,0,23.333334,36.706654,0.51378053,0.0,0.040392715,0.0,0.0,0.0,23.333334,3
12,24,4,0,22.248156,38.91743,0.51048195,0.0,0.5682763,0.0,0.0,0.0,22.222221,3
12,1,5,0,21.68405,40.205128,0.5093824,0.0,0.5912846,0.0,0.0,0.0,21.666666,3
12,2,5,0,21.666756,40.116676,0.5082829,0.0,0.16974074,0.0,0.0,0.0,21.666666,3
12,3,5,0,21.666666,39.987938,0.5071834,0.0,0.0073164813,0.0,0.0,0.0,21.666666,3
12,4,5,0,20.054327,44.030796,0.50608385,0.0,0.90519625,0.0,0.0,1.0,20.0,3
12,5,5,0,20.001558,44.075012,0.5049844,0.0,0.6186616,0.0,0.0,1.0,20.0,3
12,6,5,0,20.000002,43.89491,0.5049844,0.0,0.41415957,0.0,0.0,1.0,20.0,3
12,7,5,0,20.0,43.739616,0.5071834,0.0,0.16234046,0.0,0.0,0.0,20.0,3
12,8,5,0,20.0,43.496826,0.5093824,0.0,0.1519819,0.0,0.0,0.0,20.0,3
12,9,5,0,20.0,43.379482,0.51048195,0.0,0.46438855,0.0,0.0,0.0,20.0,3
12,10,5,0,21.660824,39.063507,0.51048195,0.0,0.0,0.32615978,0.0,0.0,21.666666,3
12,11,5,0,21.666662,39.026306,0.5093824,2.1336389,0.7053881,0.0,0.0,0.0,21.666666,3
12,12,5,0,22.221817,37.655327,0.5093824,0.0,0.42115012,0.0,0.0,0.0,22.222221,3
12,13,5,0,22.222221,37.615574,0.5115815,0.0,0.6214499,0.0,0.0,0.0,22.222221,3
12,14,5,0,22.222221,37.564133,0.5115815,0.0,0.8378058,0.0,0.0,0.0,22.222221,3
12,15,5,0,22.222221,37.54271,0.5115815,0.0,1.0961521,0.0,0.0,0.0,22.222221,3
12,16,5,0,20.215105,43.057137,1.0412455,4.82337,5.4938397,0.0,0.0,1.0,20.0,3
12,17,5,0,20.002964,43.150787,0.51378053,0.0,2.172173,0.0,0.0,0.0,20.0,3
12,18,5,0,20.000015,42.693714,0.54818195,0.0,1.3204995,0.0,0.0,0.0,20.0,3
12,19,5,0,20.0,42.560005,0.550381,0.0,1.2620397,0.0,0.0,0.0,20.0,3
12,20,5,0,20.0,42.45353,0.5181786,0.71122044,1.1728421,0.0,0.0,0.0,20.0,3
12,21,5,0,20.0,42.320084,0.5170791,0.0,0.9925811,0.0,0.0,0.0,20.0,3
12,22,5,0,21.10762,39.404095,0.5159796,0.0,0.21971668,0.0,0.0,0.0,21.11111,3
12,23,5,0,20.346367,41.172237,0.51378053,0.0,0.74414325,0.0,0.0,0.0,20.333334,3
12,24,5,0,22.205837,36.54185,0.51048195,0.0,0.0,0.8919129,0.0,0.0,22.222221,3
12,1,6,0,21.667019,37.675915,0.5093824,0.0,0.0,0.14203803,0.0,0.0,21.666666,3
12,2,6,0,20.050543,41.54128,0.5082829,0.0,0.804603,0.0,0.0,0.0,20.0,3
12,3,6,0,20.001875,41.612766,0.5071834,0.0,0.40670478,0.0,0.0,0.0,20.0,3
12,4,6,0,20.000048,41.485565,0.50608385,0.0,0.29260525,0.0,0.0,1.0,20.0,3
12,5,6,0,20.0,41.39576,0.5049844,0.0,0.14642482,0.0,0.0,1.0,20.0,3
12,6,6,0,20.0,41.352943,0.5049844,0.0,0.06980201,0.0,0.0,1.0,20.0,3
12,7,6,0,20.0,41.2359,0.5071834,0.0,0.016779253,0.0,0.0,1.0,20.0,3
12,8,6,0,20.0,41.21548,0.97451687,0.0,0.25164688,0.0,0.0,1.0,20.0,3
12,9,6,0,20.0,42.031967,0.9960497,6.351632,3.4920757,0.0,0.0,1.0,20.0,3
12,10,6,0,21.661936,37.932343,0.9944127,0.0,0.36164567,0.0,0.0,1.0,21.666666,3
12,11,6,0,22.776281,35.663166,0.98888046,1.5952871,0.729369,0.0,0.0,1.0,22.777779,3
12,12,6,0,23.333136,35.298824,1.0001403,6.6389813,2.2746644,0.0,0.0,1.0,23.333334,3
12,13,6,0,23.333334,35.294308,0.5115815,0.71294916,0.408742,0.0,0.0,0.0,23.333334,3
12,14,6,0,23.888485,34.18769,0.5115815,2.1388128,0.531537,0.0,0.0,0.0,23.88889,3
12,15,6,0,23.888887,34.178608,0.5115815,0.0,0.63967097,0.0,0.0,0.0,23.88889,3
12,16,6,0,23.88889,34.166485,0.51048195,0.0,0.7812257,0.0,0.0,0.0,23.88889,3
12,17,6,0,23.88889,34.07576,0.51378053,1.4258668,0.8222756,0.0,0.0,0.0,23.88889,3
12,18,6,0,23.88889,33.91521,0.54818195,0.0,0.405916,0.0,0.0,0.0,23.88889,3
12,19,6,0,23.88889,33.865856,0.550381,0.0,0.48204076,0.0,0.0,0.0,23.88889,3
12,20,6,0,23.88889,33.809727,0.5181786,0.0,0.42551866,0.0,0.0,0.0,23.88889,3
12,21,6,0,24.44374,32.693188,0.5170791,0.0,0.1627268,0.0,0.0,0.0,24.444445,3
12,22,6,0,24.444437,33.305878,1.1505989,5.563815,2.816318,0.0,0.0,1.0,24.444445,3
12,23,6,0,23.892244,34.4112,0.51378053,0.0,0.37261927,0.0,0.0,1.0,23.88889,3
12,24,6,0,24.442434,33.26713,0.51048195,0.0,0.0,0.06272694,0.0,1.0,24.444445,3
12,1,7,0,23.8945,34.37848,0.5093824,0.0,0.10558521,0.0,0.0,1.0,23.88889,3
12,2,7,0,23.888893,34.403267,0.5082829,0.0,0.0,0.12061854,0.0,1.0,23.88889,3
12,3,7,0,23.88889,34.400818,0.5071834,0.0,0.0,0.33556926,0.0,1.0,23.88889,3
12,4,7,0,23.88889,34.37442,0.50608385,0.0,0.0,0.44154695,0.0,1.0,23.88889,3
12,5,7,0,23.88889,34.357185,0.5049844,0.0,0.0,0.50959,0.0,1.0,23.88889,3
12,6,7,0,23.88889,34.328457,0.5049844,0.0,0.0,0.59978646,0.0,1.0,23.88889,3
12,7,7,0,23.88889,34.30621,0.5071834,0.0,0.0,0.65039474,0.0,1.0,23.88889,3
12,8,7,0,23.88889,34.224197,0.5093824,0.0,0.0,0.6907469,0.0,1.0,23.88889,3
12,9,7,0,23.33596,35.346504,0.51048195,0.0,0.09762695,0.0,0.0,1.0,23.333334,3
12,10,7,0,23.333336,35.26941,0.51048195,0.0,0.16841863,0.0,0.0,0.0,23.333334,3
12,11,7,0,22.78064,36.43211,0.5093824,0.0,0.67294633,0.0,0.0,0.0,22.777779,3
12,12,7,0,23.33292,35.2282,0.5093824,0.0,0.38114125,0.0,0.0,0.0,23.333334,3
12,13,7,0,23.888159,34.02079,0.5115815,0.0,0.16365507,0.0,0.0,0.0,23.88889,3
12,14,7,0,24.443422,32.889713,0.5115815,0.0,0.12710793,0.0,0.0,0.0,24.444445,3
12,15,7,0,24.44444,32.86838,0.5115815,0.0,0.3826944,0.0,0.0,0.0,24.444445,3
12,16,7,0,24.444445,32.85085,0.51048195,0.0,0.4392892,0.0,0.0,0.0,24.444445,3
12,17,7,0,24.444445,32.601177,0.51378053,0.0,0.0,0.098630674,0.0,0.0,24.444445,3
12,18,7,0,24.444445,32.324856,0.54818195,0.0,0.0,0.38694167,0.0,0.0,24.444445,3
12,19,7,0,24.999119,31.181185,0.550381,0.0,0.0,0.327578,0.0,0.0,25.0,3
12,20,7,0,25.0,31.085846,0.5181786,0.0,0.0,0.30705225,0.0,0.0,25.0,3
12,21,7,0,24.446476,32.052975,0.5170791,0.0,0.10983171,0.0,0.0,0.0,24.444445,3
12,22,7,0,23.891872,33.050602,0.5159796,0.0,0.16999285,0.0,0.0,0.0,23.88889,3
12,23,7,0,24.44282,31.798927,0.51378053,0.0,0.0,0.39478993,0.0,0.0,24.444445,3
12,24,7,0,23.345743,33.888866,0.51048195,0.0,0.25160223,0.0,0.0,0.0,23.333334,3
12,1,1,0,22.781229,35.01917,0.5093824,0.0,0.1179914,0.0,0.0,1.0,22.777779,3
12,2,1,0,22.777782,34.972897,0.5082829,0.0,0.0,0.29731438,0.0,1.0,22.777779,3
12,3,1,0,22.777779,34.843845,0.5071834,0.0,0.0,0.52882886,0.0,1.0,22.777779,3
12,4,1,0,22.777779,34.797894,0.50608385,0.0,0.0,0.66226465,0.0,1.0,22.777779,3
12,5,1,0,22.223852,35.79307,0.5049844,0.0,0.0,0.4730927,0.0,0.0,22.222221,3
12,6,1,0,22.222221,35.576107,0.5049844,0.0,0.0,0.64962614,0.0,0.0,22.222221,3
12,7,1,0,22.222221,35.334194,0.5071834,0.0,0.0,0.6760915,0.0,0.0,22.222221,3
12,8,1,0,22.222221,35.126114,0.5093824,0.0,0.0,0.7620673,0.0,0.0,22.222221,3
12,9,1,0,22.222221,35.05841,0.51048195,0.0,0.0,0.34053397,0.0,0.0,22.222221,3
12,10,1,0,22.776752,33.835754,0.51048195,0.0,0.0,0.59700394,0.0,0.0,22.777779,3
12,11,1,0,23.33308,33.23134,0.5093824,5.0889173,1.3592904,0.0,0.0,0.0,23.333334,3
12,12,1,0,22.779171,34.28749,0.5093824,0.0,0.0,0.269839,0.0,0.0,22.777779,3
12,13,1,0,22.22567,35.464207,0.5115815,0.0,0.24439357,0.0,0.0,0.0,22.222221,3
12,14,1,0,22.776976,34.302425,0.5115815,0.0,0.0,0.0989234,0.0,0.0,22.777779,3
12,15,1,0,22.225414,35.467697,0.5115815,0.0,0.36898246,0.0,0.0,0.0,22.222221,3
12,16,1,0,22.775158,34.345467,0.51048195,0.0,0.0,0.10418749,0.0,0.0,22.777779,3
12,17,1,0,22.232433,35.643494,0.51378053,0.0,0.22348294,0.0,0.0,0.0,22.222221,3
12,18,1,0,22.222227,35.76735,0.54818195,0.0,0.0,0.19882345,0.0,0.0,22.222221,3
12,19,1,0,22.222221,35.775,0.550381,0.0,0.1767874,0.0,0.0,0.0,22.222221,3
12,20,1,0,22.222221,35.807236,0.5181786,0.0,0.103194736,0.0,0.0,0.0,22.222221,3
12,21,1,0,22.222221,35.849846,0.5170791,0.0,0.11864167,0.0,0.0,0.0,22.222221,3
12,22,1,0,22.775549,34.700417,0.5159796,0.0,0.0,0.22198422,0.0,0.0,22.777779,3
12,23,1,0,22.777636,35.299038,1.017496,4.748863,2.1588016,0.0,0.0,1.0,22.777779,3
12,24,1,0,23.32671,34.20011,0.51048195,0.0,0.0,0.43137228,0.0,1.0,23.333334,3
12,1,2,0,23.333296,34.338326,0.5093824,0.0,0.0,0.46878788,0.0,1.0,23.333334,3
12,2,2,0,23.333332,34.471413,0.5082829,0.0,0.0,0.45635352,0.0,1.0,23.333334,3
12,3,2,0,23.333334,34.69163,0.5071834,0.0,0.0,0.45106572,0.0,1.0,23.333334,3
12,4,2,0,22.779615,35.993824,0.50608385,0.0,0.0,0.1178778,0.0,1.0,22.777779,3
12,5,2,0,22.777779,36.18473,0.5049844,0.0,0.0,0.21087557,0.0,1.0,22.777779,3
12,6,2,0,22.777779,36.467693,0.5049844,0.0,0.0,0.2199375,0.0,1.0,22.777779,3
12,7,2,0,23.32671,35.370144,0.8472382,0.0,0.0,0.45205593,0.0,1.0,23.333334,3
12,8,2,0,23.33333,35.51296,0.5093824,0.0,0.0,0.4957093,0.0,0.0,23.333334,3
12,9,2,0,22.782448,36.856655,0.51048195,0.0,0.1266985,0.0,0.0,1.0,22.777779,3
12,10,2,0,22.777779,37.16897,0.51048195,0.0,0.0,0.022962173,0.0,1.0,22.777779,3
12,11,2,0,22.777779,37.349556,0.5093824,0.7178676,0.028443823,0.0,0.0,1.0,22.777779,3
12,12,2,0,23.332026,36.248703,0.5093824,0.0,0.0,0.3088022,0.0,1.0,23.333334,3
12,13,2,0,23.88778,35.201435,0.5115815,0.0,0.0,0.47153553,0.0,1.0,23.88889,3
12,14,2,0,23.88889,35.337387,0.5115815,0.0,0.0064260345,0.0,0.0,1.0,23.88889,3
12,15,2,0,23.88889,35.50024,0.5115815,0.0,0.12349263,0.0,0.0,1.0,23.88889,3
12,16,2,0,23.88889,35.67167,0.51048195,0.0,0.2849143,0.0,0.0,1.0,23.88889,3
12,17,2,0,24.441553,34.955883,0.51378053,0.0,0.0,0.10701733,0.0,1.0,24.444445,3
12,18,2,0,23.892607,36.55799,0.54818195,0.0,0.23329405,0.0,0.0,0.0,23.88889,3
12,19,2,0,24.44435,36.00166,1.3793172,0.0,0.4154382,0.0,0.0,1.0,24.444445,3
12,20,2,0,24.444445,36.253296,0.5181786,0.0,0.06663416,0.0,0.0,0.0,24.444445,3
12,21,2,0,24.444445,36.319977,0.5170791,0.0,0.10320768,0.0,0.0,0.0,24.444445,3
12,22,2,0,24.997519,35.3583,0.5159796,0.0,0.0,0.2498741,0.0,0.0,25.0,3
12,23,2,0,24.452213,36.63535,0.51378053,0.7178779,0.22946607,0.0,0.0,0.0,24.444445,3
12,24,2,0,23.899126,38.019047,0.51048195,0.0,0.37079346,0.0,0.0,0.0,23.88889,3
12,1,3,0,23.88889,38.29559,0.72731924,0.0,0.252049,0.0,0.0,1.0,23.88889,3
12,2,3,0,23.35011,39.724926,0.6708784,0.0,0.3543016,0.0,0.0,1.0,23.333334,3
12,3,3,0,23.886158,38.81677,0.5071834,0.0,0.0,0.090279356,0.0,1.0,23.88889,3
12,4,3,0,23.88889,39.20591,0.50608385,0.0,0.0,0.109025136,0.0,1.0,23.88889,3
12,5,3,0,23.88889,39.63215,0.5049844,0.7194338,0.0,0.15063559,0.0,1.0,23.88889,3
12,6,3,0,23.88889,40.011814,0.5049844,0.71943355,0.0,0.10625242,0.0,1.0,23.88889,3
12,7,3,0,23.88889,41.009365,0.8472382,5.544875,2.41407,0.0,0.0,1.0,23.88889,3
12,8,3,0,23.88889,41.742958,0.5093824,2.9572916,0.3016887,0.0,0.0,0.0,23.88889,3
12,9,3,0,23.351465,43.134106,1.331812,5.6331096,0.48510787,0.0,0.0,0.0,23.333334,3
12,10,3,0,22.797886,45.023533,0.51048195,5.297928,0.35794342,0.0,0.0,0.0,22.777779,3
12,11,3,0,22.778355,45.45298,0.5093824,1.4388676,0.39509228,0.0,0.0,0.0,22.777779,3
12,12,3,0,22.777786,45.811802,0.5093824,0.0,0.21653047,0.0,0.0,0.0,22.777779,3
12,13,3,0,22.243504,47.70957,0.5115815,0.0,0.43192935,0.0,0.0,0.0,22.222221,3
12,14,3,0,21.700768,49.79788,0.5115815,0.71943367,0.71811986,0.0,0.0,0.0,21.666666,3
12,15,3,0,20.0728,55.303535,0.5115815,0.0,1.6391331,0.0,0.0,0.0,20.0,3
12,16,3,0,22.75695,47.11723,0.51048195,0.0,0.0,1.1808352,0.0,0.0,22.777779,3
12,17,3,0,23.875303,44.59902,0.51378053,0.0,0.0,1.0866927,0.0,0.0,23.88889,3
12,18,3,0,23.88889,45.49643,0.54818195,0.0,0.0,0.47919396,0.0,0.0,23.88889,3
12,19,3,0,23.88889,46.178852,0.550381,0.0,0.0,0.15519567,0.0,0.0,23.88889,3
12,20,3,0,24.43928,44.536976,0.5181786,0.0,0.0,0.30523926,0.0,0.0,24.444445,3
12,21,3,0,24.992157,43.33227,0.5170791,0.0,0.0,0.55656433,0.0,0.0,25.0,3
12,22,3,0,24.449476,45.025707,0.5159796,0.0,0.11556053,0.0,0.0,0.0,24.444445,3
12,23,3,0,24.444448,45.06099,0.51378053,0.0,0.0,0.19460097,0.0,0.0,24.444445,3
12,24,3,0,24.998034,43.594315,0.51048195,0.0,0.0,0.72440356,0.0,0.0,25.0,3
12,1,4,0,24.44956,45.28652,0.5093824,2.2341976,0.70550567,0.0,0.0,1.0,24.444445,3
12,2,4,0,24.444452,45.54638,0.5082829,0.0,0.0,0.39679745,0.0,1.0,24.444445,3
12,3,4,0,24.444445,45.522186,0.5071834,0.0,0.0,0.48539686,0.0,1.0,24.444445,3
12,4,4,0,24.987707,44.07241,0.50608385,0.0,0.0,0.90879923,0.0,1.0,25.0,3
12,5,4,0,24.999788,44.101208,0.5049844,0.0,0.0,0.8694821,0.0,1.0,25.0,3
12,6,4,0,24.999996,44.1441,0.5049844,0.0,0.0,0.8227965,0.0,1.0,25.0,3
12,7,4,0,25.0,44.218864,0.5071834,0.0,0.0,0.80386984,0.0,1.0,25.0,3
12,8,4,0,24.446995,45.687622,0.5093824,0.0,0.0,0.36937204,0.0,1.0,24.444445,3
12,9,4,0,24.444447,45.761463,0.51048195,0.0,0.0,0.20871392,0.0,1.0,24.444445,3
12,10,4,0,24.444445,45.81615,0.51048195,0.0,0.1748772,0.0,0.0,1.0,24.444445,3
12,11,4,0,24.444445,45.844208,0.98888046,0.0,0.6318375,0.0,0.0,1.0,24.444445,3
12,12,4,0,23.890688,47.358818,0.5093824,0.0,0.86093163,0.0,0.0,1.0,23.88889,3
12,13,4,0,24.444195,45.773148,1.014467,0.0,0.6728547,0.0,0.0,1.0,24.444445,3
12,14,4,0,24.444443,45.679058,0.5115815,0.0,0.6078402,0.0,0.0,0.0,24.444445,3
12,15,4,0,23.909506,47.040264,0.5115815,0.0,1.1712614,0.0,0.0,0.0,23.88889,3
12,16,4,0,22.828388,50.20201,0.51048195,0.0,2.1099803,0.0,0.0,0.0,22.777779,3
12,17,4,0,22.778389,49.957596,0.51378053,2.162788,1.5103463,0.0,0.0,0.0,22.777779,3
12,18,4,0,22.777779,49.51564,0.54818195,0.0,0.7688942,0.0,0.0,0.0,22.777779,3
12,19,4,0,22.777779,49.393494,0.550381,0.0,0.7987848,0.0,0.0,0.0,22.777779,3
12,20,4,0,22.777779,49.287666,0.5181786,0.0,0.69756997,0.0,0.0,0.0,22.777779,3
12,21,4,0,22.777779,49.208916,0.5170791,0.0,0.5628005,0.0,0.0,0.0,22.777779,3
12,22,4,0,23.332516,47.484684,0.5159796,0.0,0.18468437,0.0,0.0,0.0,23.333334,3
12,23,4,0,22.782745,49.008858,0.51378053,0.0,0.37934628,0.0,0.0,1.0,22.777779,3
12,24,4,0,22.230074,50.604126,0.51048195,0.0,0.4772043,0.0,0.0,1.0,22.222221,3
12,1,5,0,22.222265,50.571095,0.5093824,0.0,0.19627027,0.0,0.0,1.0,22.222221,3
12,2,5,0,22.222221,50.49519,0.5082829,0.0,0.0,0.027934935,0.0,1.0,22.222221,3
12,3,5,0,21.674717,51.9262,0.5071834,0.0,0.16627978,0.0,0.0,1.0,21.666666,3
12,4,5,0,21.666674,51.63523,0.50608385,0.0,0.0,0.06436069,0.0,1.0,21.666666,3
12,5,5,0,21.666666,51.52792,0.5049844,0.0,0.0,0.18605897,0.0,1.0,21.666666,3
12,6,5,0,21.666666,51.11533,0.5049844,0.0,0.0,0.3450158,0.0,1.0,21.666666,3
12,7,5,0,21.666666,50.98675,0.8472382,2.2151585,0.7823964,0.0,0.0,1.0,21.666666,3
12,8,5,0,21.666666,50.73882,0.97451687,0.0,0.0,0.16987994,0.0,1.0,21.666666,3
12,9,5,0,20.051622,55.820057,0.51048195,0.0,0.9718105,0.0,0.0,0.0,20.0,3
12,10,5,0,20.000423,55.748978,0.51048195,0.0,0.9833641,0.0,0.0,0.0,20.0,3
12,11,5,0,20.000002,55.519978,0.5093824,0.7224112,1.064912,0.0,0.0,0.0,20.0,3
12,12,5,0,20.0,55.4352,0.5093824,2.889593,1.2906543,0.0,0.0,0.0,20.0,3
12,13,5,0,20.0,55.29694,0.5115815,0.0,1.1025928,0.0,0.0,0.0,20.0,3
12,14,5,0,21.108807,51.549347,0.5115815,0.0,0.50205916,0.0,0.0,0.0,21.11111,3
12,15,5,0,19.90118,55.36446,0.5115815,0.0,1.6216542,0.0,0.0,0.0,19.833334,3
12,16,5,0,19.994177,54.933617,0.51048195,0.0,1.5643182,0.0,0.0,0.0,20.0,3
12,17,5,0,19.999952,54.258057,0.51378053,0.0,0.8098556,0.0,0.0,0.0,20.0,3
12,18,5,0,21.658537,48.41202,0.54818195,0.0,0.0,1.0215007,0.0,0.0,21.666666,3
12,19,5,0,22.220898,46.572887,0.550381,0.0,0.0,0.3576898,0.0,0.0,22.222221,3
12,20,5,0,22.776411,44.594143,0.5181786,0.0,0.0,0.535472,0.0,0.0,22.777779,3
12,21,5,0,22.777777,44.39933,0.5170791,0.0,0.0,0.3286667,0.0,0.0,22.777779,3
12,22,5,0,22.777779,44.23276,0.5159796,0.0,0.0,0.21173419,0.0,0.0,22.777779,3
12,23,5,0,23.328382,42.669044,0.51378053,0.0,0.0,0.5364605,0.0,1.0,23.333334,3
12,24,5,0,22.777851,43.77064,0.51048195,0.0,0.0,0.22157015,0.0,1.0,22.777779,3
12,1,6,0,20.073215,51.515182,0.5093824,0.0,1.2934071,0.0,0.0,1.0,20.0,3
12,2,6,0,20.003958,51.672394,0.5082829,0.0,0.66783226,0.0,0.0,1.0,20.0,3
12,3,6,0,20.000027,51.484932,0.5071834,0.0,0.3702962,0.0,0.0,1.0,20.0,3
12,4,6,0,20.0,51.1852,0.50608385,0.0,0.16636834,0.0,0.0,1.0,20.0,3
12,5,6,0,20.0,50.85492,0.5049844,0.0,0.058973234,0.0,0.0,1.0,20.0,3
12,6,6,0,20.0,50.491005,0.5049844,0.0,0.0,0.0113822045,0.0,1.0,20.0,3
12,7,6,0,20.0,50.075375,0.5071834,0.0,0.0,0.04299956,0.0,1.0,20.0,3
12,8,6,0,20.0,49.71673,0.97451687,0.0,0.14313221,0.0,0.0,1.0,20.0,3
12,9,6,0,20.0,49.275433,0.51048195,0.0,0.0,0.12533079,0.0,0.0,20.0,3
12,10,6,0,20.0,48.7718,0.51048195,0.0,0.0,0.19784178,0.0,0.0,20.0,3
12,11,6,0,20.0,48.648415,0.5093824,0.0,0.029163115,0.0,0.0,0.0,20.0,3
12,12,6,0,20.0,48.515537,0.5093824,0.7238246,0.056096923,0.0,0.0,0.0,20.0,3
12,13,6,0,20.0,48.381287,0.5115815,0.7238308,0.1090482,0.0,0.0,0.0,20.0,3
12,14,6,0,20.0,48.055134,0.5115815,0.0,0.13556936,0.0,0.0,0.0,20.0,3
12,15,6,0,20.0,47.77017,0.99984485,0.0,0.43758413,0.0,0.0,1.0,20.0,3
12,16,6,0,20.0,47.64814,0.51048195,0.0,0.23107044,0.0,0.0,0.0,20.0,3
12,17,6,0,20.0,47.000206,0.51378053,0.0,0.0,0.3800931,0.0,0.0,20.0,3
12,18,6,0,18.753141,50.255444,0.54818195,0.0,0.4072933,0.0,0.0,0.0,18.722221,3
12,19,6,0,19.829065,46.830887,0.550381,0.7238203,0.0,0.20046142,0.0,0.0,19.833334,3
12,20,6,0,19.999878,46.006157,0.5181786,0.0,0.0,0.029649662,0.0,0.0,20.0,3
12,21,6,0,20.0,45.871277,0.5170791,0.0,0.048790913,0.0,0.0,0.0,20.0,3
12,22,6,0,20.0,45.755398,1.1505989,0.0,0.323091,0.0,0.0,1.0,20.0,3
12,23,6,0,20.0,45.58935,1.017496,0.0,0.3127535,0.0,0.0,1.0,20.0,3
12,24,6,0,20.0,45.51997,0.51048195,0.0,0.024751663,0.0,0.0,1.0,20.0,3
12,1,7,0,20.0,45.352463,0.5093824,0.0,0.0,0.05531891,0.0,1.0,20.0,3
12,2,7,0,20.0,45.220776,0.5082829,0.0,0.0,0.22738817,0.0,1.0,20.0,3
12,3,7,0,20.0,45.068386,0.5071834,0.0,0.0,0.21090183,0.0,1.0,20.0,3
12,4,7,0,20.0,44.989414,0.50608385,0.0,0.0,0.3125082,0.0,1.0,20.0,3
12,5,7,0,20.0,44.75345,0.5049844,0.0,0.0,0.30982614,0.0,1.0,20.0,3
12,6,7,0,20.0,44.685158,0.5049844,0.0,0.0,0.36877254,0.0,1.0,20.0,3
12,7,7,0,20.0,44.494404,0.5071834,0.0,0.0,0.38745633,0.0,1.0,20.0,3
12,8,7,0,20.0,44.445053,0.5093824,0.0,0.0,0.39270428,0.0,1.0,20.0,3
12,9,7,0,20.605724,42.645096,0.9960497,0.0,0.0,0.6406075,0.0,1.0,20.61111,3
12,10,7,0,21.10268,41.294155,0.9944127,0.0,0.0,0.84440243,0.0,1.0,21.11111,3
12,11,7,0,21.111103,41.16956,0.98888046,0.0,0.0,0.5717814,0.0,1.0,21.11111,3
12,12,7,0,21.11111,41.144535,1.0001403,0.0,0.0,0.4431655,0.0,1.0,21.11111,3
12,13,7,0,21.11111,41.156193,1.014467,0.0,0.0,0.39668617,0.0,1.0,21.11111,3
12,14,7,0,21.11111,41.103752,1.0150925,1.4504212,0.0,0.2547539,0.0,1.0,21.11111,3
12,15,7,0,21.11111,40.89941,0.5115815,0.0,0.0,0.6066477,0.0,0.0,21.11111,3
12,16,7,0,21.11111,40.832775,0.51048195,1.4504219,0.0,0.4879484,0.0,0.0,21.11111,3
12,17,7,0,20.616999,41.828266,0.51378053,0.72521096,0.0,0.8076035,0.0,0.0,20.61111,3
12,18,7,0,21.105783,40.328194,0.54818195,0.0,0.0,1.2953632,0.0,0.0,21.11111,3
12,19,7,0,20.55662,41.629837,0.550381,0.0,0.0,0.272462,0.0,0.0,20.555555,3
12,20,7,0,20.555557,41.404392,0.5181786,0.0,0.0,0.30970553,0.0,0.0,20.555555,3
12,21,7,0,20.555555,41.360054,1.2639898,0.0,0.0,0.10486986,0.0,1.0,20.555555,3
12,22,7,0,19.532299,44.09361,1.1505989,0.0,0.6940207,0.0,0.0,1.0,19.5,3
12,23,7,0,19.997757,42.800346,0.51378053,0.0,0.0,0.19679248,0.0,1.0,20.0,3
12,24,7,0,20.0,42.761513,0.51048195,0.0,0.0,0.24164179,0.0,1.0,20.0,3
12,1,1,0,20.0,42.796787,0.5093824,1.4530832,0.0,0.34618995,0.0,1.0,20.0,3
12,2,1,0,20.0,42.809525,0.5082829,0.0,0.0,0.5497267,0.0,1.0,20.0,3
12,3,1,0,20.0,42.773987,0.5071834,0.0,0.0,0.54745114,0.0,1.0,20.0,3
12,4,1,0,20.0,42.79693,0.50608385,0.0,0.0,0.57158643,0.0,1.0,20.0,3
12,5,1,0,20.0,42.865406,0.5049844,0.0,0.0,0.6247074,0.0,1.0,20.0,3
12,6,1,0,20.0,42.916046,0.69533145,0.0,0.0,0.5270947,0.0,1.0,20.0,3
12,7,1,0,20.554815,42.058174,2.1412628,2.0070016,0.25624207,0.0,0.0,1.0,20.555555,3
12,8,1,0,21.102728,41.129406,0.5093824,0.0,0.0,1.4021211,0.0,0.0,21.11111,3
12,9,1,0,20.557487,42.441364,0.51048195,0.0,0.0,0.6062615,0.0,0.0,20.555555,3
12,10,1,0,20.555555,42.42784,0.51048195,0.7265379,0.0,0.2551954,0.0,0.0,20.555555,3
12,11,1,0,20.888689,41.638332,0.98888046,0.0,0.0,0.0640997,0.0,1.0,20.88889,3
12,12,1,0,21.665262,39.673958,1.0001403,0.0,0.0,0.6540013,0.0,1.0,21.666666,3
12,13,1,0,21.666664,39.495842,0.5115815,0.0,0.0,0.64791006,0.0,0.0,21.666666,3
12,14,1,0,21.666666,39.357212,0.5115815,0.0,0.0,0.38625714,0.0,0.0,21.666666,3
12,15,1,0,21.666666,39.259308,0.99984485,0.0,0.08139059,0.0,0.0,1.0,21.666666,3
12,16,1,0,21.666666,39.156742,1.0412455,1.4530815,0.28167757,0.0,0.0,1.0,21.666666,3
12,17,1,0,21.666666,38.80016,0.51378053,0.0,0.0,0.8484764,0.0,0.0,21.666666,3
12,18,1,0,21.666666,38.42335,0.54818195,0.0,0.0,0.93060523,0.0,0.0,21.666666,3
12,19,1,0,21.666666,37.98084,0.550381,0.0,0.0,0.31333518,0.0,0.0,21.666666,3
12,20,1,0,21.666666,37.975605,0.5181786,1.4530761,0.0,0.20523728,0.0,0.0,21.666666,3
12,21,1,0,21.666666,37.934895,0.5170791,0.0,0.0,0.3614033,0.0,0.0,21.666666,3
12,22,1,0,21.445198,38.46165,1.1505989,0.0,0.0953133,0.0,0.0,1.0,21.444445,3
12,23,1,0,22.76657,35.55085,1.017496,0.0,0.0,0.70331615,0.0,1.0,22.777779,3
12,24,1,0,21.677677,38.02702,0.7983128,0.0,0.14845335,0.0,0.0,1.0,21.666666,3
